Time,RT,P000,P001,P002,P003,P004,P005,P006,P007,P008,P009,P010,P011,P012,P013,P014,P015,P016,P017,P018,P019,P020,P021,P022,P023,P024,P025,P026,P027,P028,P029,P030,P031,P032,P033,P034,P035,P036,P037,P038,P039,P040,P041,P042,P043,P044,P045,P046,P047,P048,P049,P050,P051,P052,P053,P054,P055,P056,P057,P058,P059,P060,P061,P062,P063,P064,P065,P066,P067,P068,P069,P070,P071,P072,P073,P074,P075,P076,P077,P078,P079,P080,P081,P082,P083,P084,P085,P086,P087,P088,P089,P090,P091,P092,P093,P094,P095,P096,P097,P098,P099,P100,P101,P102,P103,P104,P105,P106,P107,P108,P109,P110,P111,P112,P113,P114,P115,P116,P117,P118,P119,P120,P121,P122,P123,P124,P125,P126,P127,P128,P129,P130,P131,P132,P133,P134,P135,P136,P137,P138,P139,P140,P141,P142,P143,P144,P145,P146,P147,P148,P149,P150,P151,P152,P153,P154,P155,P156,P157,P158,P159,P160,P161,P162,P163,P164,P165,P166,P167,P168,P169,P170,P171,P172,P173,P174,P175,P176,P177,P178,P179,P180,P181,P182,P183,P184,P185,P186,P187,P188,P189,P190,P191,P192,P193,P194,P195,P196,P197,P198,P199,P200,P201,P202,P203,P204,P205,P206,P207,P208,P209,P210,P211,P212,P213,P214,P215,P216,P217,P218,P219,P220,P221,P222,P223,P224,P225,P226,P227,P228,P229,P230,P231,P232,P233,P234,P235,P236,P237,P238,P239,P240,P241,P242,P243,P244,P245,P246,P247,P248,P249,P250,P251,P252,P253,P254,P255,P256,P257,P258,P259,P260,P261,P262,P263,P264,P265,P266,P267,P268,P269,P270,P271,P272,P273,P274,P275,P276,P277,P278,P279,P280,P281,P282,P283,P284,P285,P286,P287,P288,P289,P290,P291,P292,P293,P294,P295,P296,P297,P298,P299,P300,P301,P302,P303,P304,P305,P306,P307,P308,P309,P310,P311,P312,P313,P314,P315,P316,P317,P318,P319,P320,P321,P322,P323,P324,P325,P326,P327,P328,P329,P330,P331,P332,P333,P334,P335,P336,P337,P338,P339,P340,P341,P342,P343,P344,P345,P346,P347,P348,P349,P350,P351,P352,P353,P354,P355,P356,P357,P358,P359,P360,P361,P362,P363,P364,P365,P366,P367,P368,P369,P370,P371,P372,P373,P374,P375,P376,P377,P378,P379,P380,P381,P382,P383,P384,P385,P386,P387,P388,P389,P390,P391,P392,P393,P394,P395,P396,P397,P398,P399,P400,P401,P402,P403,P404,P405,P406,P407,P408,P409,P410,P411,P412,P413,P414,P415,P416,P417,P418,P419,P420,P421,P422,P423,P424,P425,P426,P427,P428,P429,P430,P431,P432,P433,P434,P435,P436,P437,P438,P439,P440,P441,P442,P443,P444,P445,P446,P447,P448,P449,P450,P451,P452,P453,P454,P455,P456,P457,P458,P459,P460,P461,P462,P463,P464,P465,P466,P467,P468,P469,P470,P471,P472,P473,P474,P475,P476,P477,P478,P479,P480,P481,P482,P483,P484,P485,P486,P487,P488,P489,P490,P491,P492,P493,P494,P495,P496,P497,P498,P499,P500,P501,P502,P503,P504,P505,P506,P507,P508,P509,P510,P511,P512,P513,P514,P515,P516,P517,P518,P519,P520,P521,P522,P523,P524,P525,P526,P527,P528,P529,P530,P531,P532,P533,P534,P535,P536,P537,P538,P539,P540,P541,P542,P543,P544,P545,P546,P547,P548,P549,P550,P551,P552,P553,P554,P555,P556,P557,P558,P559,P560,P561,P562,P563,P564,P565,P566,P567,P568,P569,P570,P571,P572,P573,P574,P575,P576,P577,P578,P579,P580,P581,P582,P583,P584,P585,P586,P587,P588,P589,P590,P591,P592,P593,P594,P595,P596,P597,P598,P599,P600,P601,P602,P603,P604,P605,P606,P607,P608,P609,P610,P611,P612,P613,P614,P615,P616,P617,P618,P619,P620,P621,P622,P623,P624,P625,P626,P627,P628,P629,P630,P631,P632,P633,P634,P635,P636,P637,P638,P639,P640,P641,P642,P643,P644,P645,P646,P647,P648,P649,P650,P651,P652,P653,P654,P655,P656,P657,P658,P659,P660,P661,P662,P663,P664,P665,P666,P667,P668,P669,P670,P671,P672,P673,P674,P675,P676,P677,P678,P679,P680,P681,P682,P683,P684,P685,P686,P687,P688,P689,P690,P691,P692,P693,P694,P695,P696,P697,P698,P699,P700,P701,P702,P703,P704,P705,P706,P707,P708,P709,P710,P711,P712,P713,P714,P715,P716,P717,P718,P719,P720,P721,P722,P723,P724,P725,P726,P727,P728,P729,P730,P731,P732,P733,P734,P735,P736,P737,P738,P739,P740,P741,P742,P743,P744,P745,P746,P747,P748,P749,P750,P751,P752,P753,P754,P755,P756,P757,P758,P759,P760,P761,P762,P763,P764,P765,P766,P767
2020-06-29 16:09:00.9776,0,24.04,27.15,25.35,24.99,24.35,23.87,24.52,25.4,25.48,25.78,25.06,25.75,25.42,25.82,25.88,26.94,25.74,25.65,25.92,26.27,25.86,26.3,25.68,26.74,26.02,27.33,26.67,26.21,26.46,27.13,25.12,29.69,25.7,26.1,26.62,25.52,24.08,24.97,25.34,25.44,25.09,25.32,25.47,25.18,25.8,25.56,25.86,26.2,26.04,26.81,25.84,25.8,25.63,25.95,26.03,25.92,25.96,26.96,26.42,26.59,27.79,27.34,26.42,26.94,25.93,26.16,25.22,26.25,25.0,23.77,24.95,25.43,24.91,25.12,24.86,25.09,25.56,25.84,25.98,25.54,25.55,25.98,25.51,26.64,25.91,25.85,25.63,26.19,25.47,26.62,26.62,26.54,26.42,27.42,26.95,27.7,25.62,24.98,24.93,25.22,25.39,24.74,25.16,25.31,24.99,24.97,25.11,24.88,25.85,25.08,26.13,25.27,26.34,25.3,25.6,26.09,26.55,25.49,26.18,26.15,26.06,26.16,25.7,26.22,25.99,25.88,27.52,27.65,25.27,26.27,24.67,25.36,24.87,24.98,24.62,25.36,25.28,25.07,25.06,25.42,25.19,25.21,25.57,25.03,25.87,26.05,25.6,25.81,26.03,25.94,26.39,25.83,26.42,25.83,25.64,25.9,26.55,26.52,26.04,27.91,25.57,25.59,25.14,24.72,25.3,24.86,25.44,24.8,25.08,25.3,25.28,25.11,24.91,24.64,25.17,25.57,25.42,25.75,25.87,25.72,26.17,25.79,26.25,26.47,25.61,26.5,26.47,26.23,26.24,26.5,26.61,27.63,25.28,25.05,25.06,24.5,25.36,25.36,25.07,25.39,25.37,25.36,24.81,25.36,24.32,25.03,25.35,25.07,25.07,25.42,26.04,25.79,25.94,25.31,26.39,26.48,26.42,26.92,26.49,26.7,26.72,27.42,26.73,26.54,25.73,26.29,25.0,24.51,24.93,24.7,25.7,25.25,26.14,25.33,25.09,25.22,24.79,24.86,25.05,25.77,25.37,25.73,26.25,25.82,26.74,25.97,26.52,26.51,26.75,26.42,25.99,26.15,27.27,26.87,26.59,26.75,25.98,24.61,25.2,25.05,24.8,26.13,25.49,24.63,25.66,25.33,25.08,25.42,25.1,24.96,25.77,25.63,25.97,25.56,25.33,26.02,25.65,26.58,25.74,26.53,26.92,26.29,27.03,27.0,26.66,25.88,26.68,26.96,27.01,25.62,25.92,24.82,25.2,25.11,25.73,25.25,25.61,25.11,25.28,25.35,24.65,24.94,25.84,26.13,25.4,25.16,26.03,26.04,25.64,26.29,26.26,26.4,26.23,26.71,27.01,26.26,26.46,26.85,26.41,27.25,26.75,26.18,25.28,24.99,25.47,26.2,24.91,25.95,25.78,25.53,25.2,25.5,25.07,25.24,25.65,26.06,25.63,25.63,25.81,26.45,25.94,26.76,26.38,26.89,26.33,25.95,26.79,26.79,26.17,26.61,26.72,27.03,25.59,26.05,25.38,25.23,25.82,26.1,25.7,25.76,25.72,25.66,25.34,25.29,24.74,25.16,26.23,26.42,25.62,25.69,26.04,25.57,25.78,26.1,26.16,26.61,26.84,26.02,26.52,26.51,26.55,26.7,26.58,27.14,27.84,26.6,25.42,25.64,24.76,25.38,25.28,25.89,25.98,25.18,25.34,25.36,25.31,25.32,25.87,26.49,25.77,25.76,25.92,26.3,26.09,25.98,26.5,26.68,26.55,26.58,26.96,26.54,27.04,26.89,26.6,26.53,29.01,26.76,25.96,25.86,24.9,25.56,25.41,25.78,25.71,25.31,25.24,25.4,25.55,25.77,25.96,26.07,25.77,25.74,26.01,26.29,25.45,25.96,25.76,26.46,26.47,26.66,26.51,26.71,27.1,27.06,27.57,27.23,26.21,25.97,24.87,25.27,25.19,26.66,25.54,25.48,25.94,25.8,25.39,26.3,25.49,25.57,26.08,26.02,26.47,25.85,25.91,25.98,25.97,25.99,26.1,26.0,26.48,26.81,26.37,26.42,27.07,26.91,27.04,26.62,26.39,26.1,25.12,25.58,26.13,25.03,25.66,25.72,25.73,25.62,25.7,25.89,25.93,25.64,26.3,26.25,25.81,25.75,26.2,26.16,26.31,26.26,26.19,26.85,26.3,26.27,26.36,26.93,27.35,26.66,27.11,27.86,25.71,25.19,25.45,25.07,25.37,25.8,25.84,25.75,25.56,25.85,25.81,25.89,25.36,25.79,25.88,25.77,25.88,25.61,26.11,26.22,25.88,26.34,26.69,25.83,26.19,26.31,26.13,26.44,26.42,27.54,26.67,26.98,25.12,25.4,25.66,26.27,25.86,26.02,25.73,25.95,25.7,25.84,25.95,25.48,25.35,25.87,25.72,25.92,25.65,25.68,25.77,26.06,26.33,26.53,26.35,26.11,26.46,26.65,26.71,26.99,26.24,27.07,27.35,27.24,26.07,24.6,25.46,25.37,25.89,25.58,25.44,25.67,25.34,25.83,25.22,25.66,25.55,25.71,25.2,26.38,25.55,25.78,25.49,25.98,26.16,26.03,25.58,26.46,26.48,26.69,26.25,26.46,26.87,26.12,26.53,27.96,25.93,25.4,25.76,26.39,25.69,25.81,25.72,25.82,25.7,26.0,25.9,25.61,26.08,25.97,25.92,26.28,25.65,26.08,26.06,25.87,25.94,26.18,26.27,26.17,26.68,26.88,26.4,26.88,26.8,26.89,26.72,27.71,25.36,25.91,25.87,25.42,25.4,25.7,25.55,26.35,25.22,26.0,25.16,25.32,25.05,25.58,25.79,26.06,25.78,25.76,25.84,26.29,25.92,26.3,26.53,26.69,26.52,26.26,26.43,26.93,27.3,25.84,27.17,27.95,26.26,25.37,25.84,25.04,25.11,25.57,26.0,26.46,26.08,26.2,25.59,25.7,25.29,25.4,25.69,25.45,25.73,25.75,26.24,26.37,25.98,26.73,26.22,26.77,26.27,26.54,26.67,26.17,27.71,27.5,27.61,26.88,24.95,26.79,25.69,26.0,25.27,25.99,25.58,25.53,25.85,25.97,25.62,25.58,25.49,25.69,24.91,25.44,25.42,26.02,25.18,26.18,25.84,26.31,25.77,25.89,25.77,25.22,24.45,25.67,26.64,26.4,27.48,27.93,26.07,26.1,26.36,26.09,25.4,24.41,24.95,25.41,25.45,25.43,25.75,24.65,25.49,25.38,25.38,25.39,25.43,25.22,24.97,26.32,26.3,25.71,26.18,26.32,25.86,25.97,25.84,25.95,26.89,26.87,27.57,29.42
2020-06-29 16:09:01.0555,0,27.05,27.97,25.89,25.9,23.6,24.43,24.89,24.54,25.82,25.32,25.97,25.31,26.0,26.09,25.35,25.02,26.02,26.18,25.81,25.84,26.16,26.3,26.16,26.27,26.7,26.66,26.32,26.78,27.68,26.55,31.45,26.36,26.11,26.81,25.71,25.75,23.51,24.1,24.32,25.79,25.39,25.64,25.33,26.03,26.19,26.11,25.6,25.96,25.78,25.29,25.84,26.36,26.03,25.97,26.02,26.24,27.05,26.33,27.13,26.07,27.37,26.65,26.41,29.84,27.12,26.88,26.03,26.24,25.53,24.44,24.97,24.51,25.21,24.84,25.15,24.83,25.7,25.6,25.64,26.02,26.29,26.34,25.9,25.65,25.81,26.73,25.37,25.78,26.36,26.76,26.64,26.71,25.9,27.22,28.08,26.62,26.12,26.11,24.92,25.81,25.22,25.09,25.01,25.04,24.98,25.12,24.6,25.28,25.73,25.35,25.66,25.06,25.87,25.79,25.36,26.7,26.18,25.63,26.31,26.71,26.05,26.18,26.17,26.08,26.51,26.45,26.08,26.52,26.35,26.06,24.88,24.65,24.89,24.67,24.64,24.68,24.67,24.94,25.2,25.18,25.33,25.32,25.81,25.37,25.78,25.61,25.95,26.14,26.16,25.94,26.66,26.32,26.44,26.5,26.24,26.51,25.92,26.68,26.87,27.46,25.77,25.61,25.14,25.6,25.15,25.78,24.88,24.83,25.69,25.94,25.39,25.71,24.91,25.54,25.5,26.34,25.63,25.23,25.97,26.29,26.4,25.81,25.65,26.25,26.51,26.26,26.32,26.25,26.07,26.69,26.41,26.64,25.69,25.42,24.91,24.67,24.65,25.49,25.36,25.38,25.88,25.25,25.06,25.24,24.44,25.14,25.47,24.97,25.19,25.31,25.65,25.58,26.6,26.06,26.18,26.36,26.45,26.17,26.37,25.98,26.74,26.95,26.22,26.53,25.73,25.4,24.01,25.17,25.36,25.27,25.18,25.15,25.55,25.47,25.3,25.79,24.89,25.09,25.45,25.49,25.47,25.26,25.76,25.84,26.01,26.3,25.98,26.53,26.75,25.83,26.25,27.28,27.12,26.74,26.76,27.5,26.36,25.49,25.54,24.42,25.23,25.86,26.0,25.24,25.35,25.66,25.85,25.52,25.12,25.44,25.7,25.72,25.42,25.27,26.31,26.11,25.87,26.58,26.61,26.53,26.03,26.53,26.28,26.47,26.39,26.47,27.37,26.26,26.66,25.48,25.6,25.46,25.6,25.66,25.12,25.63,25.72,25.56,25.07,25.47,25.42,25.06,25.65,25.78,25.68,25.46,25.55,25.87,26.31,26.31,26.26,26.63,26.79,26.38,26.5,27.06,26.46,26.87,26.07,27.44,26.43,26.34,25.93,25.6,25.76,25.68,25.53,25.24,25.58,25.42,25.23,25.4,25.28,24.86,25.76,25.78,25.65,25.62,26.02,26.16,26.25,26.18,26.3,26.47,27.12,26.64,26.69,26.53,26.46,26.89,26.58,26.69,25.94,25.91,25.68,26.46,25.68,25.86,25.46,25.78,25.72,25.68,25.04,25.81,25.31,25.37,25.31,26.53,25.89,26.27,25.76,26.25,25.49,26.12,26.05,26.84,26.07,26.16,26.64,26.66,27.09,27.29,26.1,27.0,27.86,26.6,26.35,25.63,25.7,25.12,25.54,25.42,25.9,25.49,25.46,25.46,25.52,25.6,26.17,25.94,26.07,26.32,26.13,26.02,26.11,26.08,26.62,26.27,26.13,26.92,26.85,26.53,26.93,26.74,27.27,27.19,27.83,27.28,24.74,26.18,25.29,25.83,25.77,26.03,25.5,25.65,25.24,25.92,25.45,25.98,26.33,26.36,26.32,26.04,26.1,26.04,25.74,26.17,25.97,26.48,26.24,26.79,26.51,27.36,26.96,26.52,27.08,26.93,27.29,27.0,26.29,25.26,26.15,25.5,26.39,25.95,25.75,25.16,26.02,26.2,25.9,25.85,26.1,25.93,25.66,25.85,26.69,26.26,25.79,25.98,26.01,26.64,26.5,26.23,27.15,26.42,27.24,26.76,28.04,26.78,26.74,25.95,25.58,25.3,26.0,26.73,25.66,25.51,25.62,25.54,25.08,25.71,26.12,25.57,26.3,26.18,26.27,26.33,26.19,26.28,26.01,25.78,25.57,26.44,26.64,26.17,26.1,26.69,27.49,26.54,27.6,27.21,25.92,25.72,25.96,25.69,26.36,25.53,25.61,26.0,25.58,26.39,25.72,26.41,25.78,25.3,25.61,26.16,25.81,25.8,26.33,26.01,25.9,26.34,26.28,26.16,26.44,26.07,26.15,26.16,26.44,27.08,27.89,27.67,26.59,25.78,25.98,25.51,26.55,25.36,26.1,25.6,25.81,26.08,25.51,25.61,25.05,25.9,25.62,26.14,25.35,25.41,26.06,26.19,26.33,26.14,26.24,26.9,26.57,26.31,26.84,26.46,27.27,27.39,26.48,28.14,26.28,25.35,25.49,25.53,25.48,25.57,26.64,25.67,25.84,26.06,25.58,25.88,26.09,25.4,26.15,25.55,25.77,25.77,25.72,26.39,26.5,26.03,26.18,26.58,26.13,26.18,26.41,26.6,26.74,25.96,26.91,27.4,25.73,25.99,25.07,25.92,25.83,25.55,25.98,27.02,25.94,25.79,25.44,26.53,25.87,26.31,25.61,25.99,26.16,26.21,25.96,26.31,25.61,26.09,25.79,26.43,26.67,26.52,25.97,26.32,26.8,26.28,27.44,27.93,27.04,26.5,26.07,25.24,25.58,25.08,26.28,25.79,25.5,26.25,25.18,25.44,25.76,25.69,25.93,25.95,26.14,25.76,25.63,26.06,26.18,26.06,26.18,26.31,26.14,26.4,26.3,26.92,26.99,27.22,28.36,27.74,26.25,26.21,26.39,24.88,25.1,25.43,26.14,26.62,25.42,25.97,24.72,26.21,25.4,25.54,25.8,25.82,25.61,25.66,26.01,26.51,26.22,26.03,26.6,26.02,26.13,26.29,25.75,27.3,26.88,27.18,28.2,26.91,26.48,26.34,25.91,24.63,25.63,25.16,26.07,25.99,26.01,25.83,25.64,25.05,25.51,25.44,25.06,25.93,25.45,25.41,25.71,25.93,26.5,25.65,25.79,26.03,25.94,25.67,25.31,26.35,27.02,26.77,27.97,27.92,26.34,25.16,25.95,25.32,24.87,24.95,26.07,25.75,25.44,25.46,25.34,25.49,25.62,24.89,24.87,26.04,25.56,26.11,25.09,26.09,25.52,26.01,25.48,26.2,25.7,26.15,25.83,25.97,26.34,27.08,26.76,26.81
2020-06-29 16:09:01.2024,0,27.9,28.3,25.51,25.36,25.4,23.96,24.76,25.65,26.47,25.84,25.84,25.51,25.73,25.59,26.32,25.89,26.69,26.08,26.51,26.17,26.46,26.21,27.1,26.96,26.89,26.9,27.12,26.5,27.79,26.18,29.64,27.64,27.66,26.68,25.63,26.05,23.98,24.51,24.41,24.51,25.15,25.8,25.38,25.49,25.57,26.38,26.03,26.49,25.82,26.32,26.28,26.1,25.81,26.26,26.08,26.42,25.71,27.18,27.04,27.4,27.28,27.48,27.22,28.0,26.12,26.55,25.51,25.57,25.74,24.18,24.69,25.78,25.5,25.43,24.76,24.87,25.58,25.38,25.87,25.81,26.04,25.77,26.02,25.19,26.06,25.63,26.87,26.24,27.09,26.67,26.51,26.62,27.2,27.32,27.41,27.61,27.54,26.42,25.03,26.05,25.45,24.96,24.77,25.06,25.16,25.92,24.63,24.78,25.87,25.82,25.46,25.4,25.55,26.01,25.86,26.11,26.09,25.75,25.56,26.58,25.54,26.49,25.61,26.61,26.59,27.24,27.43,26.97,27.07,25.77,25.3,25.45,25.23,24.43,25.08,25.27,25.56,24.98,25.19,24.74,25.53,25.56,25.8,25.27,25.88,25.96,26.38,26.05,26.27,26.07,26.29,26.11,26.32,26.81,25.97,25.65,26.12,26.59,27.15,27.82,25.27,26.07,25.05,24.61,24.91,25.06,24.65,25.5,25.48,25.32,25.3,25.12,25.03,25.2,25.4,25.46,25.64,25.54,25.34,26.05,26.19,26.13,25.44,26.6,26.03,26.39,26.8,27.16,26.14,26.4,26.9,26.31,26.52,25.52,24.45,25.07,25.84,25.26,26.14,25.03,25.75,24.81,24.71,24.48,24.84,25.04,25.66,25.18,25.77,25.12,25.94,25.8,26.16,26.29,26.62,26.04,25.83,26.45,26.38,26.89,26.92,27.01,27.16,26.45,26.2,25.82,25.07,24.89,24.55,25.01,25.09,25.53,25.58,25.79,25.53,25.66,24.49,25.67,25.06,25.76,25.57,26.03,25.76,26.32,25.71,26.7,26.1,26.4,26.3,26.44,26.03,27.02,26.28,27.08,26.32,27.73,26.06,25.75,25.42,25.11,25.24,26.03,24.76,25.27,25.67,25.46,25.72,25.22,25.09,24.57,26.05,25.63,25.87,25.08,26.19,26.02,25.94,25.99,25.75,26.22,26.59,25.84,26.8,26.78,26.7,26.53,26.91,26.86,26.74,26.37,24.89,25.33,25.78,25.14,24.9,25.5,25.52,25.55,25.6,25.14,25.23,25.51,25.84,25.93,25.97,25.71,25.65,26.32,26.22,26.38,26.27,26.72,26.69,26.72,26.16,26.02,26.79,27.62,27.48,26.63,27.17,25.74,25.33,25.66,25.5,25.59,25.64,25.51,26.0,25.01,25.4,25.1,25.16,25.24,26.1,25.32,26.07,25.53,26.36,26.16,26.7,26.57,26.59,26.59,26.56,26.43,26.69,26.7,27.17,26.09,27.27,25.93,25.5,25.95,25.44,25.88,25.33,25.86,25.01,25.77,25.84,25.55,25.44,25.08,25.12,25.53,26.04,26.04,25.98,25.96,26.13,26.79,26.07,26.19,26.17,27.03,25.76,26.6,26.79,26.02,27.0,27.02,26.33,26.71,27.56,27.51,26.08,25.84,25.96,25.03,25.42,24.98,25.88,25.5,25.54,25.86,25.2,25.89,26.14,26.49,26.13,25.58,26.55,25.65,26.27,25.99,26.6,26.49,26.89,26.6,26.73,26.44,27.22,26.79,27.48,27.1,29.08,27.83,25.56,25.46,25.33,25.83,25.32,26.14,25.3,25.52,25.85,25.7,25.73,25.95,25.77,26.42,25.58,26.1,25.55,26.19,25.36,26.15,25.88,26.36,26.81,26.67,26.79,26.73,26.03,27.66,26.01,28.28,28.22,26.22,25.08,25.62,26.29,26.18,25.79,25.74,25.94,25.39,25.79,26.01,25.96,25.47,26.53,26.02,26.46,25.57,26.19,26.17,25.76,26.19,26.3,26.23,27.39,26.83,27.03,26.59,27.96,26.67,27.43,26.86,26.12,26.51,25.8,25.93,26.04,25.18,25.57,26.33,25.63,25.62,25.19,26.3,25.45,25.54,26.39,26.53,26.27,26.02,25.91,26.25,26.02,26.16,25.79,26.42,26.2,26.63,26.01,26.83,26.83,26.99,27.51,27.42,27.07,25.81,25.35,25.29,26.64,26.11,25.49,25.91,25.91,25.31,26.55,26.32,25.36,25.21,25.39,25.87,25.87,25.61,26.3,26.12,26.39,26.25,26.37,26.51,26.78,26.93,27.09,26.62,27.05,26.39,28.45,27.93,25.4,25.83,24.43,26.01,25.77,25.64,25.0,25.97,25.6,25.95,25.1,26.12,25.56,25.67,25.63,25.82,25.65,25.68,25.67,25.96,26.13,26.43,26.04,26.34,26.6,26.43,26.75,27.02,26.88,26.97,27.08,28.01,26.92,25.07,25.02,26.09,26.07,25.76,25.6,26.23,26.65,26.2,25.45,25.57,26.07,25.83,25.72,25.46,26.06,26.29,26.53,25.67,26.27,25.72,26.17,26.84,26.25,25.96,26.42,26.79,26.92,26.18,27.86,28.61,24.86,25.48,25.66,25.63,25.74,25.85,26.29,25.85,26.09,26.49,25.12,26.29,25.88,25.87,26.04,26.28,25.55,25.88,26.18,26.29,25.95,26.3,26.17,26.42,26.33,26.13,26.45,26.34,27.02,27.1,26.81,28.36,27.32,25.82,26.13,25.16,26.08,26.07,26.57,25.98,26.27,25.4,25.78,25.95,26.42,25.37,26.25,26.42,26.01,25.56,25.85,26.42,26.05,26.91,26.55,26.72,26.41,26.3,27.08,26.22,27.85,26.79,26.87,28.26,26.38,25.88,25.94,25.47,25.17,26.39,26.33,26.21,25.19,26.22,25.25,25.96,25.2,25.99,25.93,25.69,25.29,26.55,26.37,25.8,26.01,26.63,26.26,26.41,25.9,26.16,25.51,26.39,27.13,28.09,27.52,28.51,26.85,24.47,26.18,25.52,26.19,25.07,25.94,25.59,26.03,25.74,25.51,24.96,25.38,25.22,25.55,25.59,26.17,25.68,25.96,25.96,26.25,26.09,25.94,26.79,25.82,25.58,25.68,26.09,27.43,26.3,29.01,28.97,27.1,26.48,25.66,26.19,25.83,26.35,25.34,26.25,25.78,25.9,24.98,25.23,25.66,25.53,25.54,26.04,25.09,26.23,26.03,26.22,26.08,26.42,26.37,27.08,26.06,25.71,25.41,26.37,25.7,27.91,28.01,28.34
2020-06-29 16:09:01.3117,0,29.93,26.33,26.65,25.24,24.75,25.74,26.08,25.59,25.64,26.24,26.83,25.91,25.84,25.7,25.75,25.32,26.14,26.32,26.76,25.86,26.71,26.74,27.06,26.29,27.65,26.34,27.6,26.61,27.42,27.72,28.62,24.38,25.72,27.47,25.51,26.16,24.65,24.62,23.83,25.94,25.85,25.32,25.06,26.15,26.08,26.36,25.74,26.6,26.19,25.66,25.99,26.75,25.91,26.1,26.33,26.83,26.6,26.64,26.61,27.51,27.39,26.88,26.89,30.96,28.26,25.94,26.61,25.68,25.18,24.63,25.26,24.99,25.33,24.86,25.39,24.72,25.93,25.73,25.98,25.19,25.56,26.59,26.61,26.04,26.78,26.12,26.44,25.66,26.63,26.33,26.78,26.56,27.14,27.43,28.35,27.36,26.9,26.53,25.52,26.35,25.56,25.39,25.03,25.03,24.87,25.5,24.74,25.39,25.27,25.69,25.33,25.98,25.89,26.35,25.85,26.45,25.48,26.48,25.67,26.29,26.49,26.02,25.87,26.56,26.52,26.44,26.58,28.52,26.55,26.08,26.32,25.38,25.18,25.14,25.05,24.14,25.42,24.83,25.42,25.08,25.2,25.34,26.02,25.38,25.44,25.96,25.94,25.25,27.06,26.18,26.52,25.72,26.69,26.65,26.66,26.06,26.72,27.37,27.06,26.59,26.19,25.4,24.98,25.07,25.01,24.87,25.18,25.88,25.22,25.31,25.29,25.69,24.82,25.42,25.18,26.43,25.64,26.28,25.55,26.49,26.85,25.79,25.9,26.95,26.14,27.02,26.19,27.56,27.04,26.51,26.43,27.44,26.44,26.0,24.9,24.85,25.66,25.93,26.38,25.4,25.74,25.49,25.59,25.26,25.27,24.94,25.25,25.29,25.67,25.63,26.15,25.91,26.59,25.97,26.28,25.91,26.19,26.19,26.76,26.57,26.73,26.65,26.56,27.3,25.74,26.3,24.53,25.8,25.09,25.26,25.71,26.02,25.1,25.68,25.1,25.99,24.49,25.07,25.37,25.77,25.48,25.84,25.57,26.53,26.65,25.97,25.88,26.85,26.88,26.92,26.4,26.99,26.69,26.72,26.25,27.85,27.06,26.03,25.53,24.59,25.63,25.47,25.12,25.13,25.89,26.0,25.62,25.12,25.39,25.26,26.06,26.03,26.07,26.04,26.01,25.93,26.25,26.39,26.6,26.54,26.7,26.3,27.29,26.09,26.38,26.49,27.69,27.14,26.85,25.63,25.15,25.6,26.02,25.11,25.01,25.74,25.4,25.66,25.4,25.66,25.14,25.33,25.2,26.04,25.69,25.82,25.95,26.23,26.04,26.98,26.27,27.04,26.58,26.83,26.14,27.18,27.46,27.29,26.43,27.76,26.76,26.7,26.07,25.15,26.27,25.56,25.75,25.38,26.11,25.75,25.41,25.41,25.17,25.15,26.3,25.89,26.18,25.73,26.28,26.27,26.04,26.58,26.69,25.84,26.55,26.54,26.43,26.68,27.0,26.91,27.54,26.37,26.13,26.23,25.7,25.69,25.7,25.98,25.12,26.46,25.95,25.77,25.15,25.89,25.13,25.45,26.42,26.7,25.54,25.51,25.58,26.05,25.99,26.39,25.97,26.4,26.96,26.82,26.29,26.39,27.11,26.43,27.24,28.13,27.84,27.28,26.34,25.35,25.42,25.52,26.01,25.44,26.2,25.71,25.55,25.28,25.78,25.8,26.43,26.32,26.24,25.96,26.02,25.85,26.09,25.9,26.6,25.87,27.32,26.48,26.96,26.8,27.19,27.6,27.91,26.71,27.67,27.94,25.22,26.45,25.7,25.94,25.31,25.55,25.51,25.74,25.55,25.71,25.56,25.68,26.06,26.62,25.51,26.11,25.93,26.11,25.46,25.87,26.19,26.57,26.26,27.34,26.53,26.97,27.39,27.77,26.77,27.9,27.45,27.19,26.27,25.13,26.27,26.03,26.62,25.49,26.26,26.23,26.1,25.91,25.78,25.77,26.46,26.13,26.66,26.05,26.49,26.18,25.87,25.9,26.72,26.01,26.37,26.71,26.88,26.57,27.79,27.21,27.37,26.63,26.59,26.1,25.29,26.49,26.15,25.56,25.68,26.55,25.85,24.98,25.51,26.1,25.84,25.65,25.66,26.54,26.38,26.13,25.83,26.45,26.23,26.27,26.0,26.96,26.65,26.74,25.99,27.33,26.65,26.67,27.29,28.03,26.09,25.91,25.78,25.4,26.48,25.81,26.34,26.01,25.68,25.86,25.81,26.11,25.27,25.41,26.27,25.78,26.27,26.59,26.6,26.23,25.99,26.25,27.12,26.07,26.89,26.32,26.54,26.45,27.16,27.4,27.19,26.12,25.32,25.41,24.7,25.8,26.15,26.02,25.74,26.57,25.71,26.39,25.64,26.23,25.37,25.28,25.34,26.72,25.37,25.89,25.78,26.67,26.75,26.64,26.14,27.0,26.71,26.66,26.72,26.86,26.7,27.08,26.84,27.95,27.03,25.55,25.97,25.06,26.04,26.29,26.5,25.3,26.29,26.08,26.01,25.45,26.18,26.04,25.72,25.67,25.86,25.79,26.12,26.5,26.06,26.26,26.05,26.59,26.61,25.94,26.39,26.32,27.8,27.07,28.51,28.34,26.33,25.97,25.77,25.74,26.0,25.82,25.73,26.36,26.31,25.89,25.57,26.18,25.78,25.77,25.73,26.71,25.66,26.29,26.18,26.19,26.28,26.85,25.81,26.42,26.31,26.76,25.99,26.88,26.97,27.84,27.1,28.1,26.82,26.32,26.6,25.09,25.88,26.18,26.26,26.22,25.48,26.01,25.65,25.22,25.63,25.48,26.36,25.74,26.23,25.88,26.41,25.84,26.63,26.32,27.41,26.32,26.92,26.0,26.59,25.39,26.65,26.72,28.35,27.15,26.06,25.79,25.67,25.93,25.92,26.35,25.29,26.04,25.57,26.33,25.11,25.83,26.0,25.98,25.25,26.15,26.08,26.1,26.37,26.49,26.23,26.14,25.72,26.52,26.15,26.27,26.38,27.6,27.4,27.68,27.22,27.76,26.96,26.8,25.9,25.04,25.62,25.34,26.05,25.86,26.14,26.54,26.29,25.99,25.75,25.71,26.15,25.45,26.04,24.95,26.56,25.94,26.1,25.8,25.91,26.33,25.78,25.38,25.96,26.03,26.82,26.6,27.96,29.07,26.09,27.79,24.96,27.09,25.76,25.62,24.48,25.57,25.03,25.73,25.36,25.75,25.9,25.38,25.27,25.78,25.7,25.23,25.5,26.2,25.93,26.53,26.2,27.05,26.17,26.29,24.51,26.82,25.99,27.07,28.12,30.09
2020-06-29 16:09:01.4406,0,27.53,26.74,26.14,25.69,25.33,24.62,25.91,25.24,25.8,26.09,25.81,25.61,26.67,26.37,26.16,25.86,26.41,25.79,26.35,26.13,26.71,26.73,27.06,27.06,26.52,27.17,27.6,26.22,27.9,27.99,29.19,29.72,28.97,26.8,26.4,26.17,25.38,25.51,24.68,25.45,26.14,25.92,25.62,25.47,26.2,26.36,26.0,26.21,26.56,25.79,25.98,26.35,26.04,26.79,25.74,26.53,27.06,27.29,26.61,26.42,26.76,27.6,28.2,31.52,28.54,26.41,25.82,25.48,25.85,25.45,24.81,25.13,25.89,25.53,25.0,25.1,26.05,25.85,25.99,25.42,26.15,26.23,26.25,26.52,26.78,25.86,26.04,25.79,27.2,26.18,26.95,27.22,27.14,28.17,28.07,28.41,26.89,27.41,25.71,25.23,26.04,25.72,24.72,26.34,24.99,25.38,25.24,25.39,26.09,25.93,26.14,26.1,26.45,26.47,26.55,26.34,26.43,26.36,26.32,27.09,25.92,27.03,27.12,26.89,27.21,27.35,27.05,28.24,26.34,27.46,24.87,25.19,25.65,25.44,25.2,24.96,26.05,25.7,25.42,25.31,25.75,26.11,25.69,25.82,26.53,26.17,26.05,25.81,26.03,25.94,26.76,25.83,26.56,26.51,26.23,26.36,26.56,26.19,26.66,28.35,27.0,25.8,25.5,25.93,25.76,25.76,24.75,25.35,25.82,25.8,25.74,25.7,25.57,25.53,25.72,25.69,25.85,26.39,26.09,26.28,26.62,26.13,26.25,26.11,26.65,26.77,26.9,27.27,26.56,27.66,27.19,28.05,27.2,25.8,25.4,25.17,25.95,25.64,25.47,25.39,26.1,25.71,25.37,25.25,24.96,25.45,25.77,25.28,25.88,26.03,26.15,25.9,26.27,26.28,26.95,26.14,26.91,27.05,27.3,26.28,26.58,27.58,26.74,28.03,27.78,25.93,25.49,25.96,26.08,25.67,25.7,25.77,25.33,25.9,24.88,25.01,24.69,25.68,25.56,25.77,26.06,26.04,25.56,26.23,26.64,26.5,26.2,26.74,26.99,27.04,26.52,27.54,26.68,26.73,26.59,27.85,27.42,26.02,25.53,26.3,25.76,25.33,25.62,25.49,26.34,25.78,25.73,25.53,25.49,25.84,26.07,26.11,25.98,25.66,26.4,26.51,26.65,26.59,26.28,26.43,26.7,26.53,27.42,27.01,27.24,26.48,26.86,27.14,27.02,26.83,26.54,25.29,26.01,25.25,25.98,26.22,25.84,25.77,25.8,26.07,25.23,25.05,25.38,26.24,25.59,26.01,26.22,26.33,26.42,26.59,26.78,26.41,27.02,26.6,26.38,27.57,26.46,27.59,27.08,27.26,27.11,27.03,25.6,25.91,25.88,25.69,25.64,25.6,26.44,25.85,25.41,25.5,25.66,25.43,26.4,25.97,26.0,26.0,26.66,26.17,26.62,26.67,26.59,26.37,27.0,26.87,26.55,26.28,27.01,27.32,27.86,27.37,26.48,25.89,26.16,26.14,25.95,25.85,25.46,25.41,25.51,25.88,25.64,25.59,25.6,25.26,25.96,26.15,26.35,26.07,26.23,26.34,26.74,26.49,26.06,26.93,26.95,26.94,26.89,26.9,27.1,27.41,26.43,27.32,27.67,26.94,25.43,25.49,26.07,25.64,26.13,25.55,26.2,25.49,25.65,25.47,25.6,26.27,26.34,26.5,26.51,26.14,26.3,26.31,25.71,26.18,26.19,26.48,26.78,27.27,27.83,27.18,27.6,27.45,27.26,27.03,28.68,27.6,26.11,26.31,25.82,26.07,25.9,26.02,25.83,26.26,25.65,26.0,25.74,26.06,26.06,26.53,26.23,26.67,26.19,26.12,25.74,25.87,25.97,26.57,26.69,26.78,26.89,27.6,27.65,27.77,27.09,27.9,27.63,26.67,26.12,25.87,27.07,26.15,25.66,26.07,26.16,26.33,25.8,25.9,25.88,25.38,26.37,26.59,26.48,26.14,26.49,26.55,26.07,25.89,26.21,26.65,27.16,27.27,26.89,26.95,27.79,27.78,26.88,27.47,26.93,26.79,24.82,25.59,26.67,26.59,25.43,25.61,25.63,26.05,26.11,25.9,25.35,25.84,26.31,26.07,26.74,25.94,26.39,26.17,26.51,26.37,25.99,27.18,26.87,26.86,26.24,26.68,26.93,27.97,27.28,27.53,26.82,26.08,25.94,25.08,26.48,26.21,26.09,25.51,26.14,26.07,25.71,25.58,26.07,25.9,26.08,25.97,26.56,26.0,26.7,26.42,26.6,26.55,26.37,26.28,27.23,26.91,26.67,26.58,27.45,27.54,26.85,27.16,26.42,26.83,25.35,25.49,26.01,26.3,25.73,25.71,25.82,26.18,25.95,26.23,25.56,25.78,26.32,26.32,26.14,25.89,26.17,26.07,26.64,26.54,26.14,26.12,27.16,26.54,27.12,27.13,27.27,26.93,27.53,27.6,26.27,25.73,25.64,25.38,26.04,25.44,26.5,25.81,25.82,26.53,26.01,26.33,27.12,25.72,26.34,26.07,26.06,26.39,26.23,26.29,26.48,27.12,26.62,27.05,27.35,26.82,26.54,27.32,27.8,26.59,27.97,28.34,27.28,26.16,25.25,26.07,26.13,25.97,26.52,26.23,26.54,26.25,25.79,25.95,25.87,25.98,25.93,26.09,26.68,26.09,26.6,25.88,26.8,26.52,26.85,26.42,26.06,27.02,26.69,26.89,27.12,27.37,27.81,28.48,27.03,26.91,26.79,25.95,25.88,26.48,26.12,25.8,26.0,26.13,25.53,25.93,26.31,26.14,25.91,25.73,26.23,26.32,25.84,26.52,26.51,26.54,27.04,25.81,26.66,26.67,27.04,26.47,27.14,27.91,28.93,27.55,26.27,26.4,26.96,25.94,25.91,26.2,25.72,26.33,26.21,26.21,25.6,25.47,25.99,26.21,25.69,25.81,26.07,26.1,26.24,26.49,26.23,26.62,26.23,26.91,26.68,25.44,25.61,26.5,27.56,28.2,28.21,28.2,28.19,27.46,25.9,26.4,25.79,26.0,25.74,26.62,26.0,26.67,25.89,25.85,25.24,25.7,25.29,26.31,26.28,25.66,25.82,26.19,26.49,26.97,25.64,26.46,26.51,26.29,25.46,25.85,27.54,27.15,27.96,27.94,28.03,26.12,26.57,26.7,26.44,26.47,25.44,25.89,26.17,26.15,25.76,26.02,26.02,25.9,25.89,26.03,26.19,25.85,26.39,25.95,25.92,25.99,25.91,26.91,25.86,26.44,26.01,26.65,27.44,27.45,28.64,28.46
2020-06-29 16:09:01.5687,0,28.5,24.65,25.88,26.15,24.95,24.81,25.57,25.07,26.43,26.54,25.22,26.19,26.81,25.7,25.34,25.72,26.15,26.19,25.94,25.72,26.29,26.31,26.3,26.6,27.17,26.16,26.87,26.99,26.95,27.72,31.45,30.38,23.64,25.78,25.96,25.53,24.83,23.73,24.68,24.96,25.85,26.22,25.62,25.88,25.67,26.23,25.74,25.55,25.8,26.18,26.25,26.22,26.18,26.1,26.04,26.83,26.6,27.14,26.43,26.97,26.97,28.07,30.36,28.7,27.11,25.69,25.63,26.45,25.69,25.12,25.12,25.44,25.48,25.4,25.53,24.97,26.06,25.97,25.63,25.79,26.16,26.47,26.01,25.91,26.05,25.86,26.04,26.48,27.07,26.63,26.15,27.4,26.43,26.86,27.25,27.72,26.64,26.32,25.33,25.23,25.07,25.56,25.32,25.33,24.59,25.38,25.38,25.02,25.62,25.7,25.91,25.4,26.69,26.24,25.38,25.99,25.72,25.99,26.32,25.63,25.37,27.18,25.71,25.91,26.18,26.08,27.06,27.38,26.97,25.68,24.87,25.02,25.5,25.44,24.63,25.51,25.04,25.08,25.07,25.55,25.98,25.22,25.69,26.04,26.1,25.84,26.28,26.04,26.15,26.06,26.53,26.58,26.96,26.38,26.67,26.37,26.24,26.36,26.66,27.7,26.4,26.19,25.51,25.25,24.56,24.88,24.9,25.88,25.21,25.2,25.17,25.24,24.81,25.2,25.4,25.47,25.74,25.33,25.88,26.06,25.96,26.36,26.14,26.48,26.91,26.38,26.33,26.68,25.93,25.86,27.19,26.63,26.83,25.06,24.4,25.66,24.79,25.23,25.09,25.53,25.15,25.26,25.05,25.26,25.17,24.94,25.15,25.29,25.18,25.12,25.75,26.32,26.38,25.64,26.17,26.61,26.56,26.31,26.23,26.85,26.58,26.96,26.92,26.36,25.93,26.66,25.01,24.68,25.23,25.54,25.71,25.26,25.68,24.89,25.85,24.8,25.31,25.08,25.46,25.68,25.58,25.55,25.87,26.03,26.34,25.56,26.53,25.95,26.52,27.17,27.05,26.99,26.53,26.58,27.46,26.95,26.53,25.5,24.58,25.06,25.22,25.34,25.13,25.13,25.67,25.45,25.52,26.36,25.11,25.07,25.69,25.83,26.46,25.56,25.63,25.83,26.16,26.69,26.07,26.97,26.93,26.66,26.66,26.88,26.67,26.49,26.69,26.45,27.03,25.64,26.24,25.29,25.75,25.25,25.38,25.98,25.51,25.66,25.6,25.36,24.95,24.96,25.76,25.58,26.07,25.83,25.94,26.05,26.32,26.3,26.89,25.87,25.9,26.72,26.39,26.79,27.03,27.59,26.76,27.26,26.42,26.87,26.08,25.46,26.54,25.43,25.16,25.14,25.79,25.64,25.01,25.71,25.47,25.71,25.75,25.88,25.91,26.0,26.1,26.26,25.95,26.19,25.98,26.48,26.67,26.53,25.81,26.67,26.32,26.76,26.57,26.87,26.65,26.07,25.54,25.4,25.7,25.98,25.47,25.77,26.05,26.3,25.84,25.5,25.23,25.36,26.05,26.07,26.26,26.16,25.95,25.87,26.27,26.59,26.68,26.09,26.08,26.38,26.9,26.78,27.51,27.14,27.08,26.66,27.16,26.95,25.13,25.35,25.95,25.77,25.41,25.78,25.89,25.81,25.85,25.47,25.22,25.99,25.7,26.68,26.06,25.77,25.66,25.94,26.1,25.8,26.3,26.59,26.67,26.59,27.09,26.29,27.06,27.18,27.59,27.7,28.51,27.44,25.67,25.58,25.57,25.32,25.66,25.56,25.83,26.37,25.25,25.22,25.37,25.88,26.24,26.53,26.33,26.31,26.02,25.56,25.65,26.36,25.88,26.27,26.25,26.67,26.65,26.85,27.11,27.22,27.09,27.9,27.28,26.67,25.82,25.88,25.61,25.9,25.31,25.72,26.06,25.81,25.5,25.7,25.6,26.05,26.19,26.31,26.39,26.05,26.49,26.18,26.18,25.69,26.31,26.44,26.6,27.05,26.64,26.56,27.51,27.35,26.38,27.47,25.34,26.28,26.36,25.9,25.74,25.82,26.03,25.73,25.31,25.53,26.01,25.9,25.26,25.84,26.12,26.17,26.28,26.13,26.01,26.46,25.73,25.97,26.41,26.22,26.53,26.98,26.24,26.16,27.36,27.25,27.12,26.35,26.83,25.91,25.15,25.71,26.35,25.68,24.98,25.76,25.91,25.86,26.24,25.9,25.87,25.41,25.89,25.97,25.89,25.81,26.51,26.62,26.71,26.35,26.27,26.28,26.66,26.32,26.14,27.54,26.73,27.25,26.51,27.51,26.24,25.95,25.35,26.28,25.6,25.49,25.36,26.08,25.71,25.63,25.74,26.23,25.26,25.89,25.54,25.44,25.95,26.09,26.07,26.48,26.54,26.24,26.25,26.34,26.47,26.3,27.39,26.45,26.99,27.39,27.36,27.61,26.65,25.74,24.8,25.39,26.05,26.15,25.85,26.2,26.65,26.54,26.24,25.67,26.4,25.72,25.83,25.87,26.27,26.29,26.23,26.19,26.17,26.04,25.82,26.71,26.49,26.06,25.98,26.47,26.88,26.6,27.08,27.6,25.94,25.04,25.26,24.75,25.41,25.97,26.26,25.84,26.31,25.9,25.57,25.85,25.77,26.2,26.24,25.88,25.97,26.3,25.97,25.99,26.49,26.74,26.39,26.31,26.44,27.02,26.84,26.02,26.97,26.75,27.82,27.73,26.2,26.91,25.88,26.31,25.41,25.25,25.56,26.78,25.62,26.01,25.54,25.22,25.98,25.7,25.58,26.41,26.68,25.77,25.85,26.07,26.63,26.19,26.04,26.7,26.92,26.27,26.44,26.94,27.15,27.75,27.97,27.96,26.7,25.19,26.78,25.76,26.08,25.42,25.72,26.19,25.69,25.7,25.11,25.47,25.65,25.3,25.36,25.81,25.62,25.99,25.9,26.03,25.99,26.39,26.87,26.01,26.01,26.14,26.38,26.82,27.23,27.17,28.62,27.55,25.72,26.36,26.1,26.02,24.77,26.17,25.59,25.85,26.42,25.98,25.63,25.99,26.51,25.08,25.67,26.07,25.68,25.79,25.32,25.43,26.62,26.32,26.05,25.9,25.49,25.38,25.96,25.51,26.47,27.53,27.49,28.23,26.09,26.84,26.98,25.71,26.28,25.96,26.09,25.9,25.75,25.59,26.31,25.89,25.5,25.65,25.27,25.4,25.32,25.61,25.75,25.82,25.53,26.27,26.33,26.77,26.02,25.37,25.52,25.62,26.36,26.5,27.86,28.79
2020-06-29 16:09:01.6965,0,25.55,27.57,25.62,25.46,24.76,25.18,24.53,25.24,25.65,26.09,25.96,25.91,25.85,26.24,25.21,25.86,25.89,25.92,25.52,25.86,25.87,26.6,25.54,26.44,26.85,26.16,26.87,27.56,27.19,28.28,26.89,31.0,24.89,27.14,24.6,25.96,23.72,23.55,25.18,25.13,25.25,25.48,25.62,26.16,25.81,25.44,26.0,25.82,25.93,25.67,26.25,26.09,25.91,26.11,26.33,25.93,26.13,26.65,26.43,27.15,27.79,26.16,26.88,28.69,25.65,26.17,24.83,24.9,25.18,24.62,24.35,25.74,25.34,25.13,25.14,25.49,25.21,26.46,25.63,25.55,25.57,26.47,25.77,26.28,26.18,25.99,25.78,25.93,26.5,26.78,25.99,26.05,26.43,26.86,26.69,27.71,26.39,25.0,25.71,25.42,26.05,23.95,24.43,24.89,24.73,24.98,24.87,25.28,25.62,25.46,25.91,25.87,25.89,26.13,26.2,26.23,25.6,25.75,26.06,26.57,26.07,26.03,26.34,25.91,26.0,25.89,26.82,27.09,26.77,26.08,25.6,24.49,24.57,25.14,24.64,24.83,24.66,25.33,25.55,24.84,25.32,25.44,25.58,25.38,26.11,26.17,25.95,25.93,25.7,25.72,26.29,26.21,26.31,25.84,26.24,26.82,25.91,26.36,26.46,27.7,25.78,26.0,24.8,25.25,25.16,25.33,24.9,24.55,24.84,25.69,25.05,25.24,24.81,24.66,25.4,25.8,26.06,25.44,25.66,26.39,26.07,26.14,25.66,26.36,25.49,26.77,25.76,26.24,26.41,26.68,26.81,27.24,26.64,25.06,24.91,24.52,25.38,24.95,25.74,25.53,25.39,25.37,24.83,25.7,24.96,24.84,25.26,25.7,25.29,25.73,25.55,26.32,26.28,26.07,25.73,27.07,26.92,26.06,26.23,27.27,26.58,26.49,26.93,27.11,25.37,25.39,24.68,24.2,25.37,25.27,25.71,25.27,25.57,25.01,25.21,25.24,25.1,25.08,25.87,25.38,25.29,25.55,25.67,25.73,26.03,26.71,26.1,26.52,26.29,26.93,26.26,26.44,26.83,25.96,26.94,27.13,25.63,25.5,25.06,24.9,25.91,25.6,25.13,25.74,25.34,25.34,25.42,25.54,25.21,25.16,25.98,25.64,25.61,25.57,26.02,26.03,25.97,26.49,26.08,26.87,26.26,26.66,26.02,26.62,25.81,26.93,26.53,26.97,27.02,26.15,25.15,25.61,25.61,24.99,25.5,25.75,25.62,25.99,25.19,25.57,24.85,24.96,25.76,25.87,26.26,25.46,26.13,25.67,26.23,26.2,26.06,26.2,26.12,26.37,26.64,26.66,26.33,26.28,27.25,26.75,25.89,26.02,25.61,25.46,25.09,25.56,25.04,25.49,25.25,25.22,25.52,25.61,24.8,25.06,25.29,26.07,25.37,25.64,26.2,26.36,25.95,25.8,26.81,26.05,26.01,26.65,26.56,26.54,26.18,27.04,26.74,27.2,26.3,25.9,26.01,26.3,25.83,25.21,26.18,26.01,25.62,25.78,25.55,25.9,25.32,25.08,26.15,25.89,25.99,25.89,26.51,26.16,26.65,26.11,26.07,26.09,26.74,26.49,26.77,26.78,27.24,26.02,26.59,26.5,26.65,25.93,25.74,25.35,25.69,25.51,25.54,25.55,25.47,25.6,25.36,25.18,25.42,25.42,25.8,26.5,26.07,25.59,26.76,25.84,25.91,26.19,26.51,26.8,26.12,26.37,26.97,26.29,26.78,25.47,26.61,26.54,27.33,27.28,25.36,25.73,25.31,25.7,25.9,25.22,26.04,25.64,25.65,25.52,25.18,25.79,26.06,26.72,26.15,25.85,25.93,26.22,26.04,26.07,25.98,26.27,26.48,27.13,27.02,26.73,27.52,26.94,27.41,27.91,26.76,27.01,25.82,25.88,25.21,26.03,25.91,25.84,25.85,25.6,26.11,26.31,25.22,26.05,26.01,26.22,25.74,25.96,26.12,25.89,26.18,25.9,26.22,26.76,26.61,26.12,26.26,27.08,26.95,27.06,27.71,27.81,25.87,25.77,25.9,26.05,26.28,25.69,25.43,26.33,26.17,25.32,25.6,25.4,25.74,25.37,26.31,26.46,26.01,26.14,25.82,25.89,26.22,25.57,25.99,26.76,26.99,26.28,26.5,26.95,27.36,26.53,27.29,26.18,25.91,25.73,24.66,26.02,25.66,25.41,25.85,25.76,25.92,25.42,25.61,25.69,25.38,25.61,25.41,26.27,26.09,25.91,25.64,26.52,26.31,25.74,26.7,26.72,25.85,26.56,26.68,27.0,26.88,27.55,27.37,27.69,26.42,24.7,25.35,25.66,25.73,25.49,25.74,25.96,25.37,25.85,25.63,25.92,25.16,25.49,25.64,25.94,25.85,25.8,26.07,25.98,26.24,26.24,26.14,26.23,26.59,26.67,26.59,26.46,26.25,26.78,27.18,27.26,26.08,24.99,25.31,25.71,26.05,26.01,25.85,26.07,25.95,26.07,25.68,26.11,25.56,25.51,25.94,26.49,26.18,25.99,25.82,25.78,26.49,25.94,26.75,26.36,26.62,26.06,26.4,26.75,26.58,27.38,27.26,27.42,26.32,25.23,25.77,25.09,25.56,25.83,26.52,25.97,26.19,25.43,25.57,25.74,25.77,25.56,25.52,25.57,25.76,25.89,26.5,26.2,26.38,25.53,26.28,25.83,26.06,26.89,26.69,26.31,26.34,27.22,27.82,28.67,26.0,26.71,25.33,25.96,24.78,26.02,25.56,25.8,24.97,25.75,25.05,25.46,25.53,25.92,25.59,26.19,25.69,25.99,26.19,25.84,26.52,25.6,25.92,26.94,26.27,26.0,27.19,26.78,26.49,27.57,27.97,28.56,26.91,24.98,25.67,24.52,25.44,25.27,25.86,26.33,25.69,25.44,25.36,25.84,25.3,25.19,26.04,26.15,25.51,25.66,26.02,26.96,26.82,26.27,26.36,26.27,25.33,26.0,26.07,26.82,27.56,27.17,27.62,28.2,26.96,26.8,25.71,26.21,24.77,25.5,25.43,25.7,25.59,25.71,25.1,25.73,25.12,25.2,25.42,25.57,25.56,26.15,25.7,26.32,25.73,26.32,25.37,25.33,25.79,25.38,25.14,25.85,26.11,27.15,27.49,28.22,26.36,26.11,25.77,25.51,25.76,25.28,25.12,25.74,25.46,25.73,26.17,25.49,25.11,24.88,25.39,25.15,25.57,25.48,26.39,26.34,26.05,26.13,26.75,26.19,25.27,26.29,26.01,26.14,26.53,25.73,27.04,29.1
2020-06-29 16:09:01.8251,0,25.94,27.04,25.77,24.66,25.03,25.26,25.12,24.96,26.01,25.83,26.0,25.07,25.88,25.86,26.05,25.89,26.17,25.28,26.66,26.44,26.33,26.2,26.96,26.48,26.58,26.39,27.32,27.07,27.08,28.16,29.08,25.59,26.42,27.03,25.16,25.42,24.9,24.52,24.06,25.18,24.99,25.81,25.51,26.19,25.83,25.86,26.15,25.71,26.07,26.33,25.87,25.84,26.21,26.55,25.63,26.87,26.48,27.19,26.68,27.59,27.68,27.73,27.2,29.71,28.15,26.06,26.12,26.34,25.24,24.34,25.47,24.87,24.4,25.15,25.69,24.6,25.59,25.62,26.13,25.68,25.58,25.88,26.15,25.43,25.94,25.37,26.48,26.23,26.1,26.37,26.36,26.44,27.03,26.55,28.24,27.24,26.52,26.21,25.02,26.06,24.96,24.48,24.47,25.36,26.09,25.14,24.63,26.17,25.27,25.59,24.98,26.46,26.46,26.48,25.74,26.0,26.21,25.89,26.08,26.06,25.53,25.92,25.12,26.45,26.24,26.33,27.18,27.27,26.87,26.76,25.49,24.2,24.62,24.88,25.38,24.85,25.7,25.22,25.68,25.2,25.43,25.45,26.03,25.38,25.89,25.51,26.28,26.04,26.16,26.07,26.42,26.1,26.33,26.0,27.0,26.25,26.94,26.92,27.35,26.25,25.87,25.69,25.04,25.14,25.35,25.07,24.51,25.64,25.47,25.7,25.64,25.71,24.92,25.32,25.18,25.58,25.74,25.33,25.55,26.06,25.85,26.37,26.03,26.01,25.9,27.44,26.22,27.17,26.29,26.9,26.31,27.54,26.53,25.14,25.47,25.39,25.56,24.98,25.63,25.29,26.12,25.26,25.38,24.59,25.17,25.04,25.36,25.38,25.38,25.32,25.74,25.8,26.06,25.85,26.4,25.8,26.45,26.57,26.66,27.02,26.47,26.06,27.17,25.87,26.74,26.19,25.06,24.09,25.12,25.43,25.21,25.66,25.34,25.35,24.77,25.46,24.69,25.38,25.55,25.57,25.17,25.44,25.36,26.23,25.71,26.4,26.31,26.64,26.06,25.84,26.55,27.3,26.12,27.24,26.66,28.28,26.6,25.39,26.06,25.42,25.39,25.63,25.76,25.39,25.12,25.01,25.2,25.43,24.91,24.86,25.87,25.82,25.88,25.65,25.81,25.92,26.05,26.48,26.5,26.21,26.14,26.9,26.81,26.24,26.85,26.97,26.58,26.68,26.2,25.7,25.81,25.96,25.37,25.81,25.02,25.52,25.62,25.99,25.08,26.17,24.65,25.43,25.27,25.76,25.3,25.91,25.36,26.23,25.92,26.59,26.05,27.27,25.56,26.61,26.53,26.29,26.5,26.46,26.97,27.15,27.18,26.25,26.13,25.19,26.57,25.58,25.89,25.38,25.69,25.53,25.31,25.4,25.36,25.32,25.93,25.78,25.99,25.8,26.09,25.78,26.23,26.18,26.49,26.47,26.79,25.73,26.57,26.05,27.04,27.07,27.27,26.76,26.37,26.3,25.74,26.19,25.32,26.0,24.64,25.9,25.4,25.77,25.14,25.39,25.12,25.25,25.85,26.05,25.33,25.6,25.66,26.14,26.06,26.39,26.16,26.51,26.3,26.61,26.3,26.92,26.58,27.17,26.16,27.05,26.88,26.5,26.24,26.13,25.84,25.28,25.79,25.09,25.14,25.49,25.95,24.97,25.12,25.5,26.43,26.12,26.05,25.38,26.29,26.02,25.9,25.79,26.2,26.17,26.23,26.37,27.11,26.18,27.36,26.64,27.81,27.26,26.71,27.0,25.25,25.77,25.84,25.46,25.43,25.34,25.61,25.84,25.14,25.8,24.88,25.77,25.67,26.61,25.85,26.02,26.0,25.92,25.45,26.06,26.48,26.78,26.15,26.56,26.16,27.0,26.99,27.11,26.49,28.29,26.82,26.22,26.02,25.76,26.3,25.27,25.68,25.73,25.74,25.8,26.0,25.49,25.49,25.84,26.17,26.2,26.1,25.85,26.48,25.97,25.87,25.98,25.8,26.33,26.27,26.48,26.4,26.71,27.4,26.37,27.76,26.17,26.64,26.0,25.48,26.09,26.3,25.19,25.8,26.34,25.73,25.42,25.49,25.49,25.73,25.93,25.64,26.72,25.99,26.31,25.9,26.54,26.21,25.86,25.78,26.75,26.42,26.52,26.39,26.71,26.53,26.27,27.34,27.93,26.35,25.27,26.32,25.91,25.13,24.9,25.87,25.53,25.69,25.53,26.14,25.68,25.17,25.89,25.88,26.16,26.08,25.22,26.41,26.41,26.3,26.04,26.92,25.95,26.56,25.61,27.1,27.02,27.06,26.23,26.92,27.57,26.86,25.13,25.4,26.33,25.9,26.33,25.5,25.85,26.28,25.41,25.84,26.13,25.25,25.68,25.33,26.22,25.64,25.69,25.76,26.37,26.64,26.95,26.14,26.35,26.48,26.56,26.34,27.03,26.43,27.28,26.9,28.53,26.35,26.36,24.86,25.27,25.79,25.47,26.0,25.05,26.31,25.61,25.91,26.0,25.77,26.24,25.83,25.76,26.17,25.68,26.23,25.87,26.06,26.26,26.29,26.36,26.14,26.08,26.57,27.21,26.93,26.49,28.4,27.12,26.59,25.87,25.14,26.13,25.59,25.86,26.15,26.65,25.72,25.91,25.45,26.08,25.77,25.99,25.51,25.98,25.85,25.57,26.38,26.3,26.48,26.2,26.16,26.2,27.07,26.14,26.44,26.49,26.85,26.95,27.52,28.37,27.12,25.21,27.04,25.15,25.93,25.76,26.72,26.11,25.77,25.77,25.55,25.58,25.53,25.25,26.26,25.74,26.02,25.99,26.42,26.42,26.06,26.08,26.31,26.33,26.69,26.02,26.64,25.9,26.71,27.29,27.66,27.44,25.08,26.69,25.18,25.3,25.16,25.94,26.18,26.5,26.36,25.98,25.61,25.85,24.96,25.31,25.24,26.27,26.07,25.88,25.44,26.27,26.35,26.52,26.38,26.16,26.17,26.31,25.65,27.02,26.12,27.23,26.9,27.87,27.1,26.02,25.6,25.9,25.69,25.22,25.48,25.27,25.62,25.45,25.79,24.82,26.41,24.96,25.93,24.84,26.42,25.56,25.96,26.08,25.87,25.81,26.36,26.07,25.68,24.66,25.36,25.39,26.72,26.67,27.38,28.39,26.52,25.76,25.85,27.57,26.16,25.34,25.17,25.31,24.91,26.61,25.38,25.11,25.91,25.03,25.03,25.92,25.46,25.87,25.0,26.1,26.07,25.89,24.81,26.66,25.3,26.33,25.23,27.06,25.13,26.77,26.66,29.65
2020-06-29 16:09:01.9529,0,28.01,27.59,25.89,25.7,23.99,25.2,25.06,25.43,26.28,25.65,25.67,26.06,25.99,26.12,25.35,25.87,26.29,26.33,25.8,26.57,25.59,26.61,25.69,26.3,27.02,26.85,26.5,27.19,27.43,27.72,25.13,30.37,28.58,26.46,26.42,25.96,25.76,24.1,25.53,24.97,26.6,25.63,26.34,25.06,26.35,25.31,26.28,26.22,26.07,25.93,26.66,25.96,26.47,26.25,26.78,26.69,27.69,26.49,26.98,25.88,28.42,27.36,28.64,29.83,27.69,26.43,24.63,25.5,25.53,24.97,25.43,25.0,24.79,25.69,25.14,25.38,25.58,25.99,26.0,25.8,26.16,25.89,26.02,26.41,25.81,26.13,25.64,26.63,26.93,26.79,25.66,27.41,26.79,26.49,27.8,28.07,28.4,25.44,24.95,24.67,25.57,24.92,25.04,25.04,25.41,25.52,25.52,25.53,25.87,24.98,25.92,25.29,26.24,26.36,26.21,26.11,25.85,26.49,26.07,25.5,26.64,26.18,26.2,25.91,27.05,26.81,27.31,27.67,26.98,26.69,24.88,24.68,25.35,26.06,24.64,24.7,25.3,25.34,25.55,25.21,25.44,25.9,25.59,25.5,26.0,26.29,25.84,26.05,25.93,26.08,26.41,25.97,26.44,26.66,25.95,26.53,27.05,27.05,26.87,27.93,26.61,26.98,26.4,24.74,25.62,25.48,24.77,25.09,25.47,25.32,25.41,25.25,24.94,25.43,25.74,25.37,25.86,25.34,26.0,25.96,26.2,25.58,26.27,26.24,27.05,26.38,26.49,26.54,27.21,26.69,26.63,25.81,26.07,26.19,24.07,25.84,25.38,26.63,25.35,25.28,25.63,26.08,24.72,25.27,24.65,24.95,25.16,25.51,25.19,25.54,25.86,26.44,25.64,26.3,25.84,26.04,26.56,26.57,26.37,27.14,26.89,26.81,26.75,28.05,27.06,25.58,25.19,25.01,25.53,25.13,25.85,24.63,25.93,25.01,25.43,25.57,24.71,25.19,25.18,25.48,25.2,25.65,26.18,25.84,26.77,26.72,26.44,26.75,26.66,26.44,26.41,26.86,26.7,27.04,27.13,26.22,26.9,26.73,25.7,25.7,26.05,26.81,25.51,25.39,26.02,25.9,25.21,25.86,25.02,25.76,25.41,25.85,25.71,25.77,26.12,26.04,25.97,26.5,26.08,27.09,26.37,26.91,26.02,26.5,26.96,26.35,26.7,27.33,26.51,26.16,25.94,25.15,25.76,25.66,25.75,25.87,26.18,25.88,25.41,25.06,25.35,25.06,26.33,25.77,25.99,25.65,25.48,26.06,26.43,26.6,26.59,26.31,26.7,26.38,26.4,26.41,26.48,26.58,26.77,27.26,26.25,26.03,25.61,25.78,26.02,25.57,25.05,25.62,25.58,25.97,25.22,26.32,24.9,25.82,25.76,26.27,26.1,26.29,26.11,25.9,26.24,26.3,26.4,26.91,26.9,26.66,25.94,26.3,26.46,27.06,26.25,27.05,27.19,26.75,25.56,25.85,25.71,25.09,25.96,25.89,25.85,25.47,25.66,25.31,25.34,25.65,26.07,26.07,26.27,25.71,26.34,26.25,26.66,26.6,26.69,26.52,26.54,26.61,26.66,26.65,27.25,26.58,27.25,26.67,27.85,26.96,24.99,25.66,25.56,25.66,25.06,26.03,25.89,25.62,25.36,26.08,25.7,25.81,25.52,26.33,26.25,26.25,26.03,25.67,25.82,26.01,26.0,25.88,26.24,26.95,26.97,26.94,27.61,27.47,27.43,28.04,27.68,26.77,26.28,25.88,26.35,25.83,25.91,25.68,26.06,25.44,25.66,25.62,25.48,25.88,26.63,26.45,26.7,25.85,26.12,25.75,26.53,25.68,26.09,26.38,26.71,26.67,26.66,26.86,27.26,27.08,26.78,27.25,26.05,26.85,25.67,25.89,26.42,26.3,25.56,25.97,25.74,25.93,25.51,26.02,25.8,25.68,26.38,26.6,26.12,26.16,26.41,26.86,25.98,26.01,25.91,26.13,26.84,26.95,26.01,27.35,27.23,27.65,27.38,27.65,26.59,26.11,26.07,25.45,26.16,25.18,26.28,25.98,25.86,25.53,25.72,25.5,26.04,26.14,26.42,26.18,26.3,25.86,26.31,25.89,26.43,25.78,26.32,26.65,26.21,26.98,26.77,26.69,27.09,26.97,27.13,26.52,26.28,25.75,24.34,25.72,25.52,26.36,25.61,25.41,25.81,26.09,25.82,25.91,25.58,25.82,26.58,25.89,25.9,26.41,26.23,26.24,26.72,26.47,26.06,26.41,26.32,26.57,26.15,27.55,27.03,27.26,27.2,27.87,27.16,25.6,26.49,24.55,25.89,25.63,26.25,25.72,25.72,24.74,25.86,24.97,25.58,25.69,26.14,25.44,26.25,25.8,26.08,26.48,26.86,26.14,26.59,26.02,26.83,26.91,27.53,25.77,28.02,26.94,27.37,27.96,25.12,26.12,25.15,26.53,25.76,26.44,26.25,25.7,26.07,26.9,25.46,26.24,26.4,25.53,25.63,26.4,25.87,26.41,26.13,26.41,26.5,26.17,25.83,26.95,26.13,26.71,26.26,27.05,27.2,27.39,27.08,28.54,26.72,25.61,25.27,23.92,26.01,25.55,26.14,25.71,26.09,25.9,26.37,25.51,25.79,25.89,26.36,26.1,26.59,25.58,26.19,25.57,26.29,26.86,26.29,26.67,26.07,26.9,26.42,27.04,26.82,26.59,28.01,27.54,25.58,25.34,25.89,25.62,25.89,26.64,25.99,26.51,25.62,26.27,25.3,26.07,25.64,25.94,25.59,26.42,26.35,26.0,25.86,25.97,26.64,26.68,26.42,26.33,26.67,26.42,26.15,26.95,26.82,27.93,27.97,27.77,26.28,26.2,26.79,25.59,25.77,25.74,26.02,25.91,25.97,25.83,25.49,25.6,26.24,25.88,26.39,25.59,26.31,25.88,25.8,25.68,26.24,26.39,27.01,26.15,26.29,26.14,26.09,26.51,27.57,27.52,27.43,27.12,26.47,27.69,25.71,26.42,23.74,26.02,25.91,25.09,25.73,26.13,24.97,25.47,25.38,25.72,25.55,25.96,26.29,26.4,25.7,26.58,25.99,25.81,25.65,27.19,25.94,25.7,23.97,26.21,26.29,27.54,27.02,29.64,26.66,27.32,25.78,25.31,26.12,25.29,26.26,25.11,25.61,25.74,25.64,24.95,26.03,25.78,24.9,25.91,25.46,25.49,26.4,24.91,26.2,25.19,26.07,25.18,26.62,26.29,25.69,25.45,26.37,25.73,28.92,27.13
2020-06-29 16:09:02.0810,0,24.92,25.38,24.46,25.13,23.86,23.77,25.11,25.31,25.69,25.83,25.99,26.09,25.87,26.0,25.77,25.75,25.5,26.21,25.54,25.75,25.18,25.92,26.03,27.73,26.41,26.57,26.94,26.88,26.83,27.32,27.91,28.29,26.02,25.3,26.52,25.62,23.42,23.61,25.08,24.84,25.59,25.21,25.66,25.35,25.7,25.98,26.16,25.96,26.33,25.29,26.41,26.1,26.21,25.85,26.08,25.96,26.65,26.53,26.86,26.67,26.44,26.27,29.82,25.65,26.11,26.07,24.5,25.96,24.55,25.02,24.38,25.48,25.22,25.02,24.76,25.13,25.45,26.24,25.63,25.56,25.09,25.77,26.26,26.91,25.56,25.76,24.97,26.51,26.38,26.23,26.19,26.28,26.84,27.13,27.12,28.66,26.03,25.54,25.99,24.16,25.62,24.47,25.81,24.76,25.02,25.26,25.4,24.65,25.16,24.98,25.22,25.28,25.78,26.01,26.1,25.99,26.21,26.0,25.95,26.18,25.4,25.76,25.92,25.45,25.72,25.58,27.19,27.54,25.37,25.37,24.2,25.62,24.6,25.19,24.51,24.99,24.92,24.97,24.83,25.21,24.76,25.67,25.24,25.38,25.44,25.85,25.94,26.39,25.57,26.19,26.29,26.6,26.58,26.41,26.11,27.02,25.63,26.08,25.53,26.48,25.47,25.08,25.58,25.3,24.3,24.61,25.21,25.1,25.48,24.95,25.76,25.47,24.82,25.09,25.4,25.68,25.75,25.11,26.2,25.5,26.08,26.02,26.15,25.51,26.03,26.13,26.37,26.71,26.3,27.38,27.09,27.12,25.17,26.44,25.12,24.9,24.52,24.84,25.75,25.68,25.27,25.84,25.15,25.15,23.89,24.63,25.35,25.69,24.96,25.12,25.83,26.22,25.94,26.29,25.49,25.92,25.83,26.33,26.52,26.32,26.31,27.01,26.63,27.38,26.38,24.9,25.07,23.91,24.69,24.73,25.86,24.76,25.34,25.23,26.17,25.55,24.49,25.16,25.86,25.66,25.38,25.13,26.16,25.81,26.34,26.07,25.55,26.63,26.07,26.56,26.68,26.74,26.43,26.14,26.32,27.0,25.15,25.39,25.1,24.95,24.96,25.36,25.01,25.64,25.33,25.02,25.3,25.64,24.6,24.96,25.48,26.11,25.49,24.79,25.61,26.41,25.94,26.89,26.06,26.76,26.36,25.6,27.06,26.77,26.12,25.79,26.4,28.07,26.21,25.51,25.82,25.33,25.78,25.0,25.39,26.34,25.52,25.22,24.98,25.65,24.94,24.74,25.65,26.03,25.59,25.71,26.31,26.12,26.32,26.18,26.79,25.86,26.02,26.95,27.04,26.41,25.94,25.86,27.64,26.62,25.24,25.91,25.33,26.42,25.9,25.58,25.28,25.74,25.46,25.54,24.9,25.61,24.48,25.33,26.01,25.87,25.25,25.81,26.08,26.16,26.12,26.47,25.86,26.9,26.0,26.31,26.19,26.95,26.48,26.37,26.78,27.1,25.67,24.92,25.59,25.58,25.33,25.09,25.36,25.53,25.52,25.55,24.95,25.88,25.41,25.15,25.86,25.95,25.88,25.13,26.22,26.32,25.88,25.5,25.96,26.5,26.53,26.26,26.91,26.78,27.13,26.6,27.77,26.87,26.87,27.34,25.47,25.99,25.44,25.54,24.57,25.79,25.77,25.81,25.23,26.16,24.63,25.51,25.95,26.4,26.13,25.76,26.09,25.74,25.31,25.99,26.39,26.59,26.0,26.38,26.35,26.32,26.94,26.37,26.98,27.76,27.05,26.82,25.71,25.6,25.85,25.2,26.03,25.21,25.41,25.62,25.35,25.4,25.45,25.95,26.05,26.05,25.95,25.45,26.09,25.91,25.45,24.97,25.98,26.05,26.26,25.98,26.92,26.48,27.55,26.95,27.96,27.45,25.75,25.7,25.39,26.07,25.49,25.41,25.67,26.09,25.08,24.96,25.38,26.41,25.09,25.75,25.88,26.77,25.72,25.67,25.81,26.45,25.66,25.79,25.58,25.8,26.03,27.29,26.52,27.23,27.25,26.95,27.59,27.03,26.47,25.47,25.49,25.17,25.9,24.92,26.16,25.14,24.98,25.3,25.81,25.17,25.64,25.63,26.3,26.15,26.37,25.64,26.48,26.15,25.82,25.75,26.41,26.1,26.77,26.51,26.65,27.08,26.68,26.26,26.68,26.73,26.34,25.27,25.35,26.07,26.09,25.97,25.61,26.52,25.34,25.86,25.7,25.58,25.36,25.3,25.87,26.26,25.68,25.32,26.2,26.62,25.98,26.55,26.48,26.4,26.08,25.74,26.56,26.48,26.46,26.99,26.91,27.58,26.32,25.47,25.4,25.84,26.18,25.37,25.88,25.71,25.26,25.84,25.96,25.69,25.86,25.57,26.12,25.71,25.45,25.87,25.97,25.96,26.44,26.53,26.37,26.0,27.18,26.42,26.75,26.47,26.44,26.35,28.28,27.31,24.99,25.44,25.19,25.93,25.06,26.04,25.99,26.23,25.59,26.55,25.22,26.34,25.23,25.41,25.41,26.07,25.24,25.58,25.49,26.09,25.84,26.37,26.86,26.6,26.12,26.34,26.42,26.79,26.76,26.81,27.14,28.24,25.25,24.91,25.66,25.13,25.3,25.56,26.28,26.24,25.73,25.66,25.92,25.73,25.77,25.23,25.93,25.87,25.65,25.35,26.18,26.18,25.84,26.07,26.64,26.54,27.08,26.13,26.31,26.62,26.55,26.62,27.35,27.79,25.87,26.21,25.39,25.85,25.61,25.76,25.58,25.97,25.63,25.9,25.17,25.71,25.29,25.93,25.91,26.3,25.01,25.78,25.84,26.31,25.7,25.62,26.68,26.59,26.01,26.3,26.47,26.37,26.7,26.44,28.43,28.05,26.59,26.07,26.49,24.93,25.17,25.92,25.47,25.78,25.32,25.32,25.37,25.59,25.77,25.52,26.05,25.8,26.08,25.53,26.03,26.03,26.0,25.78,26.51,26.15,26.31,25.88,26.73,25.9,26.79,26.17,27.31,28.07,26.34,26.91,24.98,26.1,24.99,25.4,25.94,26.05,24.9,25.04,25.64,25.75,25.76,26.1,24.8,25.59,25.19,25.56,24.95,26.59,25.99,26.08,25.79,26.79,24.49,25.27,25.67,25.74,26.35,26.86,25.94,29.24,26.53,25.01,27.27,25.78,26.0,24.81,26.14,25.45,25.49,25.46,25.52,25.23,25.27,25.27,25.16,25.15,25.71,25.11,26.41,26.08,26.08,26.14,26.22,26.79,25.76,25.24,25.57,26.01,25.88,26.18,28.54,28.97
2020-06-29 16:09:02.2090,0,26.09,27.58,25.9,24.55,24.58,23.88,24.9,24.91,26.44,25.64,25.98,25.77,26.55,25.84,26.31,26.0,26.43,26.06,26.37,26.56,26.45,26.32,26.17,26.44,26.87,27.01,26.15,26.61,26.97,27.43,30.36,31.66,26.55,25.8,26.41,25.77,24.28,25.0,25.36,24.65,24.65,25.64,26.48,26.32,25.95,25.72,26.01,26.49,26.32,26.45,25.99,26.77,26.19,26.26,26.34,26.1,26.45,26.99,26.79,26.63,27.39,27.86,28.21,27.59,26.84,25.94,26.04,25.1,25.37,24.79,24.52,25.44,24.94,26.36,25.68,24.98,25.83,26.1,25.64,26.15,26.06,25.64,26.03,26.04,25.94,25.87,26.6,25.93,26.8,26.49,26.65,26.73,26.98,27.43,28.92,28.42,25.89,26.56,25.72,26.56,24.91,25.42,24.88,25.2,25.0,25.4,24.87,25.67,25.51,25.95,26.15,26.0,26.35,26.37,26.21,26.12,25.96,25.15,26.72,26.05,25.93,27.05,26.19,26.09,26.18,26.28,26.58,27.98,26.99,25.08,25.44,25.2,25.36,25.15,25.78,25.38,25.31,25.08,25.44,25.79,25.55,25.56,26.04,25.83,25.9,25.3,25.96,25.48,26.28,25.61,26.54,26.46,25.79,26.38,26.69,26.37,26.25,26.03,26.48,27.7,25.38,26.41,26.21,24.4,25.02,25.49,24.76,25.1,25.71,25.82,25.87,25.83,25.14,25.33,25.51,25.6,25.32,25.67,25.66,26.19,25.97,26.27,26.61,26.49,25.5,26.66,26.62,26.55,25.77,26.54,26.82,27.26,25.89,26.0,25.59,25.34,25.54,25.23,25.36,25.27,25.88,24.57,25.39,25.15,24.87,24.95,25.48,25.6,25.4,25.12,26.27,26.12,26.5,26.29,26.41,26.03,26.33,26.81,26.92,27.0,27.21,26.18,27.12,26.93,25.37,25.59,24.69,25.66,25.23,25.56,25.33,25.66,24.86,25.7,25.53,25.69,24.6,25.2,25.47,25.69,25.39,25.56,26.27,25.95,26.55,26.83,26.1,26.19,26.53,26.45,26.27,27.29,26.54,27.21,26.95,27.51,26.73,25.85,25.55,26.0,25.24,25.21,25.39,25.38,25.92,25.46,25.54,25.95,25.32,25.27,25.7,25.84,25.62,25.67,26.32,26.13,26.17,26.09,26.41,26.44,26.15,26.07,27.19,26.75,26.69,25.75,26.2,26.63,25.97,26.51,25.62,25.62,25.21,26.58,25.38,25.76,25.52,25.79,25.81,25.48,24.67,25.26,25.95,25.97,25.6,26.13,26.04,25.97,26.14,27.0,26.17,26.64,26.24,27.09,26.77,26.81,26.47,26.44,27.42,28.13,26.26,25.51,25.94,25.77,25.77,26.08,25.78,25.96,25.7,25.12,25.43,25.21,25.29,25.34,26.14,26.26,25.93,25.55,26.03,26.56,26.06,26.0,26.61,26.38,26.69,26.88,26.33,26.68,26.75,26.63,27.08,27.54,26.66,26.42,26.47,26.17,25.7,25.61,25.95,25.9,26.27,25.9,25.55,26.21,25.33,25.0,26.15,26.36,25.9,25.81,26.05,26.07,25.7,26.32,26.38,26.85,26.64,26.73,27.15,26.67,27.25,26.03,26.28,26.85,26.84,26.78,26.06,25.65,25.84,25.01,25.55,25.79,26.33,24.98,25.87,25.48,25.33,25.43,26.27,26.41,25.8,25.5,26.32,25.85,26.02,25.7,26.52,26.18,26.8,26.26,26.48,26.55,26.52,26.62,27.28,27.54,28.35,27.46,25.97,26.04,25.31,26.22,25.91,25.69,25.73,26.18,25.46,26.32,25.47,26.08,26.53,26.46,25.6,26.14,25.93,25.76,26.14,26.28,26.29,26.39,26.48,26.91,26.53,26.74,26.97,26.67,27.58,28.09,26.07,25.47,25.22,25.73,26.29,25.13,26.04,25.61,26.18,25.92,25.92,25.5,25.61,25.39,25.83,26.22,26.5,25.96,26.6,26.28,25.99,25.9,26.43,26.66,26.73,26.13,26.53,26.83,27.95,27.36,27.72,27.81,26.06,26.64,25.6,25.91,26.55,26.35,26.16,26.11,25.74,25.65,25.92,26.43,25.75,25.67,26.59,26.28,26.1,26.06,26.78,26.47,26.13,26.39,26.1,26.02,26.65,26.3,26.38,26.96,26.36,27.12,28.28,27.39,25.75,25.92,25.65,25.71,26.36,26.22,25.62,25.89,26.16,25.31,26.37,25.59,24.99,25.41,26.1,26.08,26.39,25.62,26.53,26.63,26.72,26.46,26.82,26.4,26.45,26.09,26.43,26.73,26.74,27.1,27.73,27.35,25.7,25.08,25.84,26.14,26.16,25.91,25.99,25.73,25.83,25.87,26.07,26.15,25.27,25.4,25.84,25.95,25.95,25.81,26.47,25.99,26.04,26.46,26.37,26.91,26.24,26.68,26.59,26.88,26.55,26.8,27.88,28.15,26.87,25.55,25.66,25.72,25.63,25.87,26.52,26.21,25.61,26.08,26.03,26.12,25.89,25.62,25.95,25.26,26.09,26.2,25.83,26.09,26.08,26.27,26.19,26.71,27.12,26.83,26.13,26.76,27.36,26.29,27.82,28.35,25.56,25.62,25.43,25.77,25.27,26.13,25.87,26.25,25.12,26.39,25.57,26.2,26.1,26.0,26.15,26.11,25.87,26.01,26.29,26.22,25.63,26.65,26.05,27.15,26.32,26.65,26.7,26.76,26.19,26.61,27.1,28.13,26.43,25.53,26.08,25.61,26.37,26.49,26.43,25.67,25.25,26.26,25.79,25.82,25.65,26.15,26.38,25.52,26.36,25.89,26.21,26.3,26.19,26.08,26.44,26.2,26.28,25.73,26.76,26.17,27.82,26.9,28.57,27.56,25.85,26.42,24.74,26.66,26.08,24.82,25.58,26.06,25.7,26.23,25.24,25.61,25.88,25.66,25.93,25.71,26.08,26.46,26.37,26.16,26.0,26.28,26.88,26.16,25.61,25.88,26.23,27.0,27.57,28.05,27.42,28.01,27.24,25.92,25.53,25.83,24.79,26.51,26.24,26.47,26.44,25.71,25.92,25.6,25.26,25.58,25.44,25.95,25.45,25.79,25.84,25.31,26.0,26.06,25.93,26.47,26.39,25.69,25.98,24.82,26.13,26.79,27.75,28.79,25.81,26.86,26.18,26.53,25.42,25.65,25.77,25.76,25.61,26.46,25.77,25.78,25.38,26.3,25.78,26.05,25.95,26.24,26.01,25.97,26.32,26.28,26.75,25.92,25.57,26.16,25.69,27.19,26.36,27.29,28.39,29.8
2020-06-29 16:09:02.3392,0,26.53,27.6,25.09,25.94,25.12,24.83,24.52,24.92,25.8,26.11,26.24,26.64,26.25,26.12,26.02,26.69,25.74,26.6,26.2,25.74,25.86,26.76,25.68,26.46,26.02,27.19,26.67,26.82,26.7,27.45,29.18,30.39,25.74,25.76,26.2,25.09,25.58,24.08,24.87,24.62,25.72,25.61,26.07,26.15,26.09,26.09,25.89,25.68,25.94,25.78,26.13,25.94,26.06,26.23,25.91,26.97,26.46,25.99,26.45,26.59,26.99,26.14,28.22,28.1,27.1,26.91,25.02,25.31,24.83,24.81,24.95,24.39,25.19,25.55,24.73,25.89,24.95,25.75,25.98,26.05,25.67,26.13,25.88,25.43,25.79,26.0,25.35,26.22,26.34,26.5,26.46,26.4,26.6,26.69,27.79,28.09,26.41,25.65,25.73,25.41,25.25,24.58,25.19,25.17,25.01,24.7,25.52,25.39,25.64,25.45,25.81,25.27,26.25,26.11,25.75,25.97,26.09,25.98,26.21,25.89,25.94,26.45,25.89,26.39,26.71,26.06,27.55,27.36,25.27,25.69,24.86,25.04,24.56,25.16,24.91,25.12,25.28,25.35,25.42,24.98,24.97,25.13,25.68,25.73,25.98,26.3,25.6,25.72,26.26,26.65,26.15,26.35,26.03,26.53,25.49,26.54,26.23,27.05,26.85,27.28,25.8,25.59,24.64,24.72,24.88,24.57,25.05,25.07,25.48,24.94,25.3,25.57,24.94,24.65,25.09,25.57,25.76,25.32,25.68,25.72,25.87,26.01,26.39,26.35,26.15,25.84,26.64,26.97,25.94,26.84,27.59,27.23,25.67,25.64,24.39,25.35,25.07,25.1,25.34,24.77,24.89,25.5,25.15,25.38,24.53,24.65,25.35,25.82,25.67,25.34,25.53,25.92,25.73,26.09,25.71,25.93,26.55,26.95,26.89,26.3,26.42,27.13,26.2,26.94,26.32,25.56,25.68,23.86,25.67,25.39,25.22,25.25,25.58,25.33,25.33,25.12,24.51,25.27,25.28,25.06,25.11,25.83,25.98,25.82,26.25,26.07,26.22,26.39,26.54,26.18,26.28,26.98,26.7,26.56,26.27,26.75,25.44,25.69,24.25,25.7,25.35,25.49,25.12,24.9,25.66,26.12,25.3,25.34,25.1,25.47,26.06,25.85,25.78,25.49,25.72,26.14,26.05,26.61,26.28,26.01,26.36,26.56,26.27,26.1,26.09,26.8,27.35,27.33,27.04,25.8,24.54,25.13,24.82,25.24,25.51,25.37,25.97,25.11,25.41,25.56,25.35,24.75,26.15,26.32,25.71,25.07,25.87,26.52,25.57,26.19,26.28,26.4,26.25,26.01,26.91,26.39,26.34,26.85,26.94,27.59,25.88,26.2,24.97,25.78,25.61,25.84,25.03,25.63,25.67,25.45,25.51,25.83,25.36,25.54,25.65,26.09,25.45,26.02,25.91,26.38,25.84,26.3,26.07,26.71,26.77,26.78,26.05,26.69,26.03,26.92,26.07,26.72,26.32,26.05,25.87,25.23,26.24,25.58,25.84,25.76,25.96,25.56,25.56,26.18,25.34,25.26,25.52,25.96,26.01,25.7,25.97,26.33,26.0,26.39,26.6,26.29,26.76,26.25,26.3,25.87,26.98,27.27,27.09,26.82,26.81,27.13,25.58,25.22,26.2,26.29,24.44,25.8,25.56,25.62,25.34,25.59,25.69,25.63,26.34,26.33,25.68,25.88,26.11,25.86,25.61,26.4,25.98,26.71,26.55,26.15,26.21,27.2,26.49,27.19,26.43,28.05,28.19,27.26,26.13,25.71,25.32,25.31,25.92,25.43,25.74,25.63,25.87,25.6,25.48,25.3,26.08,26.61,25.98,25.83,26.4,25.74,25.96,25.57,26.41,26.46,27.15,26.54,26.54,26.33,27.12,27.2,27.11,28.06,26.57,26.0,25.34,25.74,25.73,26.3,25.66,26.21,25.51,25.83,25.59,25.62,25.4,25.88,26.18,26.61,26.1,26.34,26.01,26.29,25.97,26.01,25.89,26.67,26.37,26.6,26.88,26.45,27.36,27.37,26.54,26.65,26.25,24.89,24.84,26.33,25.76,25.55,26.17,25.72,25.43,25.3,25.72,25.69,25.57,25.55,25.95,26.35,26.3,25.56,26.22,26.45,25.84,25.96,25.91,26.53,26.32,26.15,26.51,26.8,26.95,26.66,26.97,27.01,26.08,25.04,24.97,25.41,25.78,25.56,24.46,25.53,25.68,25.43,26.13,25.6,25.17,25.82,25.98,26.19,25.98,26.02,25.52,26.24,25.98,26.27,26.26,26.52,26.54,26.1,26.0,26.61,26.27,26.81,27.02,28.22,26.08,24.68,25.04,25.95,26.17,24.94,25.75,25.95,25.38,25.95,25.65,25.69,25.68,25.28,25.36,25.72,25.67,25.29,26.78,26.17,26.56,25.71,26.16,26.44,26.6,26.05,26.47,26.03,27.15,26.16,26.86,27.42,25.11,25.94,24.62,25.4,25.74,26.59,25.97,26.22,26.05,25.74,25.22,25.91,25.97,26.16,25.41,25.99,25.55,26.01,25.59,26.1,25.63,27.03,26.04,26.37,26.85,26.33,26.25,26.63,26.87,27.55,26.89,27.44,26.35,24.84,24.59,25.4,25.57,25.67,25.48,25.69,25.85,25.17,25.81,25.83,25.58,25.87,25.85,25.87,26.19,25.88,26.3,26.29,26.29,25.96,26.41,26.29,26.33,26.24,26.57,26.3,27.76,26.73,28.02,26.96,25.77,25.34,25.87,25.28,26.03,25.12,25.55,26.1,24.83,26.4,25.28,25.11,25.51,25.72,25.8,26.09,26.12,26.12,25.84,25.97,25.93,26.45,26.28,26.34,26.25,25.88,27.03,26.34,26.15,26.91,26.58,27.77,26.29,25.58,26.61,25.75,26.25,24.94,25.88,25.32,25.84,25.04,25.0,25.09,25.66,25.18,25.83,26.03,26.31,25.87,25.92,25.67,26.25,26.13,26.51,26.52,26.02,25.71,25.48,26.33,26.92,26.98,28.24,27.32,25.45,27.48,25.09,25.84,25.1,27.01,26.05,26.79,25.71,26.14,25.22,25.35,25.36,25.6,24.91,26.09,25.43,25.44,25.31,26.08,25.58,26.73,25.77,26.2,25.63,25.4,25.78,25.7,27.0,26.61,27.48,28.25,26.67,25.86,26.8,26.29,25.95,24.58,25.79,26.04,25.48,26.0,25.78,25.2,25.78,24.99,25.41,26.15,25.84,25.72,25.77,25.94,25.94,25.85,25.93,26.18,26.18,25.82,26.04,26.47,26.56,25.9,27.07,28.43
2020-06-29 16:09:02.4677,0,24.05,27.98,25.88,26.14,24.74,23.87,25.91,25.41,26.73,26.08,26.83,26.04,26.67,26.24,25.61,25.85,26.67,24.99,26.2,26.27,27.13,26.3,26.29,27.05,27.32,27.17,26.49,27.55,27.18,26.85,32.55,29.7,26.12,26.79,26.17,25.74,24.82,24.44,24.84,25.45,25.69,25.62,25.05,25.88,26.2,25.96,25.6,26.2,25.92,25.91,26.11,26.21,26.18,25.82,26.91,26.22,27.05,28.41,25.35,26.6,26.96,27.35,28.62,28.69,26.81,27.13,26.22,25.67,25.34,23.44,24.49,25.43,25.88,25.26,25.52,25.36,26.29,25.6,26.22,25.78,26.5,25.98,26.0,25.9,26.29,25.85,25.76,26.33,27.34,26.47,26.3,27.39,27.49,26.85,27.51,28.05,26.63,26.53,25.9,25.23,25.55,26.03,25.02,25.46,25.53,25.63,25.24,25.39,25.5,25.8,26.02,25.62,25.99,26.69,25.96,26.57,25.83,26.47,26.32,26.42,26.48,27.17,26.49,25.9,26.69,26.25,27.53,27.08,25.7,26.27,25.04,25.19,24.87,25.28,24.62,24.27,24.78,24.82,25.18,25.07,25.53,25.77,25.01,25.81,26.31,26.06,25.93,26.03,26.14,25.83,26.64,26.08,26.69,26.91,26.95,26.66,26.72,26.01,27.85,27.25,26.18,26.96,25.15,26.1,25.3,25.76,25.17,25.61,24.96,25.8,25.39,25.35,25.78,25.3,25.28,25.57,25.42,25.54,26.09,25.94,25.84,26.24,26.48,26.35,26.77,26.89,26.61,26.38,27.35,27.33,26.61,26.42,26.63,25.05,25.4,24.84,24.93,25.36,25.21,26.16,25.86,25.6,25.04,25.36,25.79,25.24,25.56,25.69,25.77,25.72,26.04,26.42,26.48,26.39,26.61,25.79,26.55,26.55,26.89,26.56,27.49,26.79,26.91,26.73,25.73,25.93,24.84,25.47,25.22,25.8,25.57,25.63,25.09,25.34,25.09,25.88,24.99,25.37,25.66,25.97,25.18,25.64,25.56,26.02,26.54,26.6,25.98,26.28,26.17,27.16,26.78,26.71,26.23,27.95,26.76,27.3,26.34,25.32,25.84,25.68,26.3,26.0,25.24,25.86,26.11,25.67,25.62,25.53,25.29,25.16,25.77,25.83,25.5,25.84,25.81,26.02,26.25,26.78,26.28,26.42,27.04,26.53,26.78,26.74,26.81,26.63,27.19,26.61,26.49,25.8,25.61,25.75,25.47,25.9,25.25,25.85,25.61,25.87,25.49,25.96,24.75,25.14,25.85,26.04,25.59,25.73,26.13,26.52,26.32,26.88,26.57,27.04,26.12,26.36,26.25,26.91,26.89,27.29,26.75,27.08,26.41,25.49,25.91,26.06,26.27,25.68,25.03,25.95,25.78,25.85,25.01,25.4,25.65,25.8,26.21,26.06,26.36,25.91,25.81,25.88,26.42,25.79,26.28,26.58,26.66,26.3,26.18,26.92,27.42,27.46,27.05,26.86,25.95,26.23,26.0,25.99,25.43,25.59,25.7,25.99,25.94,26.18,25.74,25.19,25.22,25.73,26.14,26.52,25.62,26.52,25.85,26.33,26.07,26.58,26.27,26.61,26.41,26.59,26.03,26.77,27.37,27.27,26.75,27.31,26.81,25.76,26.18,26.23,25.42,25.76,25.17,25.55,26.51,25.6,25.54,25.86,25.59,25.89,25.78,26.4,26.05,25.67,26.11,25.84,26.09,26.08,26.4,26.69,26.99,26.93,27.08,25.65,27.46,27.03,27.26,27.36,27.49,27.93,25.96,26.89,25.43,26.07,26.01,26.01,25.61,25.84,25.54,25.7,25.64,25.96,26.05,26.52,26.14,26.11,25.64,26.2,25.26,26.06,25.97,26.36,26.47,26.89,26.39,26.97,27.51,27.49,26.59,28.06,27.45,26.32,25.96,25.72,26.27,26.15,26.38,26.07,26.05,25.59,25.39,25.8,26.07,25.66,26.18,26.59,26.56,26.04,26.29,26.07,26.07,25.89,26.2,26.0,26.82,27.04,27.64,26.56,28.21,26.76,27.53,27.46,26.57,27.13,25.89,26.19,26.54,26.2,25.31,25.84,26.05,25.94,26.21,25.69,25.93,26.5,26.12,26.35,26.19,26.03,26.29,26.35,26.12,26.56,25.78,26.64,26.53,27.2,26.62,27.06,27.21,28.25,26.95,27.19,26.27,25.2,25.14,25.54,25.92,25.54,25.84,25.26,25.91,25.85,25.81,25.89,25.77,25.8,26.47,25.87,25.98,25.51,26.41,26.62,26.5,26.24,26.58,26.61,27.0,26.19,26.0,27.12,27.3,27.69,27.36,27.16,26.42,26.83,25.34,26.27,25.86,26.29,25.23,26.07,25.93,25.51,26.06,26.12,25.26,25.88,25.63,26.12,25.94,25.69,25.97,26.27,26.23,27.05,25.8,26.0,26.81,26.65,26.04,26.31,26.39,26.92,28.21,28.98,26.46,24.79,26.47,26.03,26.18,26.14,26.36,26.2,26.17,25.6,25.67,25.55,26.6,25.51,26.23,26.17,25.96,25.68,26.43,26.6,26.8,25.93,26.51,26.47,26.73,26.69,26.95,27.32,27.79,26.75,27.61,27.41,25.74,26.34,25.59,25.9,25.69,26.53,25.32,26.09,25.83,26.24,26.35,25.61,25.66,26.4,25.72,25.98,26.47,26.09,26.38,26.08,25.51,26.73,26.62,26.41,26.68,26.5,26.97,27.32,27.27,27.05,26.72,27.91,27.23,26.31,26.42,25.78,26.66,25.09,26.26,26.21,25.61,25.11,25.65,26.17,26.08,25.69,25.57,25.5,26.23,25.65,26.07,26.06,26.28,26.31,26.91,26.19,25.86,26.13,26.73,26.16,27.3,27.4,26.78,27.95,26.26,25.79,26.77,25.4,25.43,26.81,26.0,26.32,25.69,25.95,25.84,25.83,25.99,25.41,26.14,26.37,26.51,26.21,25.78,26.02,26.7,26.74,26.61,25.62,25.73,26.41,25.91,26.81,26.39,27.51,27.01,26.89,27.45,26.79,25.7,26.2,25.62,25.83,25.74,25.53,26.27,25.28,25.35,25.85,26.0,25.45,25.78,24.95,25.91,25.54,25.81,25.81,25.84,25.78,26.32,25.75,26.36,25.22,26.12,25.16,26.82,26.02,28.19,28.21,25.51,28.26,25.96,26.49,25.06,25.79,25.44,26.2,25.31,26.01,26.16,26.02,26.4,26.02,25.39,26.15,25.56,26.34,25.49,26.2,25.92,27.06,26.04,26.76,26.16,25.98,25.5,25.61,26.53,27.07,27.57,27.46
2020-06-29 16:09:02.5938,0,26.16,27.7,26.24,26.71,24.28,24.37,24.63,25.36,25.91,26.36,25.47,25.88,25.12,26.22,25.58,26.25,26.11,26.83,26.18,26.39,26.25,26.85,26.25,26.24,26.95,27.12,26.04,26.34,27.05,27.27,27.59,29.21,27.49,26.9,27.41,25.42,24.95,24.19,24.63,24.73,25.51,25.43,25.74,26.4,25.92,25.94,26.77,25.26,26.55,25.77,26.9,26.32,26.84,25.51,26.3,26.78,26.09,26.26,27.79,26.53,27.5,26.02,29.2,27.08,25.46,26.77,25.73,25.99,24.94,25.4,24.76,25.25,25.3,25.52,24.84,25.73,25.43,25.23,26.21,26.26,25.78,26.34,26.11,26.39,26.15,25.85,26.14,26.87,26.31,26.3,25.92,26.84,26.53,27.54,26.79,30.28,25.25,26.2,26.6,25.71,26.16,24.86,25.29,24.99,25.25,25.48,25.74,25.37,26.44,25.08,25.79,25.73,26.11,25.99,26.2,25.97,26.55,25.72,26.17,26.67,25.9,25.99,26.14,26.34,27.67,26.91,27.89,26.61,25.39,26.19,24.97,24.61,24.36,25.71,25.3,25.08,25.4,25.57,25.17,25.55,25.31,25.89,25.68,25.71,25.77,25.85,25.37,26.38,26.25,25.95,26.14,26.32,26.54,25.82,25.75,26.79,26.66,27.32,27.56,26.93,27.12,26.1,25.45,25.35,25.13,25.28,25.15,25.19,25.33,25.42,25.17,25.34,25.36,25.3,25.62,25.57,26.39,25.64,26.31,26.05,26.52,25.9,26.13,26.09,26.25,26.74,27.02,27.38,27.16,26.95,26.93,26.94,25.98,25.55,25.51,26.42,24.89,26.59,25.19,25.64,25.61,25.95,25.26,25.59,24.85,25.16,25.46,25.71,25.38,25.84,25.64,26.43,26.48,26.08,26.05,26.61,26.78,26.55,26.19,27.25,26.68,26.29,26.85,27.97,26.98,26.04,25.62,24.62,25.2,25.37,25.7,25.11,25.8,25.78,25.64,25.12,25.32,25.68,25.58,25.98,25.3,25.65,26.28,25.83,26.35,26.5,26.43,26.85,26.52,26.41,27.17,26.82,26.8,26.98,26.89,27.23,25.91,26.14,25.79,25.02,25.05,25.58,25.85,25.37,25.66,25.78,24.98,25.75,25.31,25.66,25.88,25.66,25.51,26.06,26.12,26.33,26.06,26.4,26.28,26.33,26.69,26.42,26.89,26.86,26.63,27.19,26.29,26.91,26.97,25.74,25.89,25.7,25.73,25.22,25.49,26.08,25.62,25.65,25.82,25.36,25.35,25.44,26.25,25.77,25.9,25.37,26.34,25.86,26.53,26.59,26.8,26.83,26.35,26.59,26.63,26.89,26.58,26.67,27.53,27.53,25.81,27.66,25.4,25.57,25.59,25.8,25.38,25.6,25.57,25.97,25.32,26.12,24.89,25.64,26.04,26.18,26.01,26.48,25.64,26.57,26.05,26.98,26.29,26.7,26.99,26.19,26.16,27.43,26.42,27.16,27.0,27.65,26.42,25.83,26.43,25.5,26.07,25.57,26.06,25.52,25.95,25.46,25.96,25.6,25.63,25.18,26.08,26.26,25.74,25.99,26.71,25.97,26.86,26.6,26.38,27.04,26.85,26.36,26.27,26.75,27.35,26.26,27.51,27.75,26.92,26.72,25.69,25.76,25.53,25.76,25.52,26.01,25.99,25.92,25.25,25.78,25.32,26.1,26.45,26.43,25.88,26.16,25.76,26.52,25.33,26.11,26.09,26.5,26.55,26.71,25.94,26.66,27.16,27.57,27.04,27.98,28.13,27.21,26.23,25.38,25.29,25.92,26.61,25.78,25.94,25.21,25.77,25.62,25.58,25.88,26.63,26.27,26.35,25.94,25.95,26.22,26.15,26.36,26.4,26.27,26.59,25.97,27.51,26.32,27.36,27.32,27.69,27.84,26.68,26.61,25.61,25.39,25.84,26.53,25.53,26.19,26.37,26.03,25.8,26.73,25.22,26.07,26.01,26.7,26.58,25.88,26.4,26.58,25.78,26.21,26.21,26.76,26.59,26.82,26.23,27.07,27.61,27.18,27.48,28.09,26.52,26.9,25.41,26.0,27.06,25.79,26.03,26.66,25.85,25.95,25.82,25.7,26.05,25.85,26.52,26.37,26.21,25.77,26.13,25.79,26.73,25.97,26.42,26.75,26.76,26.5,26.48,26.65,27.33,27.21,27.9,26.96,26.2,26.38,25.57,25.36,26.04,26.06,25.58,26.13,25.79,26.19,25.81,26.32,25.38,25.52,25.5,26.58,26.38,25.63,25.73,26.34,26.3,26.26,26.58,26.4,26.3,26.43,26.64,26.29,26.97,28.11,27.3,27.11,25.44,25.87,25.79,25.28,26.41,26.0,25.48,25.94,25.82,25.51,25.86,25.38,25.68,25.69,25.65,25.74,25.77,25.9,26.38,26.18,26.86,26.44,26.8,25.78,26.23,26.52,27.1,26.55,26.95,26.42,27.3,27.54,25.61,26.59,25.24,25.99,25.28,25.56,26.08,26.19,25.69,26.07,26.34,26.01,25.56,25.94,25.32,25.78,26.37,26.0,25.6,26.62,25.95,26.48,26.15,26.47,26.47,27.06,26.36,26.58,26.68,26.87,27.9,27.54,26.64,25.89,25.38,25.69,26.55,25.21,26.24,25.94,26.55,25.64,25.68,26.84,25.99,25.66,25.94,26.19,25.98,26.2,26.19,26.09,26.71,26.62,26.62,26.52,27.05,26.61,27.09,26.85,27.24,27.16,27.03,28.21,25.89,25.64,25.25,25.9,25.99,26.29,25.66,25.92,25.85,25.87,25.27,25.33,25.51,25.93,25.79,26.3,26.34,26.22,25.95,26.75,26.04,26.31,25.76,26.81,26.37,26.39,26.69,27.36,27.41,27.18,27.87,28.48,26.4,25.9,25.98,24.44,25.72,25.68,26.84,25.29,26.07,25.8,25.6,25.33,26.34,25.63,26.27,26.02,26.19,26.09,26.36,26.25,26.82,26.61,26.86,26.11,26.66,25.68,26.65,27.24,26.85,26.92,28.14,27.44,27.32,26.7,25.41,26.52,24.87,25.12,25.53,26.58,25.27,26.1,25.33,26.1,25.73,25.57,25.15,25.94,26.63,26.14,25.8,26.31,25.7,26.17,25.47,26.44,25.74,26.26,25.4,26.31,26.57,27.09,27.83,28.35,27.34,25.74,25.9,26.01,26.06,25.21,26.37,25.53,26.29,25.98,25.88,25.32,25.36,24.98,25.89,25.5,26.06,25.58,26.13,26.05,26.3,25.96,26.17,26.3,26.13,26.24,26.64,25.55,26.66,26.22,27.98,27.9
2020-06-29 16:09:02.7224,0,27.88,26.17,26.79,25.77,24.63,23.73,24.76,25.78,25.53,25.5,25.98,25.19,25.87,25.83,26.04,25.99,25.76,25.78,26.51,26.28,25.75,26.03,27.09,26.45,26.4,27.03,26.75,27.03,26.59,27.28,29.06,26.88,25.14,26.33,26.48,25.83,24.13,25.04,25.21,25.17,25.71,25.5,24.91,26.45,25.67,26.11,25.86,26.09,25.4,25.54,25.44,26.5,25.91,26.26,26.34,25.96,25.99,26.69,26.11,27.21,26.41,27.47,27.16,27.4,26.11,26.03,25.5,25.14,24.72,23.64,25.15,25.14,24.8,25.12,24.75,25.09,25.21,25.59,25.39,25.53,25.44,26.33,25.65,26.26,25.93,25.34,26.33,25.79,26.52,26.34,26.02,26.92,26.31,26.33,27.4,28.61,25.74,25.09,25.18,25.49,24.43,25.11,24.88,25.35,24.59,24.99,24.98,25.53,25.01,25.69,26.24,25.75,25.52,25.77,26.06,26.46,25.46,26.24,25.26,25.64,25.51,25.91,26.04,26.44,25.86,26.13,27.15,27.82,26.01,25.93,25.66,25.58,24.29,24.85,24.94,25.1,25.05,24.94,25.07,25.29,25.09,25.19,25.23,25.35,25.76,25.82,25.82,25.45,25.57,25.12,26.29,25.57,25.78,25.97,25.67,26.07,25.79,25.88,27.14,26.88,25.02,25.28,24.48,25.12,24.26,24.31,25.03,25.23,25.32,25.2,25.14,25.35,25.0,25.08,25.37,25.24,25.39,25.53,25.95,26.71,25.93,25.79,26.0,26.24,26.0,26.13,26.19,26.12,27.06,26.89,27.62,26.91,25.36,24.92,25.28,24.86,25.11,25.78,24.83,25.39,25.86,25.7,25.59,24.89,24.52,24.8,25.24,25.46,25.36,24.98,26.24,25.66,25.94,25.72,27.06,26.35,25.71,26.04,26.24,26.57,27.07,25.87,26.44,27.52,25.78,25.08,25.68,24.56,24.94,25.42,24.8,25.77,25.19,24.66,25.39,25.88,24.35,24.86,25.53,25.46,25.05,25.82,25.63,25.81,26.1,26.07,25.63,25.94,25.92,25.94,26.65,26.46,25.79,26.61,26.8,27.55,26.23,25.53,25.57,25.23,24.55,24.52,25.25,25.48,25.78,24.99,25.61,25.19,24.89,24.34,26.05,25.98,25.77,25.52,25.99,25.69,25.35,25.55,26.7,26.94,26.47,25.93,26.54,27.14,26.41,26.35,26.74,26.82,25.28,26.03,24.69,24.55,25.2,25.13,25.6,25.02,25.26,25.33,25.36,25.75,24.91,24.93,25.43,25.84,25.84,25.52,25.62,26.12,25.61,26.47,26.55,26.29,26.1,26.83,26.37,26.15,25.76,26.45,27.27,27.81,26.29,26.56,26.42,25.62,25.49,25.94,25.76,25.82,25.24,25.29,25.2,25.27,25.16,24.92,26.19,25.75,25.43,25.87,25.8,26.41,25.54,25.76,26.27,26.45,26.99,26.28,27.79,26.79,26.47,26.48,26.94,26.89,26.34,26.45,25.86,25.57,24.76,25.73,25.92,25.76,25.48,25.65,25.31,25.58,25.28,25.24,26.01,26.31,26.03,25.68,25.91,26.31,26.32,26.18,26.03,26.29,26.16,25.91,26.27,26.14,26.96,26.74,26.77,27.2,26.18,26.3,26.37,25.8,25.17,25.5,25.53,25.76,25.66,25.88,25.83,25.63,25.39,25.47,25.86,26.18,25.67,25.82,26.09,26.08,25.31,25.56,26.29,26.14,26.11,26.34,26.6,26.41,27.07,26.61,26.98,26.89,27.7,27.15,24.92,25.16,24.9,25.45,25.04,25.21,25.48,25.2,25.11,25.69,25.23,25.66,25.83,26.05,25.64,26.0,25.79,26.19,25.52,26.04,26.66,26.87,26.01,26.66,26.38,27.11,27.1,26.95,26.13,27.62,26.63,26.36,25.85,26.18,25.89,25.11,25.91,25.94,25.29,25.35,25.89,25.77,25.38,25.34,26.16,26.27,26.08,25.63,26.47,26.23,25.36,25.56,26.61,26.08,26.03,26.45,26.39,25.9,27.11,26.63,27.42,26.99,25.37,25.81,26.06,25.47,25.6,25.7,25.53,25.73,25.17,25.19,26.18,26.29,25.41,25.91,26.54,26.05,26.05,25.64,26.26,26.24,25.79,25.85,25.86,26.85,26.51,25.8,26.48,26.82,26.36,27.27,27.8,27.58,25.79,25.06,25.34,24.94,25.95,25.8,25.6,25.75,25.34,25.28,25.48,25.12,25.16,24.88,26.06,26.13,25.87,25.67,26.39,26.09,26.08,26.52,26.47,26.47,26.31,26.18,26.69,26.58,26.6,26.35,27.93,27.37,25.91,25.29,25.36,26.0,26.01,25.37,25.34,26.21,25.68,25.84,25.71,26.22,24.82,25.27,25.59,25.21,25.52,25.58,26.13,26.16,26.1,25.91,25.89,26.11,26.21,26.18,26.44,26.74,26.84,27.11,27.21,27.83,26.91,25.4,25.35,24.75,25.78,26.01,25.59,25.8,25.11,25.58,25.78,26.09,25.75,25.69,25.51,25.63,25.44,25.85,26.21,26.05,25.84,26.01,26.28,26.57,26.62,26.05,27.12,26.75,26.3,26.14,27.14,27.27,25.01,25.66,25.62,24.96,25.26,25.42,26.11,26.24,25.81,25.77,25.65,26.06,26.16,25.86,26.0,26.07,25.52,26.08,26.25,25.44,26.03,26.29,26.02,26.06,26.17,26.0,26.41,26.62,26.98,26.94,27.49,28.17,25.66,25.58,26.48,24.94,24.97,25.57,26.14,26.36,26.01,26.25,25.41,25.55,24.94,25.22,26.35,25.82,25.79,25.96,26.41,26.27,25.81,25.7,26.8,25.93,25.88,25.72,27.22,26.02,27.02,26.92,27.65,26.59,25.48,24.44,25.7,25.46,25.13,25.45,25.86,26.49,24.76,25.7,25.33,25.84,25.62,25.41,25.78,26.6,26.04,25.76,25.88,26.26,25.61,25.78,25.83,26.02,25.32,25.6,25.77,26.38,26.09,27.04,27.47,28.07,26.34,25.77,25.38,26.06,25.33,25.03,26.09,25.09,25.18,25.15,24.57,25.58,24.99,25.06,25.67,25.06,25.8,25.77,25.82,25.93,25.99,25.65,25.93,26.04,25.81,25.69,25.67,25.36,26.7,26.07,27.36,27.5,26.76,25.74,25.41,25.98,24.74,25.32,24.81,25.93,25.17,25.46,25.21,25.36,25.75,25.01,25.5,25.53,25.05,25.6,25.48,26.21,25.39,26.01,25.77,25.92,24.97,25.55,26.03,25.66,25.65,26.75,26.89,28.64
2020-06-29 16:09:02.8508,0,25.94,25.79,26.03,25.12,24.06,23.95,25.46,25.47,25.54,25.82,25.4,25.36,25.6,25.58,25.91,26.02,25.5,26.07,25.82,26.44,26.46,26.34,26.49,27.1,26.41,26.89,26.94,27.63,27.08,28.16,27.93,28.93,26.83,25.66,26.51,26.06,24.15,24.69,25.74,25.34,25.58,25.96,26.5,25.5,25.69,25.73,26.54,25.57,25.55,25.68,26.0,25.84,26.2,25.57,26.65,26.27,27.41,26.37,27.2,27.22,27.47,28.2,28.07,26.85,26.42,25.81,25.12,25.56,24.9,24.84,24.54,24.86,25.23,25.42,25.03,25.5,25.34,25.61,26.24,25.91,26.4,26.23,25.66,26.28,25.31,26.0,25.8,26.36,26.24,26.36,26.68,27.11,26.5,26.55,27.41,28.99,26.77,25.55,26.36,24.18,25.6,24.64,25.94,24.77,25.55,25.27,25.26,25.03,25.27,24.87,26.26,25.52,26.0,25.55,26.32,25.75,26.2,25.39,26.34,26.32,26.37,26.06,26.38,26.45,26.23,25.78,27.65,25.52,26.02,26.36,24.76,25.08,24.46,25.02,24.95,24.71,24.67,24.84,24.96,25.79,24.65,25.66,25.58,26.26,25.33,25.29,25.72,25.7,25.93,26.29,26.54,25.97,26.19,26.67,25.97,27.16,26.45,26.24,26.55,27.36,26.07,24.69,25.74,25.48,24.74,25.21,25.47,24.84,25.59,25.69,25.17,25.59,25.13,25.31,25.72,25.79,25.42,25.54,25.98,26.06,26.4,26.25,26.73,25.88,26.41,26.14,26.22,26.87,25.97,26.57,27.07,26.52,25.18,26.24,24.96,25.05,25.26,25.67,25.37,24.89,25.39,25.03,25.27,25.03,24.85,25.24,25.15,26.19,25.37,25.82,25.94,26.1,25.95,26.28,26.17,26.49,26.2,26.32,26.39,27.01,26.62,26.53,26.63,27.73,27.11,25.82,25.86,24.89,25.68,25.29,26.35,25.15,25.92,25.35,25.73,25.23,25.6,25.07,25.95,26.07,25.66,25.53,25.95,26.12,25.91,26.29,26.53,26.63,26.64,26.81,26.41,26.6,27.32,26.15,26.83,27.2,26.06,24.86,25.1,25.1,24.7,26.28,24.89,25.75,25.45,26.21,25.73,25.21,25.67,25.34,25.58,26.0,25.78,25.74,25.71,26.01,25.55,26.48,26.39,26.53,26.37,26.78,26.42,27.03,26.42,27.26,26.92,26.85,27.26,26.38,25.65,25.8,26.04,25.54,25.87,25.75,25.84,24.9,25.59,25.35,25.31,25.04,25.64,26.22,25.86,26.0,26.3,26.13,26.31,26.78,26.88,26.73,26.68,26.73,26.65,26.42,26.49,26.6,26.64,27.49,25.95,26.24,25.02,25.8,25.5,26.22,25.77,25.73,25.13,25.63,25.0,25.69,24.87,25.22,25.74,26.32,25.98,25.7,25.99,26.72,26.22,26.56,26.9,26.36,26.56,26.42,26.32,26.17,27.04,26.79,27.59,26.92,26.36,25.78,26.04,25.74,25.84,26.25,24.99,25.66,24.97,25.66,25.63,25.39,25.21,25.25,26.12,25.86,25.87,25.69,26.12,26.32,26.34,26.29,26.36,26.29,26.52,26.38,26.66,26.66,27.4,26.46,27.28,27.53,27.05,27.17,25.78,25.98,25.32,26.41,25.3,25.67,25.24,25.9,25.84,25.75,24.73,26.06,26.14,26.57,26.41,25.94,26.0,25.92,25.6,25.78,26.7,26.68,26.56,26.48,26.73,26.81,27.08,26.64,26.66,27.09,28.9,27.16,26.15,25.91,25.84,25.84,25.66,25.68,25.39,26.15,25.73,25.4,25.53,25.58,26.31,26.33,26.48,25.73,26.18,26.01,25.83,25.96,26.38,26.16,26.91,26.9,26.78,26.61,27.54,27.24,28.11,27.3,25.76,26.21,26.01,25.76,26.16,25.78,25.8,26.08,25.41,25.59,25.39,26.3,24.91,25.55,26.26,26.57,25.72,26.3,26.0,26.25,25.86,25.88,25.79,26.43,27.05,26.59,26.91,26.71,27.12,26.65,27.26,27.52,26.46,25.65,25.63,25.48,26.43,25.32,26.27,25.5,26.05,25.52,25.39,25.89,25.63,25.83,26.38,26.62,26.17,25.84,26.76,25.96,26.01,26.06,26.29,26.53,26.87,26.52,26.51,26.96,26.1,26.7,27.33,27.25,25.98,25.97,25.51,25.9,25.82,26.36,25.99,26.51,25.24,25.74,26.24,25.99,24.56,25.59,25.98,26.35,25.78,25.7,25.72,25.91,26.19,26.44,26.37,26.61,26.78,26.21,25.76,26.61,27.05,27.13,27.77,28.26,27.21,25.66,25.39,25.38,25.89,25.38,25.12,25.72,25.59,25.52,25.84,26.12,24.94,25.68,26.31,26.22,25.44,25.78,26.35,25.86,26.43,26.43,26.9,26.45,27.17,26.43,26.47,26.62,27.16,26.82,26.72,27.49,26.16,25.06,24.86,25.43,24.92,26.59,26.0,25.7,25.36,26.07,26.01,25.67,25.76,25.61,25.72,25.96,26.36,25.98,25.91,26.49,26.27,26.04,27.09,26.36,26.25,26.33,26.57,27.06,26.46,27.11,27.69,27.3,26.4,25.68,25.14,25.63,26.02,26.57,26.14,25.59,25.72,26.02,25.79,25.73,25.97,25.87,25.92,25.87,25.44,26.09,26.38,25.67,26.91,26.08,26.74,26.78,26.82,26.27,26.58,26.2,26.85,26.95,27.52,27.99,26.09,25.6,25.58,25.32,24.67,25.6,25.87,26.52,26.02,26.14,25.42,25.58,25.64,26.25,25.69,26.18,25.91,25.76,25.74,25.95,25.82,26.31,26.18,26.45,25.89,26.43,26.78,26.67,27.04,27.63,27.85,27.23,26.79,25.88,25.73,25.65,25.32,25.62,26.46,26.22,26.23,25.71,25.36,25.97,26.11,25.53,26.26,26.04,25.73,25.88,26.13,26.73,26.47,25.67,27.14,26.16,26.02,25.61,26.11,26.23,26.78,27.75,28.7,26.78,25.36,27.56,25.79,25.9,25.68,25.72,25.16,26.04,25.47,25.86,25.52,25.34,25.38,25.34,25.43,25.7,25.81,26.15,25.71,26.58,26.13,26.34,26.21,26.78,24.79,25.57,25.35,25.9,25.63,26.85,28.32,29.23,27.36,25.76,26.25,25.59,25.98,25.34,25.32,25.78,25.77,25.76,25.78,25.64,25.38,25.02,26.03,25.54,25.58,25.37,26.02,25.83,26.19,26.42,25.93,26.22,26.04,26.02,26.4,27.4,26.96,26.77,29.05,28.67
2020-06-29 16:09:02.9792,0,28.38,26.64,27.05,24.9,24.44,24.52,24.76,25.14,25.69,25.53,25.99,25.94,26.29,25.86,26.32,26.3,26.3,25.42,26.65,25.75,27.3,25.77,27.1,26.17,27.54,26.05,26.57,27.07,27.55,28.17,29.07,29.6,26.84,26.0,25.85,26.26,24.9,24.69,24.74,25.5,24.69,26.1,25.23,25.91,26.23,25.99,26.02,26.75,25.94,25.94,26.41,25.97,26.07,26.13,26.22,27.17,26.64,26.86,27.03,27.04,28.1,28.43,28.09,26.84,27.28,26.54,25.91,25.37,25.91,24.68,24.54,25.48,25.5,25.56,25.81,24.99,25.94,25.62,25.88,25.92,26.63,25.64,26.14,25.8,26.55,25.25,26.47,25.82,26.81,26.37,26.68,26.45,27.91,27.13,27.68,27.95,24.76,25.32,25.6,25.68,24.96,25.92,24.77,25.5,24.75,25.79,24.5,25.78,25.63,26.29,25.68,26.1,25.89,26.58,25.62,26.23,26.21,26.37,26.34,26.32,25.82,26.34,25.6,26.28,26.07,26.69,28.14,27.55,26.86,25.36,25.3,24.91,25.38,25.03,24.8,24.31,25.56,24.47,25.79,24.73,25.42,25.56,25.69,24.82,26.09,25.63,25.72,26.38,26.38,25.84,26.17,26.35,26.72,25.59,26.7,26.41,26.77,26.59,26.74,26.48,25.47,26.66,24.34,25.82,25.8,25.35,25.2,25.23,25.1,25.32,25.06,25.12,25.03,25.74,25.07,25.36,25.42,25.64,26.09,26.17,25.85,26.36,25.67,26.6,26.03,26.65,25.65,27.16,27.09,26.57,27.27,26.31,25.95,25.88,24.79,24.57,25.26,25.26,25.49,25.03,26.23,25.49,25.26,25.37,25.05,25.24,25.66,24.97,25.77,25.62,25.94,25.8,26.59,25.96,26.06,25.45,26.32,25.7,26.65,26.31,27.08,25.42,27.16,26.44,26.0,26.18,23.92,24.89,24.69,26.24,24.7,25.27,25.57,26.02,24.66,25.45,24.28,25.37,25.35,25.66,25.47,26.13,26.45,26.32,25.92,25.86,26.1,26.74,26.06,26.81,26.42,26.74,26.27,27.08,26.66,26.65,26.24,25.39,25.89,24.95,25.52,25.09,25.63,25.63,26.01,25.02,25.51,25.01,25.57,24.96,26.53,25.15,26.06,25.65,25.81,26.4,26.14,26.68,26.38,26.54,26.82,26.55,26.93,26.37,26.98,26.23,26.91,26.51,26.03,27.05,25.51,25.64,25.23,25.4,25.39,25.75,25.4,26.08,24.87,25.76,25.03,25.23,25.74,26.41,25.68,26.0,25.83,26.32,25.73,26.68,25.95,27.26,25.9,26.84,27.16,26.68,25.93,28.05,26.81,27.14,26.83,25.91,26.43,24.89,26.03,25.06,25.76,25.62,25.79,25.22,25.3,25.7,25.55,25.32,26.29,25.68,26.26,26.26,25.99,26.06,26.7,26.18,26.79,26.26,26.89,25.74,26.69,26.44,26.76,26.79,27.91,27.09,25.85,26.29,26.21,26.03,25.98,26.25,25.12,26.12,25.3,25.97,25.64,25.68,25.5,25.62,25.76,26.68,25.52,25.59,25.84,26.22,26.16,26.19,26.27,26.4,26.41,26.94,26.54,26.28,26.72,27.02,26.65,27.53,28.92,26.84,26.23,25.54,26.22,25.53,25.42,25.67,26.2,25.28,25.64,25.46,25.68,25.6,26.51,26.3,26.13,26.03,26.55,26.11,26.08,25.49,26.6,26.38,27.22,26.26,27.1,26.44,26.94,27.07,27.64,26.93,28.07,28.49,25.56,25.61,25.71,26.09,25.67,25.56,25.72,25.73,25.04,25.79,25.45,25.86,25.68,26.51,26.04,26.01,25.54,25.82,25.54,26.05,26.08,26.67,26.48,27.12,26.04,26.86,27.13,27.38,27.31,27.13,26.99,25.53,25.85,25.32,26.03,25.4,25.91,26.32,25.62,25.91,26.09,26.1,26.15,25.09,25.89,26.48,26.64,25.66,26.28,26.07,26.26,25.89,25.89,26.33,26.94,26.48,26.52,26.58,28.1,26.95,27.92,26.69,25.58,26.68,25.64,26.23,25.36,25.58,25.56,25.62,25.63,25.84,25.29,26.3,26.11,25.92,26.11,26.43,26.18,26.39,26.0,26.73,26.41,25.85,25.47,26.42,26.76,26.86,26.13,27.22,27.11,27.13,26.52,27.25,27.07,24.91,25.67,24.97,25.82,25.7,25.98,25.53,25.91,25.09,25.92,25.79,25.56,25.59,25.97,25.77,26.26,25.9,26.5,26.31,26.59,26.55,26.59,26.39,26.78,26.09,26.83,26.07,27.64,26.68,27.6,26.53,25.76,26.01,25.24,25.85,25.9,25.78,25.25,26.21,25.83,25.29,25.63,25.48,24.85,25.77,25.03,25.92,25.64,26.46,25.77,26.66,25.92,26.43,25.59,26.67,26.82,26.79,25.67,27.29,26.43,27.42,27.08,27.84,27.3,25.62,25.86,25.76,26.22,25.62,25.99,25.57,26.3,25.85,26.35,26.44,25.86,24.98,25.61,25.76,26.26,25.98,26.43,25.77,26.37,26.04,26.4,26.13,26.62,26.21,26.7,26.21,28.3,26.17,27.5,27.12,26.02,25.86,24.98,25.46,25.59,26.42,26.41,25.85,26.08,25.9,25.12,25.73,25.98,25.98,25.62,25.66,25.86,25.88,25.96,26.4,26.06,26.08,26.17,26.43,26.58,26.65,26.02,27.06,26.54,28.04,27.35,28.92,27.93,25.41,26.49,25.5,26.08,25.6,25.87,25.83,26.27,25.9,25.06,25.35,25.75,25.7,26.25,25.63,26.12,25.44,26.3,25.16,26.75,26.2,26.18,25.32,26.41,25.75,26.63,25.74,28.01,27.12,27.07,28.25,26.59,26.68,25.0,25.47,25.33,26.39,25.32,26.64,26.11,25.97,25.74,25.84,24.84,25.99,25.36,26.26,26.3,25.88,25.91,26.5,26.36,26.51,26.25,26.28,25.76,25.46,25.81,26.23,26.95,27.57,26.5,27.21,26.1,26.03,26.58,24.93,25.51,25.4,26.1,25.12,25.61,25.32,26.05,25.09,25.89,25.09,26.16,26.08,25.81,25.56,26.08,25.58,26.12,25.81,26.21,26.22,25.82,25.27,25.68,25.23,26.17,25.92,28.08,26.69,26.81,26.95,26.26,27.95,25.65,25.84,24.53,25.93,25.63,26.74,26.06,26.04,25.52,25.78,25.54,25.79,25.96,25.86,25.64,26.61,26.46,27.08,26.36,26.07,26.35,26.33,25.4,27.05,24.95,26.57,28.27,29.31
2020-06-29 16:09:03.1069,0,24.96,27.47,26.04,26.26,24.84,25.07,24.25,25.31,25.39,26.13,25.56,25.8,25.33,26.27,25.51,25.61,26.18,25.55,26.8,26.72,26.05,26.34,26.35,26.95,26.26,26.73,26.95,27.07,27.09,27.6,27.95,28.96,29.26,26.02,26.3,25.64,24.9,24.35,25.58,24.36,25.74,25.67,25.94,25.92,25.96,26.26,25.89,25.32,26.2,25.43,25.74,26.39,26.07,26.56,26.07,26.73,26.8,26.87,27.21,26.32,28.1,27.02,28.96,29.17,27.59,26.79,25.92,25.37,25.25,24.68,24.86,25.33,24.96,25.43,25.3,25.12,25.71,26.59,26.01,26.04,25.46,26.36,26.51,26.17,26.32,26.51,26.21,26.51,25.96,26.67,26.21,26.45,25.97,26.37,26.59,27.25,26.53,25.56,26.18,25.69,25.61,25.14,24.91,25.22,24.62,25.14,24.63,24.79,25.51,25.95,25.68,25.53,25.89,26.25,26.68,26.59,25.97,26.62,25.69,26.2,26.23,26.5,26.07,26.62,25.72,26.16,27.43,27.28,25.82,26.76,25.68,25.62,25.7,25.94,25.1,24.99,25.57,25.22,25.8,25.32,25.21,25.22,25.81,25.38,26.32,25.95,26.06,26.04,26.51,26.07,26.3,26.35,26.73,26.13,26.13,26.71,25.97,27.09,26.96,26.92,26.28,26.09,25.57,25.15,24.9,25.37,25.06,25.51,25.35,25.58,24.94,25.6,25.35,24.77,25.83,25.69,25.53,25.55,26.31,25.96,26.41,26.15,25.91,26.38,26.41,26.41,25.51,26.29,27.4,26.42,26.51,26.73,26.15,26.99,24.97,25.06,24.98,25.54,25.64,25.16,25.04,25.61,25.05,25.37,24.54,25.55,25.67,25.48,25.38,25.72,26.15,26.21,25.96,26.28,26.07,26.38,26.45,26.57,26.53,26.88,27.09,27.32,27.71,27.19,27.12,25.65,24.9,25.7,25.4,25.16,25.47,25.41,25.69,25.47,25.09,25.35,25.1,25.08,25.75,25.47,25.37,25.44,26.05,26.13,26.02,26.19,26.21,26.42,27.0,25.59,26.02,27.31,26.72,26.32,27.01,27.75,26.07,25.39,26.38,25.42,24.98,26.16,25.27,25.51,25.8,25.67,25.63,26.15,24.81,25.64,25.78,25.63,25.69,25.74,25.72,26.01,26.06,26.38,26.61,26.86,26.6,26.66,26.3,27.16,26.43,26.97,27.26,27.2,26.38,26.22,25.51,25.81,25.37,25.15,25.39,25.4,25.4,25.88,25.39,25.26,24.93,24.95,25.74,26.04,25.96,25.45,26.02,26.23,26.21,26.59,26.47,27.16,27.02,26.5,27.03,26.56,26.5,26.61,26.64,27.16,26.31,25.73,26.44,25.5,26.04,25.58,25.66,25.5,24.92,25.32,25.52,25.4,25.46,25.23,25.84,26.42,25.44,26.17,25.91,26.06,26.23,26.47,26.6,26.79,26.57,27.34,26.33,26.43,26.77,26.79,26.79,26.76,26.89,25.45,25.9,25.59,25.72,24.98,25.0,26.02,25.83,25.57,25.73,25.99,25.5,25.45,25.67,25.96,26.24,25.88,26.12,26.33,26.54,26.49,26.37,26.52,26.52,26.5,27.03,26.42,27.27,26.76,27.77,28.03,27.92,27.84,25.94,26.13,26.37,26.17,25.07,25.56,26.0,25.91,25.45,24.87,25.4,25.41,26.34,26.57,26.23,26.22,26.2,26.3,25.52,25.98,26.2,26.48,26.35,26.83,27.11,26.31,26.81,27.07,27.16,26.76,28.07,28.17,26.16,26.21,25.45,25.85,25.55,25.11,25.51,25.43,25.54,26.0,25.44,25.68,26.32,26.34,26.31,25.74,25.91,25.74,25.83,25.67,25.97,26.17,26.91,26.34,26.29,27.0,26.86,26.69,27.47,26.98,26.65,26.73,25.71,26.06,25.37,25.79,25.69,26.2,25.42,25.7,25.29,26.1,25.59,25.84,26.36,26.39,26.1,26.22,26.39,26.54,25.77,25.68,25.9,26.75,26.61,26.71,26.28,26.45,27.13,26.95,28.26,27.7,27.18,25.84,25.49,25.94,26.43,26.11,25.92,25.75,26.16,25.32,26.11,25.9,25.25,25.55,26.57,26.44,26.27,25.47,26.57,25.97,26.21,25.77,26.09,26.33,25.97,26.18,26.26,26.84,27.82,27.29,28.16,26.93,26.18,26.85,25.04,26.22,25.69,25.83,25.25,25.65,25.59,25.42,26.14,25.89,24.77,25.89,25.5,26.26,25.98,26.19,26.12,26.81,25.89,26.44,26.49,26.28,26.68,26.57,26.04,26.48,27.06,27.59,26.93,27.06,25.95,25.85,25.88,25.71,26.04,25.25,25.88,26.1,25.94,25.97,25.52,25.92,25.45,25.48,25.43,26.23,25.55,25.89,26.06,26.87,26.84,26.44,26.8,26.35,26.71,25.83,26.61,26.21,27.02,27.13,27.42,27.85,25.79,25.99,26.54,25.28,26.23,25.9,25.87,26.09,25.49,25.96,26.02,26.0,25.35,25.93,25.73,25.86,25.97,26.29,26.02,25.98,26.07,25.93,26.53,26.95,26.51,26.97,26.44,26.36,26.63,27.58,27.34,28.42,26.79,25.69,25.15,25.15,26.46,26.15,26.15,26.52,25.6,25.68,25.91,26.41,25.87,25.88,25.93,26.09,26.27,25.89,26.49,26.1,26.05,25.65,26.51,26.08,26.32,26.79,26.87,27.22,26.7,26.64,27.89,28.19,26.1,25.61,26.14,25.33,25.63,26.22,25.6,25.69,26.03,26.02,25.55,25.7,24.85,25.92,26.26,26.19,25.8,26.21,26.09,26.3,26.07,26.56,26.19,25.96,26.69,26.57,26.49,26.98,26.55,27.81,27.47,28.25,26.8,26.3,26.3,25.13,24.52,26.41,25.9,26.23,25.58,25.21,25.37,25.49,25.19,25.66,26.04,25.59,25.63,26.11,25.91,26.39,26.47,26.04,26.25,26.17,26.03,25.34,25.81,27.34,27.29,27.06,27.31,27.23,25.87,26.69,25.6,26.1,25.01,25.73,25.96,25.59,25.76,25.73,25.93,25.62,25.39,25.34,25.32,25.71,25.82,25.92,26.22,25.7,26.01,26.21,26.63,26.07,25.83,25.73,26.02,25.91,26.19,27.05,28.8,28.12,26.82,25.04,25.86,26.79,25.48,25.52,25.66,25.48,25.49,25.77,26.06,25.65,25.13,26.05,26.04,25.17,25.46,25.13,26.15,25.98,26.33,26.43,26.78,27.24,26.05,25.27,25.07,26.55,26.61,27.16,28.8,28.35
2020-06-29 16:09:03.2350,0,28.01,26.35,25.88,24.8,23.59,23.9,25.39,24.75,26.27,26.11,25.51,25.64,25.57,25.85,26.02,26.15,26.27,25.68,25.93,25.74,25.86,26.61,26.3,26.61,26.84,26.86,26.86,27.01,25.98,27.45,26.89,28.44,26.16,25.77,25.75,24.89,24.66,24.26,25.37,25.28,24.82,25.77,25.5,25.32,26.22,25.17,26.15,25.81,26.33,25.92,26.14,25.81,26.06,26.37,27.08,25.77,27.08,26.48,26.63,27.33,28.02,26.87,26.91,27.54,25.65,25.22,25.22,25.89,25.68,24.64,24.65,24.7,25.19,25.42,24.87,25.64,25.69,25.63,25.62,25.93,25.92,25.89,26.49,25.56,26.29,26.51,25.9,25.95,26.77,26.65,26.79,26.74,27.31,26.5,27.52,28.79,26.91,25.65,24.57,24.85,24.6,24.42,24.75,25.32,24.61,25.37,25.9,26.02,25.64,25.33,25.58,25.63,25.67,25.54,26.69,25.38,25.85,25.74,25.82,26.03,26.08,26.17,26.52,26.06,26.19,26.07,27.32,27.37,27.18,25.49,24.5,25.22,24.87,24.25,24.63,25.12,25.16,24.59,25.42,25.57,25.42,25.13,25.35,25.73,26.2,25.86,25.71,25.83,26.49,26.08,26.04,25.98,26.16,26.8,25.93,26.99,26.39,26.55,26.86,27.28,26.01,25.79,25.18,25.41,24.58,25.32,24.64,24.81,25.48,24.7,25.53,25.12,24.72,24.54,24.87,24.82,25.55,25.65,26.0,25.72,26.53,26.35,25.8,26.23,26.54,26.37,26.64,26.97,26.74,26.51,27.59,26.83,25.29,25.45,25.23,24.37,24.93,25.38,25.86,25.29,25.26,25.51,25.48,25.38,24.64,25.06,25.25,25.51,25.38,25.65,25.84,26.23,26.06,26.73,25.72,26.39,26.19,26.33,26.09,27.43,27.03,26.35,26.56,26.76,25.95,25.2,24.38,24.52,25.39,25.67,25.47,25.38,25.7,25.56,25.33,25.01,24.71,25.38,25.38,25.37,25.5,25.34,25.69,26.03,26.46,26.18,26.55,26.28,26.66,26.31,26.41,26.71,26.4,26.41,27.14,27.48,25.62,25.52,26.32,25.39,25.76,25.49,25.74,26.13,26.01,25.58,25.73,25.45,25.1,25.57,25.87,25.85,25.88,25.49,25.53,26.43,25.56,26.21,26.81,26.23,26.25,25.84,26.91,26.9,26.67,25.76,27.86,26.29,26.34,26.66,25.32,24.82,25.63,25.25,25.39,25.25,25.97,25.44,25.41,25.76,24.97,24.95,26.06,25.67,25.24,25.64,26.24,25.95,26.63,26.29,26.39,26.73,26.59,26.83,26.41,25.87,26.77,26.56,27.1,27.59,26.06,26.38,25.92,25.63,25.88,25.71,25.03,25.86,25.35,25.87,25.51,25.33,25.46,25.36,25.66,26.27,25.91,25.19,26.29,25.81,26.13,26.4,26.08,26.81,26.89,25.98,26.3,26.43,26.73,26.78,27.38,27.06,26.5,26.4,25.1,25.99,25.71,25.46,25.84,26.0,25.43,25.87,25.17,25.29,25.15,25.54,25.71,26.15,26.01,25.7,26.06,25.96,26.29,26.2,26.39,27.04,26.43,26.6,26.18,26.39,26.44,26.57,27.42,26.99,29.03,27.13,25.88,26.41,25.68,25.91,25.29,26.03,25.78,25.72,25.55,25.39,24.84,25.53,25.97,26.7,25.69,26.25,26.02,26.24,25.32,25.72,26.3,26.71,26.33,26.5,26.09,26.69,26.77,26.49,26.77,26.72,27.52,27.77,26.29,25.13,25.84,25.56,25.92,25.79,25.1,25.84,25.67,25.41,25.39,25.87,25.89,26.34,26.16,25.74,25.85,26.11,25.38,25.96,25.89,25.95,26.05,26.43,27.04,26.97,27.26,26.64,27.11,26.74,27.28,26.35,25.5,25.75,26.4,26.68,25.3,25.74,25.73,25.93,25.29,25.92,25.3,25.78,26.18,26.24,26.11,25.97,26.01,26.57,26.17,26.31,25.59,26.45,26.71,26.37,26.51,26.97,27.65,26.79,26.88,27.15,26.07,26.62,25.77,26.34,26.69,25.69,25.93,25.73,25.76,25.31,25.83,25.39,25.95,26.03,26.33,25.98,26.39,25.38,26.32,26.16,26.34,26.37,26.53,26.0,26.78,26.97,26.77,27.07,27.23,26.81,27.47,27.7,26.09,26.63,25.46,26.81,26.62,25.03,25.35,25.53,25.91,25.76,25.49,25.28,25.67,25.43,25.69,26.48,25.99,25.63,25.92,26.24,26.5,25.96,26.15,26.3,26.54,26.46,26.27,26.74,27.16,27.26,27.54,27.53,25.16,26.3,25.53,25.17,26.03,26.16,25.75,25.58,25.73,26.06,25.87,26.23,25.28,25.88,25.75,25.23,25.38,25.79,26.09,25.97,26.15,26.23,26.38,27.11,26.37,26.41,27.01,27.13,26.56,27.08,27.38,27.43,26.08,25.2,24.8,25.41,25.89,26.59,25.84,26.22,25.47,25.62,26.12,25.69,26.39,25.74,25.93,25.89,25.96,26.31,25.81,26.11,26.06,26.28,26.28,26.61,26.48,26.21,26.67,26.77,26.88,26.62,28.15,27.25,26.15,24.65,25.62,25.24,25.87,26.11,25.88,26.09,25.85,25.53,25.47,25.61,25.9,25.45,25.53,25.56,25.57,25.47,26.2,26.3,26.18,25.97,26.41,26.54,26.08,26.5,26.43,26.59,27.45,26.26,27.3,28.47,25.99,26.73,25.87,25.28,25.56,25.73,25.27,26.24,26.0,25.52,24.92,26.07,25.52,25.6,25.35,25.64,25.57,25.68,26.41,26.54,25.93,26.33,26.29,26.59,26.79,26.43,25.83,26.03,26.81,27.08,26.79,27.98,26.08,25.99,25.69,24.33,25.3,26.5,25.74,26.04,25.84,25.95,25.74,25.83,26.01,25.64,25.72,26.14,25.98,25.87,26.15,26.37,26.25,26.38,26.38,25.75,26.03,25.71,26.09,26.18,27.08,26.63,26.83,28.19,27.45,27.04,25.1,26.04,25.11,25.52,25.43,26.49,25.72,26.14,25.62,25.48,25.11,25.09,25.54,25.72,26.16,26.05,25.19,25.83,25.59,25.94,26.05,26.63,25.05,25.4,25.13,25.87,26.82,26.43,28.66,28.25,25.55,25.86,26.4,25.9,25.61,25.1,25.79,25.57,25.62,25.16,25.24,25.48,25.78,25.77,25.79,25.9,25.22,25.47,25.77,25.68,26.2,26.53,26.07,27.05,25.44,25.82,25.87,26.3,26.74,25.91,29.2,29.43
2020-06-29 16:09:03.3629,0,27.79,26.07,25.66,25.9,24.73,24.38,24.31,24.48,26.21,24.94,25.59,25.23,25.91,25.46,26.62,25.75,25.8,26.21,26.55,25.33,26.22,26.07,25.93,26.82,27.28,26.26,25.91,26.93,26.49,28.03,27.82,28.77,25.03,26.92,25.71,25.53,23.28,24.59,25.27,25.56,24.85,26.14,25.52,25.53,25.56,26.15,25.76,26.26,26.07,25.45,25.61,25.19,26.08,25.19,25.79,26.16,26.97,26.92,26.9,26.2,26.72,27.62,27.5,29.04,25.73,25.2,24.61,25.24,24.96,24.04,24.9,24.74,25.4,25.02,24.52,24.34,25.23,25.12,25.29,25.43,25.94,26.11,26.04,25.91,26.45,26.0,25.83,26.1,26.56,26.53,25.93,26.31,25.85,26.04,26.75,27.09,26.39,24.78,25.46,25.2,24.99,25.18,25.08,24.67,25.42,24.76,24.49,25.18,25.14,25.72,25.9,25.77,25.76,26.14,25.72,26.48,26.31,26.26,26.08,26.35,25.96,26.24,25.78,25.85,26.62,25.86,27.05,28.02,25.49,25.43,25.74,25.48,26.05,25.5,25.12,24.72,25.59,24.84,24.61,24.84,24.88,25.43,25.14,25.14,26.21,25.16,25.28,25.8,25.47,25.36,26.19,25.59,26.35,26.0,26.02,25.97,25.86,25.77,25.43,25.66,24.51,25.97,25.61,25.03,24.76,24.96,25.34,25.13,24.97,25.1,25.27,25.02,24.46,25.53,25.27,25.47,25.5,25.22,26.18,25.84,26.05,26.26,26.25,25.9,26.15,26.29,26.23,26.47,26.64,26.46,27.52,26.0,25.65,24.82,25.19,25.09,25.01,24.56,25.78,25.54,25.29,25.02,25.27,25.01,25.06,24.39,25.35,25.05,25.16,25.59,25.63,25.35,26.06,25.62,25.96,25.9,26.34,25.56,25.74,26.32,27.28,26.08,26.88,26.3,25.68,25.9,25.25,25.27,24.98,25.18,25.59,25.43,25.79,25.24,25.39,25.13,24.24,25.26,25.62,25.26,24.85,25.53,25.13,25.61,26.3,25.55,26.08,26.53,26.28,26.95,26.68,26.64,26.44,26.2,26.53,26.36,26.67,25.08,25.47,25.75,25.41,25.36,25.03,25.13,25.68,25.43,25.73,25.61,24.89,24.63,25.28,25.69,25.67,25.8,25.99,25.49,26.14,26.45,25.65,26.63,26.03,26.18,26.57,25.57,26.02,25.5,26.47,26.55,26.78,26.44,25.84,25.08,25.64,25.7,25.5,25.4,24.82,25.66,24.94,25.45,24.8,25.51,25.05,25.74,25.64,25.8,26.18,25.64,26.08,26.57,26.13,26.19,26.11,26.39,26.14,26.84,26.08,26.65,27.67,27.72,27.07,26.45,25.7,25.52,25.4,25.19,25.78,25.72,25.47,25.61,25.9,25.07,25.15,24.91,26.0,25.64,25.7,25.77,25.79,25.74,26.02,26.05,26.49,26.24,26.46,26.41,26.22,26.56,26.93,26.38,27.49,26.46,26.93,27.2,25.61,26.08,25.71,25.51,24.99,25.43,25.6,25.14,25.6,25.08,24.98,25.33,25.91,25.85,25.57,25.86,25.9,26.03,25.93,26.18,26.44,26.72,26.06,26.61,26.16,26.81,26.72,26.36,26.51,26.77,27.46,27.21,25.82,25.55,25.86,25.4,25.08,25.19,25.78,25.78,25.64,25.43,25.1,25.18,26.41,25.9,25.75,25.35,25.9,25.51,25.69,25.56,26.5,25.93,26.46,25.67,26.13,26.56,26.84,26.23,27.38,26.96,28.1,27.22,25.57,25.06,25.32,25.35,25.42,25.34,25.37,25.73,25.61,25.4,25.13,25.94,26.37,26.41,25.81,25.53,25.59,26.0,25.7,25.75,26.35,26.26,26.23,26.68,26.41,26.13,27.28,26.57,26.68,27.52,26.01,25.22,25.6,25.18,25.66,25.66,25.69,25.84,25.41,25.04,25.28,25.66,25.38,25.34,25.97,25.7,26.08,25.44,25.8,25.94,25.76,25.95,25.99,25.87,26.5,26.11,26.55,27.1,27.01,26.53,27.49,27.23,25.62,25.37,25.19,26.13,25.9,25.34,26.14,25.64,25.49,24.99,25.87,25.99,25.6,25.82,26.16,26.71,25.95,25.73,26.25,26.05,25.78,25.85,26.06,26.22,26.63,26.53,25.61,26.46,26.69,27.75,27.21,27.99,26.24,25.31,25.41,25.46,25.99,25.3,25.38,25.52,26.04,25.06,25.6,25.76,25.76,25.56,26.07,25.44,25.97,25.38,26.0,26.18,26.49,26.32,25.83,26.26,26.45,25.96,26.59,26.89,26.66,27.0,26.98,27.44,25.81,25.55,25.74,26.06,25.21,25.54,26.24,25.24,25.81,25.41,25.5,25.7,25.32,25.37,25.49,25.72,25.22,25.68,26.32,26.16,26.1,26.33,26.01,26.35,25.88,26.32,26.48,26.65,26.89,27.02,26.94,27.91,26.43,24.74,25.09,24.98,25.97,25.2,26.42,25.44,26.2,25.72,25.35,25.87,25.87,25.38,25.61,25.63,25.55,25.54,25.81,26.05,26.38,26.02,26.3,26.7,26.15,26.33,27.16,26.79,26.67,26.04,27.58,27.54,25.68,26.13,24.83,24.7,25.6,26.46,25.48,25.49,25.83,26.15,25.09,26.08,25.64,25.56,25.9,25.77,25.93,26.08,25.62,26.09,26.35,26.31,26.15,26.21,26.19,26.93,26.45,26.24,27.19,26.68,27.21,26.75,26.4,26.27,25.48,25.01,25.98,25.78,24.91,25.7,25.4,25.76,25.56,25.21,25.53,25.01,25.48,25.83,26.35,25.86,25.97,25.94,25.37,26.31,26.08,26.2,26.84,25.48,25.92,26.69,26.6,25.95,27.36,26.69,26.23,26.58,24.85,24.12,25.82,25.52,26.47,25.54,25.45,25.87,25.48,25.62,25.29,25.43,25.57,25.7,25.49,26.11,25.89,26.4,25.75,26.29,25.86,26.31,25.76,25.78,25.98,26.6,26.49,27.64,27.57,27.33,26.25,25.44,25.48,25.37,25.41,24.08,25.68,26.07,25.37,25.6,25.41,25.35,25.02,24.7,25.57,25.33,25.34,25.3,26.23,25.7,26.28,25.94,25.28,26.22,25.71,25.44,25.58,25.77,27.15,26.53,27.74,27.97,26.66,25.65,25.51,25.88,25.5,25.57,25.19,25.52,24.63,25.8,25.24,25.81,25.38,25.94,24.76,25.43,25.82,25.39,25.37,26.12,25.68,26.45,25.8,26.55,25.17,25.92,25.6,25.22,27.74,26.85,27.86,29.21
2020-06-29 16:09:03.4917,0,24.91,28.31,24.44,25.6,24.42,24.16,24.74,24.98,25.51,26.15,25.68,25.52,26.4,26.56,25.34,25.49,25.88,26.62,25.94,26.04,26.02,26.36,25.55,26.66,26.55,26.91,26.73,26.9,26.81,27.62,26.74,28.32,28.48,25.29,26.09,25.39,25.47,24.13,24.25,24.66,26.35,25.34,25.81,25.19,26.38,25.3,25.51,25.94,26.73,25.66,26.02,25.68,26.09,25.97,25.8,25.94,26.5,26.67,26.87,26.28,27.91,27.46,27.67,24.45,25.51,26.08,24.29,25.58,24.36,25.36,23.74,25.49,25.34,26.39,24.61,24.88,25.07,25.88,25.25,25.21,25.55,26.73,25.39,26.67,25.91,25.77,25.77,25.56,25.49,26.53,26.01,26.8,26.47,26.95,27.1,27.62,27.3,26.18,25.62,24.91,25.79,24.61,24.48,24.6,25.84,24.58,24.9,24.76,25.76,25.56,26.05,25.26,26.02,25.87,25.52,26.32,25.86,25.49,25.31,25.36,26.53,26.04,26.09,25.93,26.43,26.67,26.73,28.67,25.57,26.58,25.28,24.57,24.43,25.5,24.64,24.6,24.91,25.74,23.97,25.1,24.96,25.46,25.11,26.28,25.31,26.3,25.59,25.49,25.79,25.85,25.79,25.99,26.17,26.42,25.66,26.27,25.77,26.6,26.12,26.72,26.71,24.87,24.36,24.42,24.61,24.29,24.66,25.21,25.61,24.69,25.07,24.87,25.37,24.52,25.63,25.34,25.65,25.3,25.24,25.71,26.64,25.78,26.16,25.98,26.69,26.11,26.24,26.4,27.58,27.53,27.1,26.28,25.93,26.45,25.44,24.42,24.51,25.83,25.21,25.04,25.37,25.74,25.24,25.27,24.72,25.16,24.81,25.4,25.25,25.53,25.51,25.81,26.03,26.83,25.02,26.17,25.94,26.46,26.5,26.33,26.75,27.34,25.71,27.2,26.39,25.62,24.59,24.38,25.13,25.26,25.61,24.74,25.82,24.98,25.22,25.65,25.21,25.04,25.57,25.64,25.87,25.51,25.57,26.1,26.97,25.74,26.33,26.61,26.55,26.42,26.83,26.44,27.34,26.28,26.85,27.53,25.13,26.45,24.76,25.9,25.22,26.04,25.74,25.28,25.43,25.36,24.96,26.06,24.88,25.75,25.75,25.74,25.28,25.95,25.2,26.22,25.53,26.2,25.94,26.12,25.54,26.56,26.14,26.79,26.39,26.54,26.56,27.57,26.93,25.15,25.05,24.69,26.19,24.85,25.53,25.61,25.86,24.99,25.71,25.43,25.05,24.92,25.66,25.63,26.16,25.51,25.85,26.11,26.71,26.75,26.07,26.06,26.7,26.47,26.67,26.52,27.64,26.43,26.66,27.12,26.46,27.45,25.16,26.12,25.88,26.11,24.9,24.69,25.33,25.86,24.68,25.41,24.56,25.24,25.16,26.07,25.6,25.54,25.78,26.46,25.72,26.29,26.16,26.7,26.21,26.67,26.42,26.32,27.01,27.09,26.6,26.28,27.94,26.44,27.14,26.31,26.12,25.59,25.26,25.63,25.74,25.22,25.06,25.66,25.23,25.23,25.23,25.38,26.44,25.57,25.86,26.49,26.37,26.07,25.97,25.95,27.08,26.01,26.31,25.74,27.96,26.44,27.3,26.69,28.56,28.35,25.45,25.7,25.94,26.06,25.04,25.34,25.22,25.82,25.52,25.38,24.99,25.99,26.12,26.41,25.93,25.77,25.98,26.03,25.39,26.09,26.27,26.08,25.98,27.18,26.33,25.94,26.36,27.51,27.29,27.11,28.08,27.8,26.17,26.18,26.12,25.94,25.81,25.77,26.05,25.61,25.56,25.48,25.65,25.46,26.15,25.85,26.23,25.99,26.29,25.42,25.75,25.34,25.88,26.03,26.6,26.19,26.05,26.71,27.15,26.94,27.32,27.44,25.73,26.58,24.9,26.38,26.01,25.55,25.65,26.22,25.17,25.82,25.57,25.4,25.17,25.67,25.77,26.59,25.79,25.86,25.6,25.79,25.44,26.2,25.56,26.24,26.47,27.53,26.5,26.73,27.38,27.11,27.08,27.04,26.66,25.45,26.42,25.76,25.91,25.16,26.29,25.95,25.97,24.96,25.61,25.46,26.03,25.33,26.22,26.13,26.1,25.81,26.3,26.32,26.62,25.43,26.21,25.87,27.12,26.38,26.28,26.68,27.55,26.53,27.19,27.23,25.59,25.99,25.33,26.08,25.8,25.98,25.59,25.17,25.21,25.76,25.79,25.38,24.54,25.81,25.86,25.68,25.57,26.01,26.28,26.33,26.27,26.36,25.81,26.41,26.53,26.94,25.6,26.36,27.03,27.45,27.06,26.9,26.88,24.91,25.42,26.14,26.47,25.08,25.01,25.45,26.3,25.05,25.75,25.67,25.47,25.55,25.05,25.9,26.05,25.46,26.08,26.54,26.65,26.1,26.49,25.98,26.72,26.16,26.89,26.32,27.18,27.1,26.57,26.77,25.75,25.27,23.81,25.62,25.33,25.77,25.58,26.11,25.69,26.33,25.1,25.69,25.63,25.84,25.08,25.98,26.04,26.2,25.89,25.99,25.71,26.82,25.92,26.26,26.48,26.48,27.25,26.08,27.36,27.28,27.66,27.69,27.38,25.83,25.85,25.61,26.48,26.26,26.69,25.57,25.86,25.88,25.36,25.6,25.89,25.74,25.32,25.22,26.49,25.55,25.77,26.27,26.61,25.5,26.41,26.64,26.59,26.24,26.6,26.61,27.5,26.45,27.0,26.83,26.27,25.83,24.46,24.64,25.12,26.69,25.14,26.96,25.48,25.41,24.91,25.6,25.27,25.6,25.78,26.09,25.22,26.01,25.71,25.86,25.92,26.57,25.53,26.35,25.46,26.86,26.15,26.38,27.18,27.31,27.24,27.46,27.45,25.85,26.13,24.19,25.5,25.28,25.77,25.91,26.64,25.56,24.89,25.58,25.9,24.93,25.83,26.13,26.09,25.63,25.69,26.01,26.37,26.01,25.88,25.62,26.59,25.86,25.83,26.21,27.47,26.5,26.92,27.19,25.32,28.02,25.17,25.34,25.31,25.41,25.76,25.76,24.6,26.44,24.82,25.1,24.98,25.48,24.79,25.48,25.42,26.05,25.81,25.72,26.1,26.09,25.92,25.95,25.65,25.59,24.66,25.93,26.87,27.06,26.4,27.28,27.39,26.69,25.68,26.16,26.01,25.48,25.35,25.12,25.94,25.31,25.81,25.61,25.93,25.12,25.17,25.64,26.1,25.59,25.66,26.72,26.48,26.26,26.1,26.34,26.22,25.69,24.75,25.82,26.63,26.74,26.69,27.31
2020-06-29 16:09:03.6204,0,28.96,25.04,24.57,26.35,25.12,24.24,25.56,25.4,25.95,25.47,25.36,25.31,26.11,25.27,25.19,25.57,26.67,25.91,25.51,25.42,26.56,26.44,25.83,26.42,27.97,27.83,26.3,26.97,27.18,27.12,29.74,28.37,25.7,28.13,25.71,25.09,24.07,24.61,25.17,25.11,25.53,25.76,25.75,25.73,25.52,26.49,25.99,25.94,26.17,26.42,26.1,25.67,26.17,26.92,26.02,25.92,26.89,26.15,26.24,27.14,26.53,27.34,26.86,26.35,27.96,25.67,26.21,25.27,26.01,24.61,24.64,25.57,25.74,24.98,24.86,24.83,26.41,25.22,25.74,25.65,26.74,25.86,25.64,25.89,26.41,25.59,25.49,26.05,26.63,26.02,26.13,26.87,27.13,26.46,27.78,26.98,26.62,26.52,25.89,25.6,25.22,25.06,25.01,25.46,25.25,25.23,25.49,25.13,25.96,25.68,25.54,25.51,25.52,25.88,26.07,25.97,26.3,25.98,26.04,25.89,26.19,26.73,26.64,25.89,25.99,26.25,27.76,26.2,27.38,26.06,24.86,25.71,24.09,24.52,25.05,24.81,25.16,24.81,25.3,25.42,25.53,25.21,25.46,25.81,25.87,25.72,26.04,26.03,26.72,26.05,26.4,25.95,26.29,26.36,25.64,26.35,26.87,26.17,26.65,26.79,26.17,26.18,24.79,25.06,23.93,25.61,25.16,25.07,24.95,25.43,25.39,25.23,25.01,25.52,25.27,25.57,26.05,25.75,25.64,26.27,26.17,26.46,26.12,26.71,26.51,27.02,26.17,26.23,25.75,27.82,26.98,28.04,26.43,25.61,24.89,24.5,25.8,24.79,25.07,24.73,26.33,25.24,24.93,25.02,25.05,24.72,25.45,25.37,25.67,25.41,25.43,26.31,26.59,26.16,26.16,26.36,26.91,26.54,26.62,26.41,27.18,27.26,26.73,26.34,26.28,25.92,25.32,24.83,24.78,25.39,25.31,25.25,25.55,25.67,25.4,25.33,24.78,25.17,25.85,25.77,25.47,25.93,26.05,25.82,25.7,27.01,26.3,26.28,25.92,27.28,26.77,26.7,26.07,26.1,26.93,27.11,27.42,26.7,26.0,25.51,25.89,25.32,25.49,25.11,26.23,25.0,25.4,25.21,25.29,25.15,25.58,26.2,25.78,25.55,26.39,25.62,26.64,25.87,26.49,26.42,26.7,25.93,26.78,26.33,27.23,26.77,27.35,26.95,27.36,25.97,25.76,25.28,25.46,25.9,25.48,25.85,25.39,26.08,26.0,25.55,25.13,25.52,25.93,26.04,25.39,25.44,25.93,26.04,26.21,25.79,26.88,26.18,25.66,26.48,26.25,26.78,26.45,26.85,26.9,27.92,27.8,27.36,26.85,24.83,26.27,25.02,25.27,25.12,26.22,25.42,25.31,25.39,25.46,25.04,25.84,25.78,26.45,25.81,25.53,25.97,26.51,26.27,26.07,26.46,26.99,26.4,26.05,26.79,27.14,26.46,27.21,26.85,27.33,27.57,27.22,26.58,25.94,26.35,25.57,25.41,25.61,26.08,25.63,25.09,25.12,25.91,25.86,25.78,25.61,25.33,25.85,25.95,26.16,26.68,26.77,26.5,26.51,27.16,26.76,26.64,26.54,27.13,26.26,27.47,28.85,27.27,26.33,25.78,26.2,25.88,25.28,25.88,26.62,25.38,25.64,25.36,25.59,25.88,26.06,26.49,26.05,25.67,26.01,26.2,26.0,25.88,25.67,26.47,26.77,26.47,27.08,26.66,27.32,26.74,27.42,27.35,27.14,27.09,25.95,25.56,26.58,26.44,25.88,25.2,25.5,25.84,25.54,25.41,25.17,25.87,26.05,25.98,26.22,26.11,26.18,26.2,26.21,26.15,26.48,26.05,26.35,26.31,26.13,26.71,26.81,27.06,27.72,27.4,26.57,26.31,25.65,25.26,26.26,26.27,25.66,25.24,26.15,25.37,25.49,25.89,25.49,25.37,25.9,26.2,26.1,25.94,25.72,25.97,26.26,26.18,26.1,26.32,27.04,26.92,26.88,25.89,27.92,26.9,28.02,27.46,26.21,25.92,26.04,25.88,26.26,25.55,25.9,25.72,26.04,25.83,26.3,25.59,25.44,25.93,25.74,26.44,25.99,26.03,26.57,25.87,26.41,25.96,25.88,27.06,26.63,26.97,26.48,26.67,27.2,27.67,27.27,26.67,26.27,25.36,25.94,25.54,26.61,25.39,25.59,25.75,26.24,25.18,25.38,25.88,25.56,25.49,25.69,25.66,26.08,25.8,26.11,26.41,26.6,26.24,26.04,26.27,26.88,26.43,27.19,26.84,27.01,26.93,27.53,27.32,25.12,26.47,25.49,25.8,25.3,26.15,25.34,25.7,25.12,26.39,25.51,25.59,25.25,25.48,25.82,25.82,25.84,25.98,25.86,26.37,26.22,26.84,26.35,26.33,25.99,27.25,26.7,26.71,26.38,27.67,27.17,27.42,26.64,25.34,25.63,24.71,25.89,26.41,24.91,25.41,26.52,25.48,25.67,25.77,26.28,25.39,25.51,26.06,25.86,25.98,25.59,26.28,26.48,26.03,26.27,26.34,26.23,26.05,26.25,26.16,27.33,27.21,26.89,27.77,25.92,25.21,25.24,25.07,25.39,26.1,26.64,25.69,25.46,26.36,25.32,26.06,25.76,26.29,25.92,25.66,25.74,26.19,26.06,26.19,25.72,26.51,26.72,26.88,26.17,27.26,27.24,26.15,26.48,27.2,27.62,27.33,26.6,26.3,25.87,26.63,26.5,25.24,25.97,26.48,25.61,26.12,25.52,25.8,25.51,25.68,25.79,25.83,26.23,25.87,25.61,26.17,26.97,25.94,26.53,26.43,27.05,25.85,26.43,26.61,26.81,26.7,26.78,28.14,26.04,26.79,25.46,25.75,24.94,26.19,25.99,26.74,25.94,26.46,24.85,25.46,25.75,25.75,25.91,25.91,25.94,26.09,25.89,26.48,26.1,26.25,26.35,26.26,26.4,26.4,26.06,26.65,26.72,28.36,26.59,26.66,26.7,26.12,26.29,24.82,25.95,25.49,25.58,26.14,25.43,25.55,24.68,25.18,25.87,25.69,25.41,25.81,25.91,25.41,25.43,25.92,25.84,25.91,25.63,26.59,26.8,24.91,25.62,25.83,27.71,26.95,27.48,26.78,25.78,27.06,25.95,25.09,25.74,26.12,25.43,25.09,26.01,25.57,24.79,25.33,24.97,25.12,25.25,25.77,26.05,26.09,25.48,26.32,25.78,26.65,26.04,26.61,26.15,26.43,25.5,25.77,25.78,27.06,28.09,27.77
2020-06-29 16:09:03.7475,0,26.55,27.15,26.14,25.68,24.18,24.62,24.53,24.72,25.65,26.23,25.81,25.46,25.57,26.24,25.34,26.26,25.08,25.78,25.94,26.55,26.15,27.16,26.15,25.81,26.2,26.66,26.5,26.6,26.71,27.13,28.06,29.7,27.35,26.46,24.59,27.22,24.45,24.45,25.01,25.46,25.69,24.89,26.04,26.16,25.93,25.71,25.73,25.82,26.18,26.05,26.64,26.49,25.9,26.11,25.88,27.13,27.52,26.0,27.67,26.97,26.96,26.4,30.34,28.13,27.4,26.41,25.43,26.25,24.33,25.28,24.81,24.67,24.64,25.8,25.14,24.97,25.94,25.85,25.87,25.18,25.92,26.1,26.5,25.53,25.8,26.36,26.45,26.06,26.35,26.47,26.63,27.89,26.61,27.42,27.52,28.41,27.13,26.1,25.32,26.36,25.39,24.92,25.61,25.33,24.72,24.45,24.35,26.4,26.32,25.46,26.25,25.98,26.22,26.12,26.08,26.22,25.83,26.48,26.18,26.3,26.06,26.03,26.96,26.89,26.86,26.26,27.05,27.96,26.34,26.47,25.42,25.37,24.57,25.13,25.63,25.37,25.42,25.32,25.31,25.07,25.21,25.88,26.25,25.81,26.1,26.17,25.61,26.26,26.15,26.52,26.53,25.95,26.3,26.91,26.52,26.82,26.73,27.03,26.66,28.35,26.79,26.58,24.97,25.42,25.9,25.18,25.03,25.49,25.45,24.95,25.39,24.89,25.46,24.66,25.39,25.58,25.53,25.55,25.87,26.06,26.07,25.8,26.13,26.36,26.9,25.85,26.18,27.13,26.56,26.68,26.8,27.45,25.68,26.35,25.24,25.33,24.79,25.36,24.83,25.0,25.39,25.6,25.71,25.03,24.96,24.93,25.46,25.08,25.68,25.62,25.75,26.0,25.74,26.07,26.29,26.72,26.8,27.17,26.37,26.42,27.34,26.79,26.92,26.73,26.29,25.21,25.49,24.68,26.36,25.81,25.57,25.52,26.03,25.35,25.52,25.67,25.1,25.18,25.36,25.78,25.47,25.75,25.56,26.13,26.64,26.29,26.2,27.09,26.28,26.44,26.91,27.27,26.83,26.42,25.89,27.49,26.71,25.67,26.01,24.89,25.36,25.33,25.5,25.98,25.34,25.77,26.26,25.74,24.92,25.64,26.36,26.21,25.99,25.56,26.31,25.92,25.86,26.58,26.5,26.86,26.25,26.65,26.79,26.61,25.95,27.37,27.2,26.26,26.49,25.98,26.08,25.91,26.28,25.65,25.25,25.62,26.16,25.45,25.8,25.67,25.33,25.44,25.66,25.96,25.5,25.46,26.03,26.43,26.03,26.0,26.57,26.73,26.79,25.9,26.63,26.79,26.75,27.01,27.08,27.26,27.99,27.87,27.48,25.75,24.82,25.94,25.52,25.84,25.25,25.85,25.32,25.5,25.56,25.9,25.85,26.06,25.64,26.09,26.29,26.35,26.43,26.08,27.11,26.89,26.56,26.53,26.31,26.67,26.46,26.61,26.74,27.69,28.03,27.58,27.53,27.19,25.82,25.73,25.94,25.42,25.18,25.67,25.74,25.6,25.03,24.99,26.32,26.16,26.25,25.8,25.95,26.06,26.07,26.21,26.67,26.83,26.52,25.81,27.01,26.39,26.82,26.58,26.59,27.16,27.16,27.61,26.95,26.38,25.17,25.51,25.42,25.43,25.78,25.7,25.65,25.27,25.22,25.89,26.26,26.13,25.88,26.04,25.84,26.21,25.72,25.69,26.1,26.69,26.45,27.38,26.34,26.54,27.19,26.75,26.94,26.7,27.32,25.93,25.51,26.32,25.43,25.57,25.54,25.91,25.29,25.43,26.04,25.71,25.46,25.78,25.96,26.26,26.78,25.84,26.19,26.12,25.94,25.28,26.38,25.86,26.58,25.98,26.64,26.98,27.38,26.51,27.25,27.74,26.58,26.32,25.97,25.72,25.88,25.89,25.67,25.72,25.42,25.91,25.19,25.9,25.12,25.66,25.91,26.21,26.02,25.86,26.49,26.27,26.37,26.19,26.42,26.32,26.15,26.81,27.02,26.69,27.37,28.06,27.71,27.97,27.28,25.77,25.74,25.9,26.27,25.95,26.02,26.09,25.95,25.63,25.6,26.11,25.83,25.56,26.49,26.27,26.37,25.57,26.87,26.46,26.32,26.17,25.88,26.65,27.43,25.93,27.13,27.85,26.49,26.82,27.77,27.03,26.1,26.08,25.79,25.23,25.66,25.8,24.98,25.88,25.58,25.52,25.92,26.0,25.28,25.7,26.09,26.26,25.89,26.19,26.22,26.62,26.81,26.55,26.27,26.28,26.43,26.55,26.94,26.85,26.58,26.79,27.89,28.03,26.6,24.7,25.66,26.44,25.86,24.95,25.35,26.09,25.93,25.3,26.27,26.02,25.36,25.69,25.92,25.83,26.04,25.5,26.36,26.38,26.54,25.93,25.91,26.45,26.0,26.54,26.71,26.73,27.56,26.17,27.35,27.44,25.12,25.54,25.31,25.7,25.61,25.72,26.11,25.81,25.71,26.76,26.13,25.77,25.98,25.93,26.04,25.66,25.66,25.88,26.02,25.87,26.06,26.26,26.86,27.05,26.98,26.31,25.83,26.6,26.73,27.06,27.62,27.78,25.93,25.42,24.39,25.75,25.55,25.83,26.52,25.84,26.18,25.78,26.01,25.96,26.61,25.45,25.61,26.3,26.16,25.79,26.28,26.2,25.73,25.86,26.27,26.19,26.68,26.77,26.97,27.04,26.65,26.59,27.45,28.29,26.21,26.31,25.33,25.25,26.04,26.32,25.42,25.93,25.23,25.87,26.02,25.45,25.52,25.8,25.36,26.51,26.35,25.65,25.85,26.41,26.52,26.66,26.67,26.44,26.66,26.13,25.99,26.78,27.48,27.4,28.74,27.54,25.62,25.6,26.21,25.59,25.59,24.96,26.43,25.62,26.34,26.21,25.35,25.84,25.87,25.99,25.8,26.49,26.18,26.44,26.36,26.73,26.7,26.03,26.61,26.01,26.27,25.72,26.52,26.66,28.21,26.47,26.6,28.63,24.97,26.79,26.11,25.62,25.46,26.16,25.91,25.22,26.15,25.56,25.63,25.98,25.63,25.57,25.79,25.19,25.19,26.14,25.57,26.31,25.98,26.45,26.05,26.74,26.37,25.37,25.96,25.5,26.83,26.77,28.2,27.93,26.35,25.64,25.15,25.71,25.92,25.11,26.24,26.37,26.59,25.16,25.21,26.16,26.14,25.39,25.89,25.78,25.44,24.99,25.62,26.21,26.18,26.27,26.32,26.48,26.45,26.29,26.17,25.79,27.62,27.27,27.04,29.44
2020-06-29 16:09:03.8757,0,26.06,26.33,25.63,24.09,24.76,24.82,25.92,25.42,26.12,26.24,25.52,26.2,25.72,26.25,26.71,25.59,26.29,26.19,25.8,26.56,25.87,26.88,26.77,26.29,27.02,27.18,27.25,26.8,27.43,26.58,28.06,28.41,26.55,25.78,26.41,25.75,25.75,24.81,24.51,25.46,25.1,26.37,25.77,26.72,25.81,26.24,25.35,26.09,26.44,25.29,26.39,26.63,26.32,26.25,26.19,26.84,26.6,27.14,27.68,26.79,27.18,28.55,30.36,28.7,25.95,26.42,26.23,25.68,25.19,24.29,24.66,25.29,25.49,25.4,25.8,24.59,25.94,25.24,26.24,25.91,25.93,25.76,25.9,25.91,26.55,25.61,26.32,25.93,25.92,26.33,26.64,26.39,27.33,26.67,26.97,29.12,26.14,25.45,26.48,26.36,25.24,25.41,24.88,25.19,25.13,25.91,25.25,25.91,25.74,26.06,25.09,25.76,25.89,26.59,25.85,26.47,26.32,26.12,25.67,26.04,26.35,26.75,26.03,26.73,26.18,26.27,27.78,29.39,26.56,26.28,25.42,24.67,25.5,25.3,24.78,24.69,25.56,25.33,25.19,25.55,25.32,25.67,25.59,25.82,25.78,25.96,26.06,26.27,26.39,26.18,27.14,26.34,26.44,25.84,26.38,25.76,26.41,26.02,26.27,27.48,25.17,25.61,25.69,25.6,25.31,25.62,25.73,25.76,25.09,25.2,25.06,25.71,24.82,25.1,25.62,25.59,25.96,25.44,25.66,26.51,26.85,25.92,26.49,26.36,27.04,26.65,26.05,27.28,27.36,26.52,27.2,27.45,26.45,26.0,25.75,25.34,25.09,25.79,24.96,24.62,25.87,25.03,25.05,25.37,24.86,25.46,25.78,25.39,25.19,25.43,26.06,26.32,26.07,25.86,26.29,26.03,26.44,26.81,26.51,26.99,27.5,27.28,27.28,26.74,25.37,26.31,25.34,25.17,25.66,25.68,25.58,25.14,25.57,25.69,25.53,26.0,24.9,25.49,25.87,26.08,25.39,25.75,25.97,26.44,26.24,26.2,26.65,26.75,26.29,26.44,26.27,26.86,26.69,26.89,26.77,27.32,26.72,25.85,26.33,25.22,25.91,25.61,25.13,25.26,26.24,25.46,25.42,25.85,25.12,24.97,25.89,25.83,25.99,25.95,26.41,26.03,26.46,26.59,26.51,26.98,27.17,26.78,27.05,27.01,26.53,27.08,27.03,27.32,28.6,26.67,26.09,25.76,25.48,25.92,24.89,25.75,25.4,25.67,25.92,25.67,25.14,25.25,25.95,25.96,26.07,25.84,25.85,26.44,26.33,26.6,26.69,26.74,26.8,26.49,26.52,27.06,26.33,27.6,26.92,27.94,29.2,29.22,27.33,26.37,25.76,25.82,26.13,25.85,25.91,25.54,25.63,25.61,24.7,25.15,26.13,26.07,25.83,26.19,26.3,26.36,26.53,26.58,26.4,27.22,26.35,26.54,26.44,26.8,26.6,26.62,27.39,26.54,29.06,28.92,28.3,27.79,25.44,26.5,26.06,26.12,25.84,25.99,25.55,25.41,25.52,24.99,26.15,26.44,25.9,26.17,26.24,26.25,26.18,26.5,26.58,26.94,26.31,26.61,26.16,26.66,26.83,27.15,27.24,27.33,28.19,28.12,26.8,26.24,25.96,26.28,25.78,25.67,26.0,26.02,26.16,26.17,25.14,25.33,26.08,26.23,26.07,25.5,26.31,25.66,25.72,26.29,26.41,25.76,26.46,26.6,26.48,26.93,27.48,26.62,27.27,27.37,26.99,27.45,26.42,26.47,25.57,26.33,26.02,25.57,25.73,25.96,25.55,26.02,25.46,25.6,26.06,26.54,26.24,26.04,26.2,26.22,25.56,26.17,26.08,26.48,26.37,26.33,26.4,26.35,27.39,27.64,27.42,27.25,25.52,26.16,25.51,26.18,26.15,25.52,26.27,25.85,25.53,25.81,25.81,26.41,25.89,26.05,25.82,26.13,26.4,25.96,26.5,26.08,25.88,26.1,26.22,26.33,27.17,27.05,27.02,27.08,27.66,27.5,28.2,26.8,26.23,26.29,25.6,25.0,25.88,26.22,25.8,26.33,25.96,25.64,25.61,25.91,25.55,26.14,25.94,26.65,26.2,26.23,26.02,26.27,26.23,26.18,26.1,26.55,26.65,26.87,26.76,26.95,26.93,27.55,27.78,27.03,26.1,25.74,26.43,25.71,25.8,25.95,25.98,26.14,25.81,25.97,26.36,26.21,25.58,25.22,26.0,25.98,25.9,25.62,26.62,26.33,26.21,26.56,27.03,26.94,26.67,26.8,27.21,26.32,27.32,27.1,28.06,27.34,26.79,25.6,26.16,26.29,25.74,25.77,25.74,26.59,26.28,26.08,25.64,26.35,25.77,26.09,25.93,26.04,25.46,26.58,26.17,26.58,26.75,26.96,25.92,26.57,26.47,26.19,26.59,27.14,27.14,27.09,27.02,28.13,27.04,26.66,25.99,25.88,25.62,26.15,26.51,25.95,25.83,26.42,26.25,26.01,26.09,25.83,25.94,25.98,26.18,25.59,25.61,26.19,26.18,26.16,26.41,26.59,26.74,26.19,26.69,26.61,27.2,27.54,28.52,28.53,26.14,26.17,24.75,25.59,25.85,25.83,26.26,26.37,25.6,25.9,26.36,26.52,26.2,26.21,25.94,26.3,25.97,26.0,25.65,26.0,26.6,26.42,26.16,27.14,26.19,26.9,25.99,27.04,27.59,26.28,27.46,28.11,26.83,26.32,26.43,25.44,26.2,25.87,26.56,26.22,25.75,25.63,25.18,25.34,25.98,25.48,26.92,26.3,26.47,25.66,26.08,26.42,26.41,26.08,27.3,26.57,25.47,26.14,26.3,26.79,26.83,27.58,28.17,27.76,27.13,25.19,26.6,25.24,26.55,26.36,26.73,26.48,26.35,25.96,25.36,26.09,25.88,25.99,25.36,25.59,26.08,26.11,26.25,26.85,26.0,26.03,26.24,25.89,26.15,25.87,26.38,26.98,26.74,27.0,28.02,27.34,25.98,26.14,25.91,26.02,24.61,25.84,26.07,25.55,25.87,25.99,26.04,25.73,25.5,25.71,25.8,25.83,25.81,25.55,25.95,25.56,25.73,25.93,25.92,26.33,25.94,25.38,25.8,26.03,26.48,27.35,28.2,26.81,27.21,27.08,26.58,26.11,25.76,26.31,24.97,25.9,25.75,25.88,25.63,26.43,25.77,25.91,25.27,25.91,26.19,26.23,26.01,26.34,26.06,25.33,26.06,26.78,25.87,25.53,26.52,25.97,25.99,26.89,27.59,30.09
2020-06-29 16:09:04.0040,0,25.88,26.2,25.73,25.8,24.22,23.95,24.56,24.79,25.19,25.98,25.52,25.79,25.98,25.86,25.47,25.88,25.74,25.81,25.38,25.61,26.29,26.06,26.16,26.64,26.38,26.89,26.54,25.72,26.8,27.59,27.88,28.92,26.0,25.27,26.29,26.02,24.71,23.94,24.39,24.48,25.74,25.18,25.23,25.33,25.56,25.56,25.76,25.94,26.2,25.65,25.74,26.08,25.66,26.24,27.09,26.54,26.79,27.47,27.03,26.64,27.27,27.44,28.94,25.61,26.08,25.82,25.68,25.56,25.21,24.84,24.67,25.17,24.64,25.29,25.26,25.12,25.43,25.99,25.85,26.16,25.78,25.88,25.75,26.29,25.91,25.88,25.77,26.09,26.06,26.52,26.0,26.95,25.93,27.31,27.65,27.94,25.77,26.39,25.4,25.09,25.28,24.44,24.76,24.59,24.88,25.37,25.39,25.51,25.51,25.91,25.68,25.49,25.77,25.75,26.32,26.55,25.72,25.48,26.34,25.89,25.95,26.17,26.38,26.42,26.23,26.66,27.89,27.51,24.49,25.96,25.09,24.73,25.35,25.63,25.62,24.85,24.9,24.59,24.69,24.85,25.29,25.44,25.1,25.71,25.31,25.95,25.69,25.7,25.78,25.72,26.14,25.85,26.29,26.67,26.38,26.56,26.42,25.91,27.32,25.8,25.67,26.04,25.92,24.58,25.2,25.18,25.2,25.34,25.22,24.81,25.64,25.9,24.92,25.28,25.4,25.55,25.85,25.83,26.31,25.59,26.07,25.43,25.67,26.58,26.28,26.63,26.51,26.54,25.65,26.37,26.69,26.89,24.76,26.06,24.93,24.57,24.94,24.97,25.6,24.9,24.52,25.72,24.91,25.59,24.29,25.65,24.91,25.07,25.34,25.52,25.81,25.8,26.24,25.85,25.92,26.38,25.93,26.45,26.36,26.88,26.13,26.37,27.49,26.81,26.0,26.15,24.24,24.7,25.68,24.98,24.96,25.25,25.92,25.2,25.2,25.31,24.99,25.14,25.55,25.54,25.27,25.41,25.76,25.89,26.23,26.05,26.64,26.6,26.3,26.41,26.41,26.71,26.87,26.58,26.83,27.16,27.11,26.6,25.55,25.1,25.49,25.49,24.73,25.02,25.65,25.67,25.17,25.42,24.58,25.34,26.03,25.82,25.75,25.55,25.68,26.3,25.82,26.28,26.15,26.75,26.57,26.43,26.39,26.11,26.82,26.37,26.88,27.2,28.31,27.53,26.12,25.3,25.91,25.37,25.26,25.48,25.29,25.74,25.49,25.53,24.84,25.1,25.27,25.72,25.77,25.22,26.02,26.29,26.02,26.55,26.47,26.27,26.46,26.34,26.27,26.91,26.07,26.42,26.81,27.79,28.36,28.6,27.95,26.56,26.4,25.84,25.86,25.61,25.54,25.43,25.28,25.5,24.94,25.13,25.43,25.5,25.13,25.9,25.97,25.97,26.29,26.37,25.94,26.37,26.31,26.54,26.17,26.05,27.01,26.37,26.1,26.59,28.44,27.44,28.18,26.75,25.32,25.06,25.36,25.74,25.4,25.53,25.54,25.46,25.12,25.97,26.22,25.93,26.06,25.84,25.38,26.1,26.06,26.06,26.67,25.84,26.08,26.91,26.54,26.38,26.31,26.85,27.92,27.01,27.02,27.34,26.35,25.98,25.15,25.79,25.03,24.97,25.96,25.28,25.51,25.26,25.46,25.88,26.12,26.21,26.38,25.85,26.07,26.3,25.87,25.59,26.47,25.96,26.42,26.82,26.58,26.69,27.05,26.78,26.63,26.76,25.85,26.28,25.55,25.43,25.32,25.93,25.19,25.76,25.83,25.08,25.64,25.67,25.16,25.74,26.13,26.12,25.58,25.52,25.63,26.17,25.83,25.93,26.18,26.02,26.36,25.61,26.54,26.71,27.27,28.05,27.46,27.59,26.79,26.21,25.21,25.46,25.87,25.66,25.77,25.61,25.6,25.91,25.15,26.4,25.75,25.75,26.33,26.2,25.6,25.75,25.97,25.97,25.84,25.48,25.97,26.0,26.24,26.59,26.24,26.58,27.65,27.09,27.4,27.02,25.58,25.96,25.33,26.05,25.9,25.42,25.92,25.95,25.95,25.81,25.7,25.56,25.34,25.42,25.26,25.84,26.17,25.62,26.19,26.22,26.11,25.83,26.3,26.51,26.19,26.37,26.39,26.67,26.82,26.38,27.01,27.22,25.76,26.15,25.48,25.75,25.51,25.43,25.58,25.53,25.43,25.53,25.14,25.47,25.34,26.47,25.65,25.77,25.46,26.09,25.69,26.01,26.37,25.73,26.67,25.73,26.52,26.57,26.4,26.2,26.44,26.23,27.23,27.05,25.39,25.08,26.04,26.13,25.9,25.34,25.25,25.57,25.48,25.04,25.95,25.77,25.45,25.84,25.62,25.49,25.25,26.43,25.86,26.04,26.43,26.3,25.81,26.42,26.59,26.28,26.47,26.45,26.28,27.69,26.9,27.63,25.35,25.25,24.65,25.6,25.61,26.32,25.83,25.7,25.8,25.85,25.87,25.78,25.31,25.72,26.0,25.24,25.62,26.18,25.25,26.7,25.92,26.04,26.49,26.36,25.98,27.09,26.11,26.78,27.2,27.42,26.93,27.67,25.24,25.26,25.31,24.6,26.17,25.39,25.74,26.09,26.08,25.87,25.45,26.15,25.77,25.52,25.92,25.74,25.96,25.54,26.17,26.16,26.27,25.61,26.28,26.4,26.32,26.62,26.44,26.31,26.7,27.54,26.43,28.33,26.05,26.2,25.18,25.49,25.89,26.37,26.4,26.11,25.73,25.77,25.39,25.34,25.26,26.03,25.33,25.85,25.88,25.77,26.27,26.53,26.26,25.73,26.53,26.08,25.32,26.3,26.45,26.05,26.18,27.46,27.23,26.82,25.51,25.03,25.73,25.08,25.32,25.9,25.61,26.32,26.1,25.16,24.75,25.32,25.42,25.39,26.04,26.35,25.62,26.19,25.91,26.47,25.88,26.12,26.5,25.87,26.16,25.99,26.11,26.35,26.29,27.19,26.9,28.04,25.31,27.12,25.55,25.12,24.62,25.56,24.97,25.89,25.72,25.73,25.62,25.88,25.74,25.84,25.15,25.46,25.78,25.92,25.18,25.57,25.19,25.94,26.04,25.79,25.79,24.96,25.65,25.22,25.96,27.23,26.63,27.53,25.67,25.95,25.44,25.35,25.29,25.64,25.33,25.27,24.91,25.72,25.78,25.47,25.39,25.5,25.03,25.38,25.7,25.33,25.64,25.8,25.94,25.98,26.22,26.04,25.3,26.14,25.73,26.5,26.42,25.76,26.65,29.92
2020-06-29 16:09:04.1320,0,28.0,26.72,25.61,25.67,25.51,23.48,25.39,25.74,26.57,25.62,26.24,25.45,25.84,25.27,26.56,26.25,26.8,25.64,25.64,26.12,26.42,26.44,26.9,26.26,27.16,26.65,27.23,27.73,27.89,26.55,29.18,25.01,24.44,26.44,26.61,25.52,24.44,25.33,25.0,25.6,25.23,26.05,24.89,26.15,24.58,26.35,26.24,26.59,26.16,26.29,26.1,25.94,26.16,26.78,26.6,26.52,26.42,27.12,26.59,27.86,26.74,28.06,27.3,28.68,27.96,25.67,26.01,26.43,25.51,23.93,24.8,24.51,25.6,25.25,25.39,25.09,26.53,25.34,26.1,26.25,26.38,25.97,26.48,26.38,26.9,25.34,26.17,26.19,26.19,26.61,25.81,26.54,27.13,26.65,27.78,27.69,25.36,25.65,25.31,25.78,25.05,25.06,24.41,25.17,24.57,25.5,25.48,26.13,25.01,25.8,25.89,25.85,25.17,26.34,25.95,25.97,25.46,26.35,25.91,26.15,25.91,26.73,26.16,26.71,25.46,27.16,27.04,28.22,26.75,25.86,24.49,24.83,25.79,24.51,25.75,25.63,25.79,24.3,25.77,25.41,25.86,24.98,25.9,25.8,26.41,25.61,25.93,25.91,26.25,25.35,26.75,25.57,26.95,25.55,27.52,27.56,27.03,25.66,26.85,27.46,25.76,26.76,25.31,25.75,25.29,25.31,24.46,25.47,25.57,25.43,24.92,25.69,25.12,25.41,25.38,25.57,25.41,26.06,25.97,26.05,25.94,26.24,26.0,26.34,25.73,26.89,26.03,27.41,26.07,27.33,26.41,28.04,27.0,25.04,25.06,24.99,25.36,25.49,25.47,25.12,25.85,25.47,25.58,25.57,25.57,24.51,26.07,25.06,25.87,25.51,26.64,25.78,26.58,25.52,26.61,26.59,26.91,25.91,26.62,26.83,27.79,26.47,27.97,27.46,26.09,27.55,25.64,25.47,24.64,25.8,25.69,25.63,25.31,25.22,25.08,26.2,24.37,25.17,25.55,26.06,25.17,25.83,25.55,25.81,26.22,26.38,26.08,26.73,26.63,26.79,27.16,26.98,26.67,27.02,26.58,27.29,27.95,26.18,26.15,25.67,25.34,25.45,25.49,24.74,25.89,25.11,25.82,25.73,25.19,24.95,26.15,26.29,25.88,25.07,26.77,25.91,26.15,25.97,26.91,26.19,27.15,25.69,27.41,26.33,26.37,26.17,26.85,26.77,27.53,29.5,26.22,25.43,25.6,26.42,26.09,26.21,25.27,26.61,25.06,25.96,25.6,25.23,25.74,26.04,25.58,25.72,26.21,26.42,25.82,26.88,26.77,26.61,26.11,26.47,26.37,27.04,26.45,26.7,26.4,27.58,28.49,28.2,28.69,27.71,26.13,25.93,25.63,25.47,26.0,25.52,25.1,25.89,25.65,24.85,26.3,25.96,26.36,25.53,25.81,26.34,26.13,25.78,26.89,26.99,27.54,25.94,27.16,25.88,26.86,26.32,28.01,27.18,28.36,28.56,28.58,28.65,26.46,26.61,25.69,25.64,25.61,25.76,25.33,25.48,25.11,25.63,25.58,26.6,25.97,25.32,25.94,26.04,25.87,26.29,26.05,26.92,26.18,26.25,26.63,27.27,26.95,27.4,27.06,27.31,26.81,26.93,26.48,26.07,26.58,24.73,26.0,25.88,26.4,24.64,25.54,25.26,25.68,25.4,26.52,26.03,26.23,26.13,26.38,25.83,26.38,25.68,26.49,26.37,26.88,26.46,27.57,26.53,27.32,25.74,27.58,27.02,26.46,26.42,25.65,25.56,25.29,26.44,25.64,26.12,25.07,26.25,24.93,26.09,25.16,26.15,25.86,26.79,25.76,25.55,25.82,26.11,25.54,26.35,26.47,26.46,26.13,26.88,25.88,27.22,27.09,27.2,27.23,27.89,26.92,26.48,25.8,25.56,26.4,25.37,25.3,25.23,26.26,25.9,25.89,26.19,25.87,25.75,26.36,26.29,26.75,25.85,26.48,26.06,26.06,25.78,26.61,26.21,26.36,26.34,27.13,26.54,28.62,26.46,28.02,27.11,25.85,25.92,25.27,26.48,25.99,25.81,25.41,26.08,25.18,25.51,26.3,26.4,25.34,26.02,25.73,26.35,26.18,26.21,25.9,26.16,26.11,26.26,25.98,26.95,26.18,26.5,26.35,26.93,26.34,27.24,28.09,26.5,26.99,24.83,26.09,25.06,26.61,25.79,25.71,25.75,25.9,25.4,26.12,26.09,25.76,25.49,26.37,26.15,25.88,25.5,26.4,26.41,27.1,26.03,27.33,25.83,27.11,26.18,27.32,26.57,27.45,27.08,28.38,27.14,25.67,25.76,25.17,25.8,25.71,25.75,25.47,26.32,24.89,26.06,25.94,26.33,25.14,25.87,25.81,25.92,25.44,25.88,26.25,26.46,26.12,26.02,26.45,26.55,26.45,26.53,27.37,27.12,26.67,26.92,27.51,28.46,26.45,25.16,25.97,25.69,25.89,25.0,25.96,26.06,26.4,25.82,26.11,25.76,25.76,25.28,26.43,25.65,26.06,25.56,26.42,26.28,26.26,26.35,27.3,26.34,26.48,26.04,26.81,26.88,27.33,26.27,27.78,27.77,25.53,26.15,25.41,25.57,25.39,25.67,26.11,26.61,25.45,26.82,25.89,26.28,25.43,25.87,25.81,26.39,26.05,26.08,25.95,26.6,25.72,26.62,26.61,27.23,26.17,26.88,26.53,27.17,26.79,26.57,27.44,28.28,27.63,24.7,26.23,25.94,26.18,26.0,25.83,26.62,26.12,25.61,26.12,25.8,26.3,25.12,25.9,25.72,26.55,25.86,26.06,26.05,26.51,26.53,27.41,25.92,27.17,26.25,26.73,25.83,26.97,27.21,28.54,27.94,26.04,26.39,25.46,25.57,24.94,26.19,25.41,26.6,25.8,25.94,25.7,25.94,25.17,25.75,26.36,26.02,25.27,26.43,26.23,26.48,26.33,26.37,26.21,25.87,25.72,26.68,26.05,26.65,27.05,28.19,27.6,28.83,26.7,26.78,26.68,26.0,26.63,24.65,26.67,25.68,26.27,25.41,25.08,25.57,25.87,25.18,25.65,25.18,26.39,25.29,25.93,26.05,26.48,26.04,26.18,25.88,26.07,25.36,25.95,25.49,27.17,26.39,28.88,26.78,26.06,26.34,26.75,26.29,24.87,26.12,25.42,25.72,24.86,26.0,25.74,26.01,25.74,25.5,25.5,25.39,25.68,26.09,26.12,26.84,25.9,26.52,26.03,26.61,25.55,26.43,26.49,26.64,25.23,27.25,26.48,27.78
2020-06-29 16:09:04.2602,0,25.56,28.8,26.91,23.61,23.98,25.17,24.88,26.09,25.65,25.48,25.51,25.32,26.26,25.69,26.57,25.71,25.88,25.38,26.35,26.41,26.43,27.15,26.15,27.21,27.01,26.83,26.87,27.36,26.47,26.85,31.44,29.05,26.53,25.43,26.17,26.59,23.89,24.98,25.68,24.79,25.39,25.03,25.61,25.74,25.8,25.97,26.38,26.34,26.04,25.92,26.11,26.08,26.04,26.79,26.91,26.68,26.9,26.32,27.31,26.6,26.96,27.6,28.19,29.27,25.65,26.64,25.03,25.28,25.18,24.45,24.81,25.58,25.48,25.53,25.27,25.74,25.93,25.84,25.99,26.02,26.04,25.74,26.13,26.27,26.79,25.85,26.31,26.47,26.49,26.32,26.63,27.05,26.78,26.47,26.96,28.76,26.63,25.44,26.28,26.35,25.06,24.91,25.31,25.61,24.99,25.38,25.75,25.52,25.49,25.21,25.55,25.75,25.88,26.12,25.96,26.22,26.19,26.23,26.44,25.9,26.2,26.31,26.49,26.56,25.99,26.44,27.05,28.24,26.13,27.06,25.23,25.19,24.88,25.58,24.63,24.95,25.55,24.82,25.78,25.19,25.31,25.66,25.8,25.48,25.77,25.62,26.16,26.59,25.92,26.51,26.4,26.69,26.43,25.96,25.94,26.66,26.4,27.02,27.06,28.13,25.77,26.19,25.67,24.9,25.6,24.73,25.3,25.35,25.94,25.56,25.62,25.12,25.02,25.31,25.39,25.36,25.63,25.54,26.08,25.84,26.73,25.8,26.6,26.23,26.39,26.9,27.6,26.83,26.4,27.34,26.61,27.04,26.44,25.8,25.74,24.67,24.64,25.91,25.35,25.65,25.5,25.36,25.37,24.8,24.85,25.24,25.77,25.89,25.08,25.62,26.25,26.62,26.27,26.17,26.28,26.83,26.31,26.55,27.44,27.4,26.73,26.63,26.74,28.21,26.1,25.75,25.16,24.52,24.5,25.26,26.84,25.26,25.91,25.57,25.41,25.12,24.89,25.48,25.25,25.57,25.86,26.14,26.35,25.93,26.22,25.98,26.42,26.17,26.28,26.56,26.91,26.58,26.52,27.5,26.94,28.03,28.84,27.73,26.32,25.67,25.63,26.13,25.74,25.61,25.78,25.22,25.94,25.53,25.01,25.54,25.69,26.4,25.6,25.65,26.21,26.02,25.76,26.28,26.18,26.64,26.36,26.65,26.66,27.66,26.38,26.77,26.86,27.3,28.24,28.18,27.61,26.21,26.14,25.65,25.49,25.62,25.61,25.55,25.9,25.77,25.32,25.63,25.37,26.05,25.68,25.45,26.31,26.62,26.89,26.49,26.57,26.73,26.56,26.84,26.76,26.79,26.74,26.27,27.41,26.92,28.84,28.2,28.55,28.46,26.8,25.68,25.76,25.83,25.79,25.95,25.42,25.9,24.98,25.33,26.22,26.06,25.73,25.81,25.91,26.64,26.62,26.67,26.29,27.21,26.78,26.41,26.68,26.92,26.87,26.61,27.22,26.36,27.85,28.24,27.98,27.93,26.47,26.24,26.17,25.77,26.04,25.77,25.44,25.79,25.6,25.26,26.23,25.69,25.98,25.52,26.04,25.96,26.16,26.11,26.88,26.83,26.62,26.71,26.4,27.03,26.96,26.72,27.23,27.65,25.78,26.77,26.34,26.08,25.56,25.63,25.89,25.66,25.88,26.01,25.65,25.56,25.69,25.51,26.44,26.31,26.24,25.95,26.39,26.77,25.81,26.67,26.4,26.99,26.89,26.24,26.72,26.41,26.64,27.03,27.59,27.53,26.12,26.43,25.96,26.02,25.3,25.57,25.77,25.56,25.29,25.74,25.74,25.81,25.55,25.87,26.69,26.35,25.86,25.93,26.46,25.93,25.74,26.07,26.38,26.37,26.69,26.78,27.14,26.72,27.1,26.79,27.73,27.74,26.4,27.17,25.35,25.72,25.47,25.63,25.19,25.83,25.95,25.69,26.0,26.2,25.5,26.04,26.28,26.4,26.11,26.23,25.63,26.45,26.17,25.98,26.21,27.07,25.81,26.92,27.14,27.07,27.37,26.91,27.04,27.63,26.75,26.11,26.05,26.04,26.0,25.3,25.9,26.44,25.84,25.63,26.1,25.8,25.83,25.75,26.02,26.07,26.0,25.38,26.58,26.07,26.31,26.07,26.5,26.43,26.52,26.63,27.12,27.2,26.92,26.67,27.44,27.03,26.46,25.72,25.79,26.78,25.79,25.67,25.47,26.12,25.46,25.63,25.49,25.99,25.47,25.4,25.79,26.26,26.18,26.0,26.22,26.51,26.5,26.14,26.37,26.49,26.43,26.91,26.27,26.85,26.87,27.09,27.54,27.85,26.05,25.23,26.47,26.28,25.44,25.76,25.98,25.71,25.58,26.07,26.27,25.7,25.15,25.79,25.53,26.23,25.74,25.79,26.06,26.57,26.53,26.44,26.35,26.78,26.69,26.66,26.71,26.31,26.98,27.38,27.52,27.78,26.65,26.28,25.47,25.7,25.32,25.43,25.71,26.45,26.18,26.18,25.57,26.32,26.08,25.71,26.85,26.07,25.76,25.88,25.81,26.6,26.49,26.14,26.63,27.28,26.36,26.56,25.69,26.6,26.42,26.27,28.15,28.15,27.08,24.85,25.42,25.75,25.4,26.39,26.65,26.1,26.18,26.13,26.24,26.07,25.44,25.88,25.82,25.88,26.06,26.61,26.06,25.99,26.16,26.41,26.73,26.54,26.18,26.63,25.98,26.89,27.11,26.9,27.99,28.66,26.41,25.91,26.97,26.12,25.57,26.16,26.26,26.35,25.74,26.25,24.93,26.04,25.75,25.8,25.91,26.18,25.9,25.98,26.3,26.4,26.05,26.3,26.29,26.31,26.39,27.61,26.44,26.77,27.31,26.88,27.57,28.35,26.05,26.2,26.4,24.87,25.27,25.73,25.71,25.9,25.68,25.57,25.35,25.47,26.21,25.53,26.37,25.92,25.39,26.33,25.89,26.03,26.34,25.9,26.73,26.4,25.73,26.27,25.76,26.03,26.72,26.81,27.41,27.76,26.72,26.79,26.1,26.4,25.96,25.83,26.06,25.84,26.0,25.97,25.36,25.85,25.24,25.69,25.54,26.43,26.04,25.54,25.57,26.18,26.11,26.97,25.64,26.88,26.08,25.83,25.13,26.52,26.29,28.07,27.72,29.62,26.64,25.87,26.16,25.11,24.88,24.94,25.44,25.89,26.16,25.73,26.3,25.08,25.36,25.13,26.01,25.78,25.81,25.11,25.49,26.59,25.52,25.32,25.9,25.9,25.71,25.37,25.17,25.96,26.34,26.88,27.84,29.76
2020-06-29 16:09:04.3889,0,27.04,28.82,25.63,25.47,23.79,24.44,25.23,24.91,25.34,26.39,24.77,25.33,25.57,26.25,25.75,25.86,25.75,25.93,26.49,26.42,26.15,26.46,26.45,26.44,26.36,26.84,26.13,26.8,26.95,28.85,28.06,29.08,26.14,25.78,26.63,26.8,23.53,23.91,24.85,25.45,26.0,25.63,25.77,26.02,25.54,26.1,26.26,26.21,26.06,25.41,26.65,25.82,26.05,25.83,26.63,26.68,26.44,27.46,26.44,26.97,27.8,26.88,27.77,27.56,25.66,25.94,25.03,25.1,25.18,24.96,24.04,24.53,24.36,25.4,25.01,25.62,25.08,25.73,25.99,26.39,25.8,25.99,25.4,26.4,25.67,25.86,26.31,25.93,26.49,25.74,26.47,26.89,25.89,27.24,28.08,28.77,28.14,26.32,25.14,24.67,25.72,24.75,24.88,25.33,25.53,25.38,25.63,25.15,25.86,25.58,25.44,25.87,25.77,25.89,25.73,25.51,25.24,25.87,26.46,26.17,25.37,25.74,26.34,25.41,26.01,26.44,27.06,26.22,25.71,26.08,25.6,26.25,25.5,24.99,25.2,24.42,25.55,25.83,25.55,25.55,24.98,25.45,25.47,25.38,25.45,26.5,26.28,26.6,26.15,26.18,25.92,26.21,26.43,25.98,26.09,26.67,26.4,26.87,26.46,25.92,27.21,26.0,24.63,25.08,24.86,24.88,25.45,25.62,25.46,25.32,25.17,25.12,25.14,25.09,25.4,25.26,25.53,25.12,26.31,25.84,25.96,26.02,26.73,26.36,26.78,26.38,25.33,26.68,25.77,26.35,27.77,27.45,26.83,25.81,25.07,25.34,25.23,25.65,25.09,25.14,26.1,25.26,25.38,25.37,24.54,25.35,25.67,25.8,25.28,25.94,25.75,26.12,26.38,26.5,25.38,26.38,26.19,26.18,26.77,27.13,27.19,26.33,26.92,27.11,26.86,26.48,25.34,25.64,25.37,24.85,25.58,25.52,26.04,25.0,25.74,25.34,25.21,25.18,25.97,25.37,25.48,25.84,25.87,26.03,25.71,26.29,26.97,26.29,26.29,26.31,26.53,26.72,26.54,26.88,27.12,27.31,27.61,27.92,27.42,26.62,25.9,26.14,25.13,25.13,25.22,25.45,24.88,25.54,25.11,25.46,25.97,26.03,25.6,25.85,26.11,26.03,26.26,26.59,26.39,26.54,26.02,26.66,26.53,26.09,26.24,26.49,26.69,27.14,28.77,27.84,28.09,28.48,26.02,25.78,25.87,25.74,25.73,25.77,25.71,25.36,24.86,25.15,26.51,26.14,25.69,25.36,25.85,26.14,26.23,26.0,26.58,26.3,27.02,26.72,26.64,26.27,26.05,26.72,27.42,27.6,29.02,28.22,27.94,28.18,27.33,27.23,25.52,25.61,25.36,25.33,25.22,25.51,25.18,25.53,26.31,26.07,25.36,25.45,25.82,26.27,26.04,25.99,26.29,26.59,26.23,26.31,25.81,26.55,26.46,26.62,27.54,27.21,28.04,28.25,27.39,27.64,26.74,26.62,25.47,25.77,25.52,26.09,25.65,25.2,25.23,25.64,25.96,26.89,25.9,25.52,25.96,26.06,26.37,26.5,26.17,26.51,26.3,26.49,26.53,26.39,27.11,26.58,27.24,27.81,26.47,27.45,25.59,25.5,25.3,26.28,25.77,25.9,25.78,26.02,25.55,25.77,25.13,26.09,25.98,26.32,26.06,25.68,26.12,26.41,26.0,25.9,26.2,26.59,26.23,26.71,26.72,26.68,26.64,26.76,26.77,27.04,26.48,25.93,25.82,25.28,26.09,25.32,26.5,25.79,25.94,25.64,25.55,25.22,25.56,25.31,26.52,26.26,26.15,25.84,25.93,25.65,25.17,25.97,26.49,26.06,26.48,26.78,26.9,26.6,26.42,26.51,27.09,27.41,26.05,26.67,25.82,26.03,25.07,26.03,25.31,26.31,25.31,25.7,25.29,26.31,25.4,25.86,25.91,26.41,26.11,25.87,26.02,26.27,26.17,26.0,25.8,26.12,26.26,26.7,26.0,26.17,27.51,26.63,27.05,27.14,26.76,25.25,26.37,25.6,26.28,25.17,26.51,25.38,26.81,25.53,25.4,25.7,26.13,25.84,26.22,26.08,26.29,26.04,26.3,25.98,26.03,26.27,25.68,26.86,26.65,26.28,26.24,26.81,26.79,27.25,26.96,26.69,26.1,25.38,24.82,24.93,25.52,26.21,25.6,25.89,25.8,25.97,25.92,25.9,25.08,25.71,25.99,25.78,25.8,26.1,25.63,26.52,26.81,25.95,26.37,26.83,25.73,26.44,26.41,27.0,27.02,26.19,28.05,27.34,25.69,25.77,25.51,26.12,25.88,25.22,26.11,25.59,25.94,25.74,25.74,25.28,25.47,25.79,25.54,26.03,25.76,25.6,25.88,26.38,26.44,26.34,26.47,26.56,26.59,26.54,26.05,26.73,26.99,27.23,27.02,27.95,25.7,25.55,25.65,25.39,25.32,26.99,25.85,26.46,25.95,26.31,25.9,25.78,25.66,25.62,25.83,25.98,26.07,26.2,25.81,26.61,26.06,26.26,26.4,26.47,25.99,26.57,25.98,27.04,26.73,27.54,27.62,27.98,25.36,24.85,24.75,24.92,25.85,26.26,26.53,26.36,26.07,26.37,25.8,25.96,26.31,26.3,25.52,25.88,25.66,25.78,25.97,26.09,25.84,25.86,26.86,26.78,26.31,26.38,26.27,26.75,27.13,27.37,26.92,27.54,26.21,26.32,25.15,25.61,25.89,26.18,26.55,25.94,26.0,25.76,25.53,25.7,25.52,25.81,26.03,26.41,25.8,25.99,26.08,26.42,26.4,26.2,26.54,26.45,26.79,26.28,26.44,26.79,26.16,27.24,27.19,27.76,25.85,25.59,26.78,25.41,26.24,26.05,26.01,26.05,26.48,25.57,25.36,25.22,25.53,25.65,25.93,26.15,25.63,25.88,25.79,26.15,26.11,25.78,26.62,26.4,26.28,26.28,25.92,26.35,26.57,26.82,27.22,27.98,25.72,27.25,25.31,26.41,25.29,25.67,26.06,26.01,25.87,25.43,24.69,25.73,25.11,25.58,25.17,25.82,25.56,25.91,25.7,26.57,25.98,26.19,25.64,26.61,26.37,25.84,25.14,25.34,26.65,26.22,28.9,28.8,26.38,25.88,26.58,25.71,26.11,25.62,26.09,25.58,26.18,25.45,25.77,25.35,25.38,25.39,25.02,25.53,25.57,25.98,25.5,26.6,25.8,26.4,25.92,26.34,26.91,25.99,25.85,25.97,25.81,26.12,27.32,28.13
2020-06-29 16:09:04.5172,0,25.53,24.64,26.89,25.69,24.15,24.44,25.21,25.41,26.25,25.48,26.09,25.62,26.11,26.11,26.42,25.72,26.53,26.32,25.78,26.28,26.56,26.74,26.28,25.97,26.67,26.84,26.67,26.99,27.41,27.43,28.6,29.05,26.54,27.45,25.05,25.94,24.83,25.14,25.01,25.44,24.95,25.46,26.19,25.73,25.94,25.69,25.08,26.46,26.69,26.42,26.25,26.2,26.59,26.09,26.48,26.51,26.75,26.14,26.61,27.49,26.76,27.34,28.19,28.09,26.22,25.69,25.81,26.06,25.67,24.62,24.79,25.13,25.74,25.81,25.38,25.23,25.92,25.85,25.61,25.18,26.5,26.35,26.24,26.15,26.65,25.61,26.57,25.93,26.76,27.8,26.29,25.88,27.48,26.85,27.22,27.35,26.89,25.86,25.9,26.15,25.56,25.38,25.47,25.31,25.26,25.23,24.99,25.25,26.09,25.44,25.79,25.03,25.77,25.53,25.73,25.85,25.83,25.85,25.66,26.01,25.36,27.01,25.71,27.2,26.86,26.97,26.58,27.35,26.32,26.07,25.22,24.49,25.48,25.29,24.47,25.24,25.02,25.2,25.65,25.55,25.41,25.44,25.22,25.93,26.73,25.95,26.26,25.47,26.48,26.18,26.15,25.59,27.08,26.24,25.92,27.43,27.03,26.19,27.44,26.81,26.8,26.56,26.38,24.71,25.46,25.6,24.48,25.47,25.21,25.3,25.75,25.22,25.14,25.62,25.51,26.1,25.53,25.85,25.98,26.15,26.29,26.23,26.02,26.1,25.88,26.62,26.76,26.22,25.93,26.5,26.62,26.61,25.85,25.81,25.89,24.35,25.5,25.09,25.59,25.65,25.73,24.79,25.58,25.03,24.94,25.04,25.65,25.7,25.66,25.22,25.53,25.59,26.79,26.28,26.38,26.61,26.42,26.31,26.48,26.85,27.17,27.11,26.55,27.29,27.04,26.64,25.82,25.62,25.08,25.79,25.32,25.12,25.8,25.78,25.2,25.44,24.9,25.46,25.26,25.36,25.68,25.63,25.97,26.11,26.54,26.17,26.21,26.73,25.82,26.91,26.92,26.98,26.53,27.17,26.77,27.29,29.7,28.59,28.48,27.54,26.3,26.8,25.85,25.5,26.22,25.78,25.5,25.64,25.09,25.55,25.96,25.73,26.06,24.99,25.9,26.51,26.14,26.49,25.95,26.32,26.69,26.54,26.77,26.48,27.37,26.19,27.35,27.14,29.97,30.48,28.08,28.62,26.95,26.03,25.62,25.96,25.62,25.54,25.39,25.75,24.66,25.42,25.85,26.32,25.79,26.0,26.13,26.51,26.32,26.38,26.58,26.61,26.57,27.05,26.51,26.38,26.89,26.99,27.08,27.92,28.83,29.54,28.07,28.91,27.7,27.1,25.86,25.37,25.45,25.64,25.5,25.31,25.45,25.53,26.2,26.07,26.17,25.73,25.81,26.36,26.41,26.58,26.68,27.11,26.76,26.42,26.29,26.29,27.41,27.04,26.39,26.7,27.17,28.23,26.93,27.02,27.13,26.99,25.47,25.4,25.73,26.18,25.74,25.88,25.7,25.72,25.6,25.96,26.08,26.06,26.05,26.04,26.65,26.87,26.48,26.5,26.19,26.36,26.53,26.76,26.83,27.4,26.75,27.14,26.28,26.44,26.48,26.09,26.19,25.89,25.28,25.2,25.98,25.71,25.84,25.77,25.3,25.99,26.61,26.22,25.77,26.14,26.19,26.31,25.89,25.99,26.39,26.28,26.32,27.05,26.95,26.42,27.59,26.19,27.25,27.7,27.16,26.92,25.66,25.71,25.95,25.55,25.42,25.66,26.04,25.62,25.25,25.4,25.65,26.14,26.24,26.42,25.78,26.29,26.29,26.29,25.46,25.95,26.18,26.76,26.58,26.88,26.52,26.2,27.24,27.34,27.09,27.72,26.03,25.98,25.02,25.87,25.86,25.9,26.01,25.72,26.57,25.81,25.69,26.31,25.87,25.48,26.26,26.4,26.19,25.86,25.81,26.37,26.36,25.59,26.19,26.44,26.59,26.7,26.49,26.82,27.92,26.62,27.36,27.81,26.58,26.6,25.29,25.27,26.01,26.32,26.15,25.95,25.84,26.04,25.91,25.58,25.84,26.02,26.03,26.25,26.01,25.93,25.34,26.44,26.12,26.35,25.99,26.52,26.76,26.38,26.37,26.53,27.64,26.94,26.12,28.02,25.89,26.26,25.45,26.48,25.92,25.68,25.46,25.52,25.9,25.96,26.12,26.11,25.36,25.6,25.88,25.58,25.88,26.01,26.11,26.52,26.59,26.15,26.25,26.39,26.64,26.32,27.19,27.67,27.0,27.09,27.69,27.86,26.6,25.21,25.35,26.1,25.73,26.41,25.36,25.94,26.05,25.61,25.63,25.9,25.26,25.77,25.14,26.01,25.46,25.97,26.07,26.06,26.34,26.63,26.91,26.21,27.05,26.4,26.72,26.98,26.98,26.91,26.84,27.41,26.25,25.17,25.62,25.71,25.16,26.29,25.17,26.59,26.28,25.49,26.33,26.33,26.07,25.93,25.81,25.66,26.05,26.29,25.9,26.19,26.37,26.48,26.73,26.35,27.21,27.08,27.08,27.04,27.63,26.91,27.78,27.6,24.97,25.39,25.25,25.23,25.85,26.38,25.99,25.69,25.95,26.23,25.57,26.05,25.56,25.97,25.83,26.07,26.48,26.18,25.97,25.86,25.95,26.5,25.69,27.11,26.68,26.87,26.27,26.73,26.97,27.82,26.91,27.89,26.6,25.12,26.41,25.78,26.49,26.17,25.82,26.5,25.34,25.37,25.03,26.05,25.84,25.59,26.12,25.62,25.89,26.1,26.4,26.18,26.27,26.78,26.53,26.69,26.11,26.81,26.72,26.78,26.96,26.54,27.56,27.75,26.48,26.78,25.85,25.74,25.11,25.87,26.15,25.45,25.43,26.06,25.23,26.06,25.53,25.51,25.58,26.13,25.51,26.31,25.79,26.01,26.58,26.25,25.72,26.25,26.41,25.98,25.3,26.48,26.73,27.84,27.41,28.18,27.93,27.46,25.09,26.4,25.26,25.5,25.88,25.7,25.57,25.29,25.48,25.86,25.61,25.7,25.77,25.45,26.03,25.3,26.18,25.81,25.45,26.06,26.31,26.61,26.06,25.07,26.11,26.02,27.34,26.97,27.23,28.5,25.8,27.05,25.36,25.69,24.54,26.11,26.08,25.87,25.88,25.99,25.76,25.87,25.37,25.75,24.89,25.89,25.57,25.96,25.37,26.45,26.57,26.11,26.05,26.03,26.01,26.27,25.85,26.46,26.17,27.05,27.31,28.75
2020-06-29 16:09:04.6452,0,25.54,26.32,25.87,25.68,24.16,24.99,24.87,24.72,25.64,25.78,26.53,26.61,25.84,25.96,26.29,25.85,26.14,26.18,25.92,26.4,25.43,26.58,26.75,26.89,26.84,26.32,27.78,27.55,26.22,29.11,27.46,28.39,25.71,24.72,26.62,25.52,24.82,24.07,25.0,25.28,25.69,26.5,25.89,26.15,26.06,25.69,25.99,26.07,26.68,25.52,25.57,26.07,26.44,25.12,26.32,26.97,26.89,26.64,27.13,26.23,27.99,27.1,29.05,27.52,26.52,27.36,26.21,26.44,25.17,24.94,23.87,25.27,24.77,24.98,25.52,25.48,25.31,25.47,25.98,26.02,26.15,26.22,25.64,26.51,26.04,26.1,25.76,26.6,26.19,26.62,27.1,26.2,26.24,27.03,26.67,28.4,27.38,26.09,26.08,25.6,25.87,25.06,24.57,24.87,25.25,25.23,25.62,25.39,25.61,25.08,26.25,26.2,26.56,26.23,26.07,25.62,26.18,25.73,26.31,26.02,26.05,26.45,26.01,26.39,26.34,26.43,26.33,27.94,26.75,25.26,25.77,26.06,24.71,25.73,25.05,24.81,24.65,25.32,24.94,25.89,25.19,25.43,25.46,26.14,25.76,25.61,26.16,26.37,26.49,25.82,26.39,26.69,26.03,26.64,25.93,26.35,26.22,26.68,26.04,27.46,26.38,26.18,25.85,24.72,25.75,26.05,24.88,25.07,24.95,25.3,25.62,24.76,25.13,24.86,25.49,25.78,25.63,25.75,26.19,25.83,26.28,26.01,26.36,26.59,26.64,26.37,27.18,25.93,26.23,27.16,26.99,27.23,26.43,27.09,24.89,26.3,25.07,25.49,25.73,25.77,25.37,25.82,25.03,25.35,24.63,25.65,25.86,25.79,25.77,25.92,25.63,26.72,26.58,26.06,26.27,26.83,26.42,26.92,26.89,26.98,26.57,26.79,26.55,27.28,27.22,26.47,25.97,26.11,25.5,26.07,25.7,24.87,25.91,25.78,26.16,25.33,24.99,25.37,25.75,25.36,25.57,25.23,26.35,25.92,26.53,26.49,26.85,26.51,26.51,26.79,26.91,25.45,26.82,26.25,26.93,26.75,28.66,29.43,28.64,28.29,28.45,27.44,24.99,25.97,25.89,25.88,25.51,25.63,25.39,25.25,25.39,26.01,25.78,26.03,26.01,26.21,26.25,26.18,26.49,26.96,26.13,26.41,26.91,26.74,26.23,27.07,27.35,27.65,29.79,28.67,29.13,28.92,28.66,27.47,25.61,25.73,26.05,25.65,25.8,25.66,25.22,25.14,25.56,25.66,25.96,25.63,26.4,25.94,26.6,26.19,26.46,26.4,26.67,26.24,27.26,27.04,27.16,27.14,27.24,27.42,27.28,28.7,27.31,28.46,26.92,27.48,25.99,25.71,25.78,26.05,25.41,25.6,24.68,25.42,25.56,26.7,25.72,25.81,26.19,26.16,26.03,26.57,26.38,26.99,26.77,26.41,26.3,26.79,26.03,27.03,27.53,28.02,26.99,26.22,27.07,26.43,26.99,26.23,26.17,26.11,25.61,25.97,25.34,25.69,24.93,25.16,26.04,26.05,26.43,25.79,26.41,25.76,26.35,26.39,26.46,26.82,26.62,26.48,26.52,26.38,27.64,26.85,27.23,26.81,25.94,27.6,25.73,26.38,25.55,25.88,25.28,26.12,26.3,25.9,25.54,25.56,25.5,25.98,26.52,26.31,26.23,25.57,26.56,25.93,25.03,26.27,26.6,26.99,26.55,26.81,27.08,27.04,26.91,26.03,27.09,27.03,26.98,26.25,26.1,25.71,26.07,25.94,26.36,26.01,25.82,25.73,25.84,25.6,25.64,25.96,26.23,26.34,25.95,26.02,26.28,25.64,25.93,25.66,26.68,26.26,26.68,26.09,27.26,26.58,26.68,26.78,27.24,27.07,26.57,26.49,25.18,25.86,25.59,26.27,25.3,26.3,25.72,25.27,25.59,26.7,25.78,25.94,25.71,26.49,25.82,26.41,26.01,26.55,25.67,25.88,25.99,26.42,26.48,26.57,26.88,27.33,27.36,27.48,27.04,28.3,26.57,26.95,26.2,26.18,26.26,26.2,26.14,25.84,25.83,25.09,26.1,25.18,25.83,26.21,26.3,26.35,26.18,25.84,26.48,26.54,25.91,26.36,26.5,26.21,26.18,26.03,26.23,26.54,27.63,27.09,27.28,27.35,26.08,26.6,25.94,26.32,25.37,26.33,26.09,26.0,26.02,25.95,25.59,25.99,25.46,25.99,26.27,26.16,25.69,25.61,26.31,26.41,25.98,26.24,26.36,26.38,26.65,26.43,26.4,26.71,26.71,26.78,27.02,28.02,26.04,25.76,26.3,25.32,26.28,25.61,25.6,25.57,26.49,26.06,26.16,25.69,25.45,25.48,25.82,25.72,25.84,26.08,26.55,26.47,26.84,26.33,26.24,26.22,26.81,26.29,27.11,26.71,27.41,26.77,27.17,27.94,25.3,25.91,25.13,25.7,25.74,26.7,26.1,26.06,26.05,26.06,25.89,26.21,25.34,25.71,26.23,25.96,25.34,26.49,26.22,26.7,26.37,26.68,26.39,27.16,26.97,25.92,25.96,26.31,27.18,26.59,27.43,27.96,26.31,25.96,25.76,25.4,26.13,26.53,26.64,26.48,25.7,26.47,25.9,25.72,25.97,25.55,26.33,25.97,26.26,25.88,26.17,25.76,26.69,26.07,26.03,26.41,26.8,25.59,26.54,25.86,27.58,27.05,27.45,27.15,25.77,25.51,25.32,25.94,25.56,26.01,25.4,27.32,25.99,25.99,26.12,25.8,25.28,25.69,26.35,26.4,26.23,25.98,25.84,26.51,25.81,26.3,26.28,26.31,25.99,26.53,27.03,26.77,26.31,26.88,27.37,28.35,26.9,25.17,26.95,25.04,25.42,25.72,26.71,26.46,25.81,25.68,24.97,25.21,25.87,25.4,26.14,26.14,26.4,25.19,26.47,26.13,26.57,26.01,26.73,25.61,25.72,26.26,26.06,26.49,26.89,27.15,27.0,27.97,25.71,25.9,26.09,26.39,24.76,25.49,25.73,26.92,25.29,26.66,25.08,25.84,24.97,25.44,25.78,26.3,26.28,26.02,26.43,26.18,25.97,26.7,25.35,26.31,25.48,25.98,24.79,25.84,26.64,27.14,27.48,29.89,26.91,25.61,25.35,25.89,26.61,24.92,25.91,25.41,26.16,25.86,25.48,25.74,25.75,25.38,25.51,26.02,25.68,25.47,26.25,25.8,25.52,26.12,26.32,25.89,26.45,25.35,26.34,25.77,26.52,26.87,27.3,28.76
2020-06-29 16:09:04.7732,0,26.43,28.67,24.99,25.56,25.02,24.49,24.76,25.79,25.69,25.35,25.4,25.49,25.87,26.39,25.5,25.73,25.23,26.19,25.68,26.29,26.03,26.47,26.34,25.05,27.06,26.54,26.2,27.24,26.59,28.43,26.77,27.58,27.21,26.68,26.05,25.63,25.43,24.87,24.88,24.84,26.17,25.95,25.63,25.21,26.34,25.85,26.26,26.36,26.18,25.68,25.85,25.97,25.78,25.99,26.49,26.41,26.31,26.37,26.84,26.12,27.66,27.48,28.92,27.42,26.12,26.04,25.51,25.35,24.72,24.99,24.85,25.15,25.22,25.41,24.76,24.97,24.84,25.85,25.51,25.78,25.45,25.98,26.02,26.15,25.68,26.24,25.79,26.07,26.38,25.9,26.51,26.25,25.95,27.48,26.57,27.57,27.76,26.2,24.81,25.68,25.43,24.47,24.89,24.91,25.4,25.39,25.12,25.03,25.85,25.58,25.78,25.63,26.22,25.54,25.84,26.22,26.31,26.0,26.72,25.51,26.49,26.63,26.68,25.62,26.56,26.69,26.92,26.97,26.01,26.94,25.84,25.95,25.07,25.77,23.65,24.7,24.16,24.95,25.07,25.78,24.76,25.54,25.13,25.58,25.98,25.94,25.6,26.25,26.49,26.51,25.56,26.2,27.11,26.92,25.53,26.69,25.63,26.9,25.74,26.9,27.27,25.68,25.73,24.44,25.33,25.06,24.9,25.76,25.58,25.2,25.27,25.12,25.66,25.31,25.49,25.25,25.93,25.53,26.29,26.38,26.39,25.91,25.89,26.12,26.53,25.87,25.92,26.86,27.54,26.4,27.63,27.12,27.47,26.05,26.12,25.2,25.26,26.07,25.36,25.53,25.27,25.48,25.37,25.79,24.53,25.22,25.55,25.16,25.46,25.6,25.73,25.67,26.16,26.37,25.72,26.25,25.96,26.55,26.11,26.72,25.69,26.36,26.27,27.54,28.93,29.4,26.33,26.79,26.37,26.65,25.45,25.4,25.44,25.57,25.93,24.79,25.28,25.46,25.33,25.76,25.55,25.43,25.54,25.81,26.52,26.07,25.97,26.29,26.75,26.19,26.0,27.01,27.01,26.61,26.99,26.83,28.2,29.48,28.54,29.23,28.62,27.59,26.49,25.25,25.22,25.76,25.83,25.61,24.99,25.81,25.67,25.32,25.68,25.82,25.61,26.38,25.75,26.06,26.17,26.3,26.48,26.88,26.16,26.62,25.69,27.1,26.41,27.35,28.81,28.06,28.71,28.67,28.29,26.71,25.73,25.62,26.04,24.9,25.78,25.65,25.01,25.03,26.01,26.03,25.85,26.0,25.91,25.93,25.71,26.67,25.83,26.18,26.11,26.37,26.51,26.28,26.76,26.89,27.45,27.14,27.17,28.42,26.74,27.45,26.56,27.49,25.4,26.18,25.68,25.94,25.6,25.78,24.87,24.93,25.27,26.13,25.52,26.06,25.89,25.85,25.93,26.55,25.97,26.14,26.44,26.41,25.95,26.29,26.48,27.2,26.94,27.74,26.35,25.95,25.56,26.18,26.74,26.12,26.29,25.88,26.03,25.55,25.52,25.18,25.19,25.24,25.84,26.04,26.22,25.86,26.01,25.84,26.14,26.48,26.35,26.4,26.72,25.92,25.78,27.04,26.7,27.02,26.62,26.87,26.18,26.31,25.77,25.67,25.31,26.15,25.3,25.66,25.45,26.2,25.13,25.64,25.2,25.58,26.23,26.37,25.67,26.02,25.72,25.81,25.79,26.55,26.08,26.25,26.11,26.92,26.48,26.67,26.1,27.47,26.66,27.74,26.86,26.31,25.83,25.46,26.08,26.34,25.41,25.67,26.13,25.42,25.42,25.1,25.61,25.38,26.58,25.96,25.93,25.91,25.98,25.91,25.81,25.75,26.36,26.15,26.68,26.66,26.02,26.35,27.25,26.82,27.29,26.63,26.11,26.2,25.08,25.6,25.76,26.28,25.31,25.95,25.94,25.47,25.48,26.18,25.29,25.73,26.44,26.56,26.55,25.83,26.09,25.67,25.16,26.07,25.78,26.2,26.15,26.69,25.76,27.08,27.25,26.93,26.76,27.17,26.8,26.16,26.53,25.17,26.28,25.7,25.18,25.62,25.82,25.09,25.78,26.3,25.42,25.73,26.09,25.58,26.06,25.55,26.74,26.05,26.19,25.65,26.07,25.99,26.74,26.51,26.62,26.43,27.37,27.13,27.65,27.25,26.16,26.31,25.83,25.42,25.68,25.95,25.23,25.26,25.68,25.62,25.38,25.45,25.06,25.77,25.78,25.65,25.87,25.78,26.2,26.1,26.29,26.22,25.71,25.83,26.31,26.43,25.89,26.46,27.05,27.27,27.43,27.21,26.65,25.65,25.86,25.69,26.57,25.91,25.73,25.22,26.38,25.95,25.72,25.59,25.54,25.77,26.19,25.32,26.02,25.78,25.94,26.06,26.93,26.32,26.56,25.78,26.81,26.55,27.12,26.61,27.44,27.12,27.92,26.79,26.15,25.79,24.85,24.93,24.47,26.58,25.2,25.94,25.71,25.83,25.79,25.98,25.34,25.7,25.51,25.54,25.54,26.17,26.22,25.96,26.05,26.35,26.4,27.04,25.88,26.7,26.14,26.77,26.61,27.4,27.14,27.47,25.99,25.86,25.63,25.3,26.15,25.71,25.59,25.85,25.94,26.13,25.89,25.62,26.49,25.97,25.7,26.08,26.15,25.77,26.26,25.77,26.47,25.74,26.15,25.95,26.43,26.65,26.99,26.34,26.99,26.63,27.87,27.61,25.46,25.39,25.94,25.65,25.14,25.28,25.58,25.81,25.37,26.26,24.69,25.56,25.06,25.91,25.69,25.94,25.9,26.19,25.85,26.63,25.94,26.54,25.92,26.57,25.88,26.69,26.32,26.81,26.37,27.62,27.46,28.03,27.19,25.27,26.27,24.75,26.73,25.46,27.02,25.93,25.43,25.32,25.71,25.35,25.52,25.3,25.91,25.69,26.39,25.65,26.0,26.38,26.1,26.15,26.23,25.76,25.74,25.88,25.79,26.86,27.1,27.05,27.68,27.86,25.85,27.55,24.99,26.08,24.65,25.54,24.84,25.72,25.04,25.85,25.38,25.86,25.12,25.32,24.43,25.69,25.93,26.38,25.45,26.06,26.12,25.4,25.66,26.34,25.38,25.55,25.51,26.06,26.35,26.46,26.9,28.65,27.33,26.71,25.63,25.39,26.31,24.82,26.59,25.93,25.47,25.61,25.22,24.82,26.02,25.4,25.01,25.53,26.06,25.73,25.75,25.83,26.31,26.15,26.62,25.78,26.48,25.87,24.87,26.19,26.76,25.99,27.71,28.66
2020-06-29 16:09:04.9017,0,26.54,27.16,27.42,25.23,23.78,24.63,24.87,25.07,25.33,25.79,25.21,26.19,25.7,26.11,26.15,26.0,25.87,25.79,26.48,26.41,26.43,26.02,26.6,26.44,26.35,27.01,26.86,26.22,26.46,27.14,30.87,29.04,28.97,26.11,25.73,26.79,24.09,24.08,24.68,24.79,25.1,25.77,25.48,25.74,26.07,25.43,25.87,26.21,25.8,25.79,26.65,26.35,26.45,25.96,26.18,26.67,26.91,26.48,26.61,27.14,27.79,27.59,27.31,28.69,27.1,26.17,26.41,25.29,25.85,25.45,24.8,25.59,25.33,25.54,25.13,24.84,25.2,26.34,26.35,26.03,26.03,25.63,26.25,26.28,25.42,26.24,26.04,26.2,25.33,26.48,26.78,27.22,25.89,26.09,27.79,28.76,26.64,26.75,26.09,26.54,24.9,25.23,24.73,25.17,24.73,25.24,25.37,25.52,25.27,25.93,26.03,25.74,26.11,26.0,26.9,25.98,25.72,26.23,26.32,26.16,26.48,26.45,26.65,25.9,27.04,26.8,26.58,29.37,26.55,26.27,25.59,25.55,24.41,25.14,25.05,25.37,24.52,25.96,25.06,25.2,24.09,25.44,25.91,25.82,25.55,25.95,25.94,26.38,25.68,25.95,26.04,26.58,26.3,26.65,27.1,26.21,26.07,26.86,26.05,26.36,26.59,26.18,25.33,25.41,25.31,25.32,24.9,26.01,25.58,24.94,25.52,24.77,25.03,25.09,25.51,25.79,26.48,25.33,25.88,26.16,26.29,26.35,26.61,25.87,25.88,26.37,26.76,26.38,25.93,26.68,26.62,26.83,28.14,28.55,27.22,27.27,26.81,26.2,25.21,25.78,25.26,25.6,25.48,25.81,24.74,25.35,25.46,25.39,25.27,25.32,26.45,26.11,25.95,25.96,26.62,26.96,26.19,26.06,26.36,27.41,27.03,26.33,27.45,26.73,29.05,30.04,28.68,28.31,27.2,27.7,25.96,26.02,25.8,25.34,25.42,25.88,25.21,25.58,25.36,25.87,25.68,25.34,26.56,25.72,25.61,26.08,26.64,26.28,26.05,26.43,26.53,26.71,26.68,26.72,26.6,27.84,27.77,28.42,28.8,29.81,28.32,27.98,26.72,26.6,25.1,25.34,25.94,25.74,25.1,25.84,25.39,25.45,25.79,25.95,25.62,26.41,25.46,26.39,26.28,26.1,26.13,26.89,26.78,26.35,26.52,27.08,26.52,28.0,28.42,26.82,29.74,28.92,27.49,27.34,25.74,25.62,25.73,25.66,25.6,25.76,25.14,25.05,25.76,26.14,25.69,25.92,26.13,26.23,26.52,26.59,26.27,26.62,26.8,26.13,27.02,26.65,27.17,26.71,27.41,27.42,26.58,27.54,26.23,26.07,25.87,26.59,25.39,26.19,25.35,25.85,25.11,26.01,24.79,25.43,25.75,26.07,25.63,25.82,25.91,26.27,26.13,26.97,26.18,26.9,26.11,26.99,26.18,26.93,26.31,26.76,26.73,28.03,26.83,26.57,26.47,25.84,26.35,26.49,25.82,25.65,25.95,25.87,25.94,25.49,25.51,24.98,26.05,26.24,25.63,25.61,26.51,26.71,25.98,26.88,26.48,26.61,26.63,26.37,27.14,25.87,26.28,26.71,26.91,27.8,24.72,26.27,26.79,25.65,25.42,25.77,25.77,26.02,25.67,26.02,25.75,25.57,24.84,25.99,26.25,26.41,25.78,25.87,25.65,25.94,26.29,26.19,26.3,26.9,26.77,26.59,27.21,27.31,26.77,27.04,27.91,27.86,26.47,25.58,25.96,25.72,25.56,25.18,25.9,25.44,25.4,25.53,26.05,25.61,25.18,25.78,26.7,26.71,25.78,26.11,26.29,26.11,25.56,25.37,25.88,27.08,26.91,26.09,26.9,27.22,27.52,27.35,27.58,27.57,25.51,26.15,25.34,26.17,25.6,26.16,26.14,26.19,25.73,25.38,25.59,26.41,25.3,25.86,26.18,26.59,25.92,25.58,26.58,26.46,25.97,25.8,25.79,26.44,26.37,26.7,26.88,26.43,27.5,27.2,27.2,27.3,26.4,25.41,26.21,26.34,25.47,25.68,25.79,25.85,26.38,25.73,26.22,25.69,25.65,25.65,26.03,26.54,26.1,26.03,26.49,26.55,26.12,26.47,26.1,26.64,26.42,25.92,27.13,26.67,27.07,26.52,26.95,27.19,26.09,25.38,26.1,25.39,25.93,25.54,25.72,25.76,26.02,25.31,25.81,25.9,25.57,25.61,25.98,26.07,25.69,25.91,26.12,26.32,25.78,26.66,26.58,26.61,26.08,26.92,26.8,26.86,27.16,27.54,27.53,27.51,26.05,26.3,25.67,25.96,25.73,25.62,25.61,25.46,26.05,25.95,25.85,25.91,25.57,25.88,26.62,25.73,26.05,25.59,26.17,26.37,26.34,26.44,26.58,26.22,26.7,26.66,26.58,27.4,26.69,27.68,26.32,27.77,26.46,25.55,25.8,25.38,25.46,26.43,25.31,26.33,26.17,25.84,26.12,26.11,25.34,25.83,25.52,26.28,25.55,25.99,26.12,26.71,25.84,25.93,26.28,26.82,26.85,26.06,26.25,26.61,26.88,27.53,27.79,28.15,26.32,25.22,25.42,25.08,26.28,25.96,26.65,26.09,26.43,25.65,25.79,25.95,25.98,25.87,26.24,25.98,25.55,25.78,26.7,26.09,26.38,26.95,26.97,26.65,26.56,26.88,26.83,27.03,26.34,26.58,27.82,27.72,25.99,25.72,25.32,25.08,25.72,26.33,26.4,25.66,25.35,26.26,25.04,25.93,25.29,25.47,26.02,26.18,26.01,26.32,26.07,26.41,26.28,25.96,26.54,26.69,25.32,26.14,26.58,26.32,26.81,27.06,27.96,28.36,26.69,26.19,25.11,25.05,25.75,25.73,26.29,26.18,25.95,25.82,25.84,26.32,26.22,25.3,25.92,26.6,26.18,25.98,26.13,26.26,26.58,26.26,26.87,26.26,26.41,25.85,25.61,27.28,27.23,27.16,27.01,27.54,26.21,27.46,26.29,25.82,24.93,25.5,25.27,25.23,25.86,25.98,25.89,25.72,24.59,25.58,25.78,25.57,25.55,25.43,25.94,26.06,25.59,26.71,25.91,26.61,25.19,25.53,24.96,25.85,25.92,26.41,28.42,29.34,27.2,25.38,25.96,26.89,25.58,25.27,25.44,26.05,24.88,25.87,25.62,25.75,25.76,25.38,25.52,25.77,25.32,25.85,25.49,26.46,26.31,25.99,26.88,26.62,26.16,25.98,26.01,26.48,26.35,26.11,27.04,28.77
2020-06-29 16:09:05.0295,0,27.37,25.78,26.78,26.47,24.62,24.69,24.4,24.78,25.83,25.97,25.98,25.35,25.86,25.85,26.17,25.33,25.48,25.93,25.67,25.87,25.88,25.76,26.02,25.53,26.72,26.71,27.29,27.05,27.05,27.01,27.31,28.25,25.58,26.31,26.05,25.82,23.96,24.31,24.38,24.49,25.12,25.49,25.78,25.34,25.68,25.84,25.35,26.08,25.54,26.05,26.26,25.68,25.79,26.25,26.21,26.1,25.85,26.35,26.84,26.65,26.42,27.69,30.65,28.52,25.8,25.56,26.09,25.94,25.05,24.83,24.06,24.86,25.35,24.87,24.35,25.11,25.56,24.99,25.62,26.03,25.79,25.99,25.4,26.16,26.29,25.99,25.91,26.22,25.93,26.36,27.3,26.43,26.65,25.97,27.38,27.93,26.26,26.84,25.97,25.1,24.12,24.62,25.2,25.05,24.2,24.72,25.0,24.89,24.79,25.92,25.79,25.5,25.65,25.65,25.37,25.5,25.95,25.86,25.8,25.63,25.94,27.04,26.53,26.26,25.18,27.04,27.65,27.23,26.84,26.15,25.46,25.78,25.21,24.87,24.64,24.98,24.91,25.08,25.3,24.84,24.86,25.1,24.89,25.48,25.54,25.61,25.93,25.35,25.56,25.83,26.4,25.71,25.91,26.52,25.52,26.09,26.1,26.57,26.93,25.79,26.67,28.0,26.61,26.82,25.49,25.19,24.77,24.95,24.84,25.31,25.74,25.34,24.8,24.86,25.06,25.24,25.41,24.88,25.43,25.93,26.06,25.56,26.01,26.11,26.02,26.25,26.07,26.85,25.48,27.04,27.83,27.3,28.02,28.97,29.69,28.11,28.25,27.59,25.48,25.02,25.5,25.14,25.14,24.91,24.31,24.2,25.54,25.27,25.15,25.3,26.53,26.2,25.83,26.16,26.05,25.9,26.19,25.93,26.1,25.87,26.45,26.04,27.5,26.98,27.65,28.15,29.81,29.11,28.33,28.64,26.22,25.89,24.97,25.33,25.73,25.11,25.08,25.45,25.24,25.85,25.16,25.62,25.65,25.8,25.59,25.74,25.43,26.73,25.58,25.93,26.4,26.58,26.86,26.29,26.99,26.81,26.22,27.11,26.19,28.18,28.07,27.2,26.73,25.62,25.88,25.66,25.39,25.41,24.88,24.46,26.13,25.61,25.09,25.44,25.99,25.81,25.54,26.17,25.52,26.53,26.58,25.82,26.02,26.23,26.11,26.36,27.06,26.84,26.9,26.19,26.42,25.62,27.1,27.22,25.74,25.25,25.72,25.75,25.79,25.74,24.83,24.73,25.64,26.21,24.81,25.14,25.82,26.21,25.52,26.17,26.25,26.39,26.0,25.89,27.15,26.27,25.49,27.31,26.3,27.8,25.58,25.89,25.79,25.64,25.22,25.83,25.51,25.95,25.67,24.88,24.99,25.29,25.15,24.74,25.44,26.04,26.06,25.24,25.98,26.14,26.3,26.07,26.68,26.78,26.54,25.95,26.55,26.16,26.46,26.78,26.6,26.41,26.35,25.76,25.88,25.41,26.35,24.69,25.7,25.4,25.71,25.75,25.33,25.17,24.82,24.95,25.66,25.75,25.14,25.58,25.55,25.64,26.15,26.17,26.15,26.17,26.07,26.02,26.53,26.39,26.71,26.87,26.95,28.0,26.34,25.3,25.61,25.52,25.43,25.26,25.4,25.55,25.86,25.38,25.63,25.05,25.28,25.3,26.13,25.92,25.84,25.74,26.08,25.72,26.07,25.09,26.07,26.26,26.32,26.01,26.59,26.55,26.79,26.49,27.62,27.41,25.49,26.13,25.99,26.18,25.31,25.82,25.3,24.97,25.81,25.61,25.33,25.19,25.25,25.65,25.85,26.4,26.02,25.34,25.89,25.52,26.01,25.94,25.65,25.93,26.02,26.08,26.4,26.59,26.29,27.22,27.45,27.44,27.15,26.55,25.22,26.05,26.14,25.26,25.66,25.48,25.71,25.05,25.27,25.58,25.66,25.64,26.06,25.91,26.26,25.56,25.89,25.86,25.85,25.57,25.77,26.21,26.36,26.12,26.38,27.34,27.24,26.65,27.25,27.18,25.57,25.97,25.93,25.46,25.75,24.91,25.79,26.08,25.51,25.4,25.69,25.77,25.91,25.52,25.81,26.14,25.51,25.63,26.18,26.43,25.7,25.94,26.6,26.73,25.84,26.5,25.99,26.29,26.66,26.54,27.0,26.89,25.96,25.43,25.17,25.89,25.94,25.02,26.09,24.9,25.56,25.29,25.26,25.56,25.35,25.58,25.67,25.46,26.25,26.17,25.7,26.5,26.48,26.33,26.36,26.16,26.19,25.96,26.81,26.6,26.89,26.97,27.41,27.21,25.19,24.74,25.71,25.52,24.77,25.9,25.36,25.83,25.47,25.16,25.62,26.1,24.84,25.26,25.71,26.1,25.73,25.66,26.05,26.05,26.42,26.31,26.24,26.1,26.11,26.29,27.0,27.0,25.98,26.8,27.23,27.82,25.37,24.49,25.68,25.1,25.19,25.6,26.24,25.43,25.7,25.6,26.11,25.33,25.22,25.18,25.29,25.65,25.63,25.87,25.89,26.07,25.83,26.03,26.85,26.47,26.24,26.06,26.13,26.48,26.44,26.32,27.49,27.66,25.81,26.02,25.13,25.11,25.14,26.12,25.6,25.83,25.47,25.41,25.78,26.16,25.65,25.21,25.39,26.06,25.64,26.07,26.27,25.86,25.83,26.06,25.68,26.17,25.31,26.37,26.99,26.46,26.06,26.92,27.69,27.59,27.3,25.99,25.38,25.66,25.91,25.59,25.57,25.82,25.1,25.38,25.28,25.33,25.5,25.24,26.01,25.95,26.11,25.31,26.4,25.72,26.62,26.19,25.91,26.07,25.87,25.74,26.91,26.66,26.36,25.55,27.83,28.43,26.14,25.85,26.65,24.91,25.94,25.29,26.03,26.34,25.17,25.05,25.11,25.46,25.29,25.97,25.69,26.25,26.28,26.08,26.01,26.25,25.87,26.01,26.24,26.27,25.2,25.72,26.25,26.37,26.44,26.68,27.49,26.53,26.07,26.67,25.37,25.89,25.32,25.55,25.77,26.19,25.59,24.89,24.96,25.47,25.36,24.83,25.16,25.45,25.67,25.3,25.69,25.82,25.59,25.67,25.92,26.2,26.09,24.8,25.66,25.55,25.97,26.28,28.05,27.52,24.53,25.96,26.44,25.56,25.28,25.31,24.99,25.44,25.9,25.88,25.5,25.62,25.12,25.13,25.65,25.01,24.44,25.35,25.75,26.07,25.54,25.86,25.93,26.05,26.04,26.3,25.38,25.99,26.77,26.16,27.45,29.28
2020-06-29 16:09:05.1577,0,25.44,27.04,25.77,25.8,24.64,24.69,24.76,24.95,26.31,26.27,26.28,25.79,25.18,25.99,26.45,25.47,24.83,26.46,26.24,25.6,25.33,26.48,26.03,26.63,26.25,26.89,27.49,26.48,27.55,28.16,29.08,28.93,28.85,26.68,26.28,26.26,24.71,24.33,23.88,24.84,25.28,25.51,25.79,25.49,25.95,25.72,24.57,25.97,26.45,25.42,26.26,26.64,26.88,25.85,25.33,26.42,26.16,25.88,26.31,26.67,27.26,27.72,29.37,28.58,27.57,27.01,26.5,25.17,24.73,25.0,24.08,24.86,25.5,25.55,25.42,24.72,25.33,25.86,25.51,25.19,25.92,26.11,25.9,25.17,25.43,25.87,25.66,25.95,25.95,26.51,25.87,25.76,26.49,26.74,26.57,28.29,28.02,26.64,25.78,26.24,25.93,25.6,24.01,24.62,25.41,25.0,25.25,25.66,25.5,25.82,25.2,25.4,26.23,25.78,25.61,25.87,25.96,26.24,25.94,26.32,26.36,26.2,25.75,26.45,26.92,26.51,27.18,26.1,27.9,27.15,27.82,26.48,26.15,25.77,24.8,24.43,24.54,25.08,24.83,24.72,24.98,25.1,25.69,25.59,25.66,25.94,26.27,25.92,26.04,26.4,25.93,26.34,26.32,26.39,25.97,25.63,26.93,26.07,26.55,26.69,28.49,29.55,27.48,28.69,27.12,26.97,24.08,25.63,25.22,24.59,25.16,25.01,25.13,25.09,24.73,25.14,25.52,25.32,25.32,25.95,26.4,25.91,25.9,26.0,26.53,26.39,25.35,26.27,26.28,26.4,26.88,27.33,26.9,28.07,28.58,29.06,28.97,28.55,26.27,24.89,25.39,25.71,25.15,25.14,25.05,25.34,25.86,25.78,25.17,25.1,25.53,25.58,26.05,26.27,25.83,25.67,26.32,26.56,26.11,26.45,26.62,27.0,26.27,26.8,28.21,26.73,28.57,27.73,29.16,27.59,26.73,26.03,25.91,24.89,25.3,25.01,24.68,25.27,25.75,25.86,25.46,25.63,25.65,26.12,26.32,26.59,26.31,26.52,27.11,26.07,26.14,26.6,26.71,26.15,26.82,27.56,26.78,27.45,25.73,25.87,26.2,27.73,27.11,26.23,25.45,25.88,25.62,25.52,25.28,25.24,25.76,25.71,25.39,25.73,26.48,25.91,25.85,26.57,26.59,26.31,26.02,26.3,26.42,26.1,26.13,26.07,26.75,26.5,27.43,25.86,25.81,25.33,26.17,25.67,25.86,26.11,25.5,25.55,25.27,25.55,25.12,25.23,25.07,26.03,25.48,25.06,26.58,26.22,26.3,25.88,26.36,26.62,26.9,26.37,26.01,26.41,27.62,26.75,27.13,27.65,25.6,26.92,25.49,25.79,24.97,26.34,25.41,25.49,25.46,25.1,25.4,24.99,25.54,25.78,25.92,25.95,25.8,25.79,26.18,25.77,25.54,26.46,26.59,26.14,26.22,26.99,26.93,26.68,26.34,26.64,26.46,27.42,26.53,26.12,25.73,25.73,25.57,24.96,25.23,25.77,26.15,25.56,24.93,25.68,25.01,25.43,25.48,25.86,25.96,25.59,25.74,26.13,26.05,26.19,26.05,25.97,27.17,26.49,25.92,26.02,26.85,26.6,27.28,28.02,25.84,26.83,26.23,25.82,25.44,25.9,25.42,25.66,25.35,25.17,25.84,25.25,25.2,25.59,26.05,25.83,25.85,26.02,26.19,25.54,25.41,25.78,26.5,26.37,26.22,26.82,26.73,26.3,26.94,27.34,27.31,27.08,26.7,25.98,25.09,25.46,25.18,25.2,25.18,25.1,25.92,26.04,25.63,25.5,25.25,26.05,25.85,26.05,26.3,25.54,25.62,25.91,25.73,25.76,26.37,26.36,26.8,26.89,26.03,26.48,26.85,27.38,27.3,26.63,25.58,26.89,26.32,25.76,26.03,25.78,26.15,25.25,25.19,25.9,25.89,25.38,25.19,25.93,26.16,25.82,25.53,25.84,25.9,25.77,25.76,25.97,25.48,25.89,26.83,27.04,27.16,26.31,27.82,27.52,27.43,26.51,25.93,25.99,25.01,25.33,26.82,25.45,26.03,25.26,25.83,25.94,25.38,26.09,25.62,25.92,25.82,26.24,26.17,25.46,26.09,26.82,26.1,25.75,26.5,26.32,26.3,26.16,27.14,27.09,26.95,26.56,27.5,26.74,25.61,25.79,25.51,25.59,25.68,26.22,25.36,25.15,25.46,25.85,25.92,25.88,25.26,26.27,26.07,25.56,25.68,25.79,26.11,26.2,25.98,26.23,26.26,26.16,25.74,26.08,26.69,26.88,26.46,27.13,27.26,26.52,27.03,25.12,25.39,25.54,25.75,26.05,25.49,25.84,25.59,25.51,25.08,25.7,25.14,25.47,25.42,25.42,25.83,25.68,25.95,25.96,26.73,26.63,26.24,26.12,26.7,26.43,26.06,26.48,26.87,27.57,26.89,27.84,25.97,25.43,25.7,25.26,25.21,25.75,26.52,26.08,25.71,26.07,25.9,25.88,25.76,25.29,25.82,25.65,26.16,25.56,26.32,26.38,25.95,26.58,26.4,26.35,26.0,26.83,26.85,26.2,26.31,27.72,27.15,27.85,27.16,25.49,25.82,24.97,25.73,25.71,25.47,25.72,26.07,25.43,25.45,25.95,26.08,25.55,25.6,25.87,26.36,26.08,25.21,25.87,26.26,25.97,26.04,25.95,26.31,26.26,26.86,27.21,26.69,27.1,26.61,27.61,25.88,26.2,25.58,25.49,25.3,25.44,25.16,26.1,25.76,25.63,25.18,25.21,25.86,25.58,25.91,25.28,25.57,26.53,26.19,26.07,26.05,26.19,26.56,26.07,26.41,26.02,26.63,26.35,26.21,27.63,28.05,27.43,27.42,26.49,25.54,25.29,25.79,25.31,25.46,26.36,25.83,25.97,24.86,25.23,25.87,25.87,25.92,25.81,25.61,25.65,26.47,26.26,26.23,25.79,25.86,26.15,26.16,25.61,25.34,25.91,26.78,26.88,26.49,26.56,25.61,26.24,26.19,25.89,25.34,25.38,25.63,24.8,25.61,26.27,24.98,25.08,25.13,25.33,25.3,25.21,25.56,25.79,25.96,26.07,25.35,25.94,26.07,25.92,25.82,25.56,25.19,25.9,26.17,26.29,27.85,27.82,27.36,26.48,25.44,25.19,25.29,24.48,25.16,26.57,25.62,25.33,25.91,25.23,26.03,25.02,25.65,25.16,25.57,25.24,25.76,25.18,25.93,25.88,25.79,25.2,26.19,25.72,25.05,26.37,27.32,26.77,27.73,28.67
2020-06-29 16:09:05.2857,0,25.92,28.68,24.45,24.88,23.47,24.69,24.23,25.12,25.37,25.21,25.25,25.93,25.59,25.44,25.36,25.88,25.76,25.67,25.12,25.88,26.45,25.76,25.41,26.79,26.4,26.38,26.19,26.48,25.86,27.02,26.75,26.26,27.23,25.64,25.61,25.62,23.97,24.32,24.73,24.34,25.58,25.21,25.93,25.35,25.15,25.98,25.62,25.43,26.19,25.8,26.4,25.83,25.38,26.12,25.77,25.81,26.32,26.04,26.49,25.75,26.22,26.51,30.23,25.06,27.56,26.77,25.3,25.75,25.57,24.5,24.53,25.32,24.8,24.32,24.09,25.5,25.57,25.98,24.9,25.91,25.56,25.87,24.79,25.91,25.3,25.49,25.52,26.22,26.66,26.21,25.37,26.27,26.31,26.74,26.28,28.98,27.52,25.98,26.55,25.49,25.6,25.11,25.64,24.91,24.61,24.86,24.49,24.9,25.38,25.1,25.91,25.63,25.65,25.77,26.32,25.15,25.72,25.5,25.68,26.04,25.67,26.34,25.59,25.29,26.57,26.13,26.46,25.5,26.85,27.74,28.52,28.38,28.11,25.93,24.65,24.71,24.54,24.71,25.19,24.72,24.98,25.21,25.12,25.37,25.44,25.73,25.38,25.58,26.15,25.14,25.44,25.72,25.65,25.99,25.53,26.4,25.3,25.73,25.93,27.13,28.29,28.21,29.69,29.67,26.98,27.69,25.47,25.23,24.6,24.09,25.4,24.42,24.69,25.08,25.5,24.81,25.73,25.21,25.98,25.28,25.73,25.9,25.9,25.87,26.15,26.26,26.5,25.67,26.13,26.23,27.45,26.91,26.13,26.06,26.61,28.75,27.97,28.69,26.27,26.18,25.39,25.14,24.7,25.47,24.21,24.51,25.03,25.27,24.86,25.51,25.83,25.68,25.73,26.28,25.26,26.26,25.95,26.44,25.43,26.87,26.76,27.31,26.09,26.24,26.18,25.81,26.66,26.0,27.92,26.64,27.73,27.16,25.92,25.22,25.73,25.01,24.68,24.76,25.35,25.05,24.87,25.53,25.85,26.01,26.12,26.28,26.42,25.94,26.64,26.19,26.54,26.18,25.66,26.14,27.69,26.64,25.69,25.9,24.62,25.88,25.78,26.02,26.24,27.08,26.23,25.66,24.98,25.11,24.99,24.75,25.28,25.62,25.2,24.97,25.7,26.1,25.35,26.47,25.42,26.53,26.13,26.3,26.15,26.36,26.12,26.52,26.57,26.85,26.73,26.2,26.43,25.32,25.49,25.0,25.26,25.02,25.83,25.11,25.48,25.03,24.54,24.93,25.74,25.55,25.76,25.71,25.73,25.83,25.53,26.57,26.46,26.07,26.57,26.37,26.52,26.54,26.21,26.15,27.3,26.79,27.34,25.73,24.38,25.49,25.63,25.7,24.68,25.02,25.24,24.99,24.89,25.59,24.67,24.84,25.36,25.4,25.79,25.61,25.61,25.67,25.73,26.27,25.45,26.57,26.55,25.96,25.69,27.19,26.2,26.08,26.12,26.58,25.31,26.45,26.5,25.57,25.58,24.7,25.59,25.18,25.72,25.34,24.93,25.18,25.4,24.68,25.57,25.3,25.69,25.22,25.84,25.75,25.77,25.89,25.95,26.39,25.97,25.69,26.66,26.78,26.44,26.59,26.96,27.03,25.83,25.81,25.47,25.53,24.52,24.76,24.81,25.55,25.34,25.49,25.33,25.36,25.1,25.49,25.86,26.66,26.4,25.66,25.44,26.38,24.92,25.88,25.35,26.06,26.22,25.91,26.47,26.43,26.8,25.93,26.16,26.92,25.32,25.97,25.39,25.31,25.32,25.95,25.78,25.21,25.29,26.04,25.73,24.9,25.34,25.66,26.04,25.96,25.75,25.63,26.17,25.72,25.34,25.65,25.86,26.15,25.92,25.75,26.78,26.35,26.57,26.53,26.97,27.12,26.1,25.17,25.38,25.76,25.22,25.39,25.19,25.84,25.51,25.27,25.07,25.69,25.09,25.08,25.7,26.47,25.62,25.93,25.99,26.35,25.46,25.48,25.16,26.0,25.92,26.82,26.01,26.57,27.39,26.65,26.76,27.01,26.1,26.16,25.32,25.02,25.89,25.05,25.67,24.9,25.3,25.62,26.1,25.68,25.34,25.53,26.19,25.58,25.8,25.64,25.99,25.86,25.81,25.65,25.77,25.88,26.64,26.62,26.51,26.17,27.1,26.11,27.17,26.73,25.23,26.32,24.37,25.12,25.26,25.29,25.48,26.14,25.11,24.97,25.37,25.78,24.65,25.39,25.67,25.56,25.58,25.89,25.61,25.81,26.28,26.03,25.49,25.84,25.85,26.08,26.02,26.2,26.31,26.67,26.9,27.04,26.12,24.75,25.23,25.37,25.47,25.37,25.99,26.08,25.59,25.39,26.05,25.37,24.74,25.27,25.52,25.41,25.54,25.38,25.76,26.36,26.12,25.91,26.24,25.78,26.12,26.3,25.79,25.64,27.01,26.96,26.72,27.13,26.72,24.87,24.51,24.77,25.05,25.47,25.06,25.82,25.47,25.84,25.45,25.55,25.23,25.39,25.4,25.65,25.23,25.36,25.27,25.45,25.41,25.6,25.47,26.35,26.12,26.58,25.99,26.63,25.83,26.63,26.59,27.29,26.59,25.48,25.64,24.79,24.41,25.42,25.74,25.32,25.23,25.54,25.22,25.39,25.76,25.54,25.92,25.24,25.74,25.77,25.95,25.23,25.51,26.07,26.27,26.42,25.81,26.26,26.43,25.89,26.38,26.94,26.79,27.98,25.03,26.0,25.39,25.31,25.76,25.59,25.15,25.4,25.5,25.64,24.81,25.58,25.17,25.24,25.91,25.73,25.9,25.43,25.5,25.61,25.58,25.48,25.92,26.07,25.88,26.15,26.47,25.73,26.37,26.08,25.88,28.24,25.29,25.87,25.54,24.39,25.15,25.14,26.32,26.06,25.18,25.19,25.6,25.1,25.3,25.52,25.92,25.23,25.84,26.09,25.78,26.02,26.11,26.14,25.98,25.76,26.02,25.88,26.41,26.22,26.61,26.69,27.29,26.99,26.09,26.46,24.98,26.48,25.16,24.88,24.83,25.73,25.6,24.75,25.37,25.34,25.12,25.46,24.55,25.58,25.56,25.91,25.07,26.07,25.34,25.41,25.79,26.06,25.37,25.87,25.01,25.73,26.34,26.47,27.36,27.81,27.07,25.98,26.04,24.98,25.11,24.81,25.8,25.29,24.9,25.04,25.5,25.22,24.73,24.62,25.52,24.89,25.45,25.6,25.76,25.43,25.41,25.33,26.07,25.78,25.89,25.86,25.39,24.96,26.05,26.56,26.92,28.64
2020-06-29 16:09:05.4141,0,29.94,27.58,26.4,25.92,24.95,25.56,25.23,24.74,25.96,26.4,25.96,25.91,26.4,26.25,26.57,26.27,26.28,26.46,25.93,26.7,26.71,26.17,26.6,26.76,26.52,26.84,28.16,26.61,28.14,27.44,29.2,27.76,29.78,28.15,26.41,26.17,24.46,24.98,25.02,25.29,25.85,25.92,25.77,25.75,26.21,26.1,26.01,26.73,26.57,26.31,26.12,26.49,26.46,27.07,26.77,26.98,27.68,26.81,27.85,27.51,28.82,28.07,29.08,29.85,27.69,26.9,28.18,26.84,26.02,25.13,25.12,25.29,25.75,26.08,25.79,25.62,26.42,25.73,26.71,25.79,26.39,26.83,26.49,26.16,26.29,25.99,26.45,26.07,26.49,27.08,26.79,26.22,26.79,27.05,28.35,28.77,27.4,26.98,28.56,28.56,26.86,26.68,25.62,25.47,25.8,25.77,24.74,25.77,25.74,25.81,25.45,26.21,26.35,26.35,26.09,26.46,25.96,26.24,26.46,26.83,27.04,26.6,26.81,26.4,27.73,26.63,28.02,28.82,27.18,28.06,29.69,29.86,28.83,28.13,25.9,25.65,25.29,24.96,25.31,25.2,25.76,25.67,26.36,25.49,25.99,26.39,26.05,26.38,26.38,25.61,26.4,26.83,27.09,26.25,26.81,26.52,27.21,27.37,26.66,27.26,26.4,26.58,30.15,30.12,29.29,29.24,27.23,26.54,25.46,24.95,25.17,26.16,25.57,25.31,25.4,26.22,26.07,25.76,25.77,25.95,26.74,26.13,26.61,26.48,27.17,26.77,26.91,26.39,26.89,27.34,27.2,26.84,27.02,27.65,26.57,28.24,28.65,28.53,28.18,27.07,26.7,25.72,25.04,25.15,25.17,25.15,25.67,25.09,25.58,25.84,26.05,26.12,26.16,26.93,26.17,26.73,26.67,26.56,26.63,26.99,27.8,26.65,27.45,27.3,27.6,26.84,25.83,25.96,27.77,27.84,27.85,28.51,26.74,26.35,25.85,25.89,25.21,25.38,26.07,26.18,25.29,26.14,26.07,26.03,26.55,26.39,26.43,26.74,26.41,26.92,26.27,26.99,26.99,27.65,26.78,26.58,26.53,25.85,26.01,26.0,25.36,25.87,26.61,26.24,26.01,26.11,25.73,26.37,25.01,25.17,26.16,26.22,25.89,25.57,26.21,26.42,26.35,26.99,26.6,26.76,26.48,27.01,27.55,26.75,26.81,27.08,27.7,26.8,26.85,26.15,25.47,25.6,26.29,25.25,25.99,26.34,26.07,25.98,26.02,25.87,25.43,25.15,26.04,26.43,25.98,25.36,26.23,26.14,26.42,26.89,26.69,26.94,26.46,27.07,26.77,26.79,26.62,27.44,27.09,26.92,26.94,26.87,25.76,26.22,26.01,26.21,25.88,26.55,26.12,25.96,25.82,25.41,25.56,25.44,26.31,26.17,26.09,26.1,26.66,26.08,26.23,26.58,26.08,27.12,27.0,27.34,26.8,26.68,26.31,27.19,26.73,27.54,27.18,27.25,26.01,26.0,25.96,25.47,26.06,26.35,26.06,26.4,26.24,25.69,25.13,25.92,25.97,26.52,26.26,25.7,26.42,26.24,26.65,26.3,26.99,26.62,27.07,26.26,26.53,26.9,26.83,26.29,27.24,27.97,26.3,26.28,26.64,26.1,25.3,25.65,26.13,25.44,26.1,25.81,25.85,25.58,25.41,25.61,26.53,26.32,26.7,26.15,26.21,26.13,26.29,26.09,26.81,26.39,27.22,26.48,27.21,26.81,27.33,26.76,27.1,27.54,26.48,26.6,25.67,25.87,26.34,25.95,26.14,25.91,25.62,25.95,25.76,26.3,25.47,25.59,26.62,26.98,26.33,26.49,26.2,26.02,25.75,26.46,26.19,26.78,26.92,26.78,26.4,27.35,26.83,26.93,27.42,27.58,26.22,26.33,25.97,25.28,26.01,26.03,25.67,26.55,26.27,25.81,25.7,26.52,25.6,25.96,26.18,26.87,26.57,26.05,26.3,26.56,25.87,26.4,26.21,26.65,26.26,26.71,26.76,26.7,27.93,26.92,27.7,27.48,26.59,26.63,26.37,26.05,26.01,25.69,26.27,26.68,25.63,25.42,26.63,25.8,26.03,25.84,26.59,26.07,26.47,26.23,26.69,26.65,25.93,25.97,26.52,26.97,26.99,26.86,26.25,27.33,27.22,27.11,26.96,26.86,26.1,25.74,26.11,25.4,25.52,26.74,25.6,25.89,25.57,25.31,26.03,25.79,25.57,26.1,25.99,26.08,26.08,25.91,26.41,26.23,26.6,26.25,26.59,26.83,26.43,26.33,27.2,27.27,26.87,27.4,27.2,27.17,25.51,26.48,25.84,25.81,26.43,24.95,25.62,26.08,26.17,25.63,25.96,26.23,25.17,25.59,25.84,26.23,25.95,26.18,26.37,26.67,26.65,26.54,27.13,26.89,26.82,26.78,26.99,27.0,27.14,27.38,27.36,27.95,25.51,25.92,25.81,25.23,25.47,26.57,25.84,26.08,26.77,26.31,26.79,26.01,25.87,26.15,26.54,26.49,25.96,25.99,26.95,26.3,26.49,26.27,26.51,26.36,26.61,27.33,26.96,26.18,26.88,26.6,28.33,27.98,25.75,25.23,25.43,26.08,26.87,26.26,26.13,26.23,26.43,26.01,26.14,25.51,25.88,26.2,26.25,26.19,26.07,25.99,26.18,26.2,26.49,26.41,26.63,26.3,26.44,26.63,27.12,26.74,27.28,27.06,27.82,28.67,26.82,26.52,25.88,26.48,25.41,26.33,26.83,26.36,26.26,26.14,25.17,25.46,25.63,25.93,26.14,26.08,26.68,26.11,26.19,26.87,26.17,25.73,27.67,26.2,26.53,26.41,27.19,27.1,26.82,27.41,27.19,28.37,25.64,26.4,25.12,25.76,26.24,25.58,26.01,26.75,25.7,26.34,25.85,25.59,26.0,26.1,26.04,26.26,26.08,26.22,26.02,26.73,26.71,26.26,26.62,25.88,26.01,26.69,26.54,26.82,26.74,27.86,27.02,27.55,26.22,26.14,26.3,26.22,25.96,25.68,26.06,26.32,25.58,26.4,25.5,25.86,26.0,25.33,25.54,25.83,26.04,25.79,25.82,26.2,26.11,25.4,26.6,27.18,26.22,26.44,26.13,26.2,26.83,27.35,28.2,29.08,26.38,27.08,25.57,26.7,25.42,26.13,25.93,27.15,25.89,26.3,25.63,26.29,26.15,25.14,25.65,26.03,26.32,25.73,25.5,26.47,26.06,26.8,26.06,26.91,25.87,26.44,26.02,27.0,28.35,28.41,28.65,29.12
2020-06-29 16:09:05.5424,0,27.41,28.28,25.77,25.8,25.02,24.14,24.24,24.78,26.31,26.12,25.69,25.5,26.15,25.03,26.04,25.47,26.29,26.47,26.1,26.02,26.32,26.76,26.49,26.17,26.89,27.22,26.75,27.06,26.59,27.02,27.93,30.89,27.24,26.34,26.96,27.1,24.34,24.69,24.56,25.66,24.83,25.51,25.5,25.63,25.95,25.98,26.4,25.57,25.29,26.32,26.13,25.97,25.93,25.99,26.07,26.86,26.48,26.69,26.31,27.58,27.47,28.19,27.2,28.01,27.28,26.05,28.07,27.1,26.08,25.33,25.31,24.41,25.08,25.15,25.81,24.86,26.06,25.24,25.51,25.31,26.16,26.23,25.77,25.91,26.05,25.74,26.74,26.09,26.38,26.51,26.03,25.93,25.95,27.12,26.85,27.59,27.27,26.86,28.06,28.99,26.9,26.4,25.05,25.65,24.74,25.39,24.75,25.91,25.86,24.98,25.67,25.98,26.0,25.43,25.5,25.75,25.72,25.75,25.94,26.45,25.53,26.49,25.75,25.79,26.57,26.51,27.18,28.41,28.31,26.56,28.7,29.9,30.34,28.3,27.32,25.93,25.68,25.34,25.31,24.96,25.64,25.66,25.24,24.93,25.98,25.73,25.94,25.58,26.03,26.17,25.92,25.59,26.45,25.72,26.99,26.1,26.61,25.73,26.34,26.02,26.68,27.05,26.96,27.51,28.59,30.12,26.43,27.08,25.59,25.69,24.82,25.7,24.91,24.87,25.5,25.89,25.09,25.21,25.43,25.94,25.51,25.91,25.31,26.72,25.89,27.04,25.35,26.57,27.08,26.73,26.31,27.12,27.47,24.94,24.62,25.7,26.55,27.73,28.7,27.33,27.41,25.25,25.48,25.25,24.53,25.13,25.24,25.37,25.26,25.31,25.83,25.68,26.26,26.27,26.5,25.79,26.68,26.06,26.11,26.59,27.07,26.37,27.51,26.62,26.18,26.91,25.86,24.73,26.67,26.24,26.98,27.41,27.31,26.8,25.62,25.23,24.78,25.36,25.95,25.56,25.17,25.73,25.75,26.22,26.11,25.97,25.76,26.97,26.64,26.68,25.88,26.32,26.11,26.61,27.0,27.01,26.77,25.38,25.73,24.63,25.65,25.35,25.75,25.87,26.01,25.23,25.51,25.52,25.28,25.34,25.47,25.62,25.87,25.26,26.28,26.2,26.24,25.87,26.38,26.09,25.9,26.42,26.67,26.23,26.7,25.62,26.07,27.02,26.73,26.2,25.19,25.64,25.49,25.66,25.38,26.22,26.82,25.97,24.86,25.55,25.12,24.94,25.55,25.74,25.57,25.53,26.01,26.6,25.82,26.48,26.36,26.29,26.68,26.25,26.27,26.8,26.21,26.89,25.8,27.31,27.0,26.41,25.49,25.34,26.29,25.31,25.64,25.02,25.24,24.99,25.4,25.29,24.87,25.03,25.91,26.14,25.34,25.7,26.17,25.86,26.5,25.97,26.48,26.25,26.44,26.42,26.32,26.43,26.89,26.79,27.42,27.25,26.19,26.12,25.11,26.03,25.58,25.61,24.99,25.88,25.4,25.66,25.33,25.48,25.49,24.96,25.94,26.13,25.96,25.77,25.46,26.6,26.15,26.48,26.46,26.5,26.73,26.71,25.8,26.53,26.71,26.6,25.83,28.02,26.53,25.64,26.08,25.53,25.57,25.78,25.54,25.32,26.09,25.59,25.33,25.45,25.48,25.3,26.14,26.57,25.76,25.75,25.81,25.91,25.98,25.38,26.29,26.16,26.33,26.36,26.35,26.94,27.63,26.35,26.65,26.92,24.8,26.48,24.49,25.75,25.45,25.83,25.54,25.9,25.5,25.94,25.03,25.6,25.34,26.04,25.67,26.41,25.94,26.19,25.53,26.56,25.53,25.66,25.86,26.25,26.25,26.55,26.28,26.73,27.4,27.38,26.81,27.62,26.28,26.21,24.77,24.56,25.49,25.91,25.55,25.25,25.94,25.69,26.09,25.18,25.0,25.36,25.88,26.19,26.18,25.84,25.9,26.06,25.66,25.38,26.4,25.78,26.93,26.47,27.03,26.05,27.53,27.09,27.26,26.68,25.93,26.85,25.32,25.78,25.22,25.05,25.55,25.85,25.19,26.05,25.69,26.4,25.14,26.29,26.1,26.81,25.33,26.39,25.8,26.82,25.51,26.05,25.67,26.42,26.19,26.51,26.51,26.17,28.09,27.28,26.51,26.57,25.98,26.14,25.83,25.75,26.5,25.56,25.23,25.03,25.34,25.19,26.02,25.67,25.76,25.68,25.87,26.05,25.39,25.21,25.91,26.5,26.89,26.13,26.26,26.06,26.78,26.08,27.35,25.92,26.9,26.68,26.91,26.87,25.39,26.19,25.88,25.54,25.61,25.78,25.87,26.34,25.82,25.73,25.51,25.8,24.74,25.77,25.32,25.91,25.64,25.68,25.26,25.86,26.32,26.43,26.02,26.44,26.58,26.55,26.2,26.61,26.87,27.72,27.07,28.35,26.73,25.24,26.53,24.45,25.64,25.61,25.99,25.43,25.95,25.49,26.01,25.88,26.28,24.97,26.12,25.75,26.15,25.97,26.32,25.87,26.58,26.25,26.51,26.12,26.62,26.07,27.12,26.78,27.53,26.17,28.39,28.04,25.63,25.67,24.45,26.12,25.29,26.0,25.87,26.51,26.07,26.25,25.11,26.18,25.55,25.66,25.4,26.49,25.33,25.77,25.64,26.08,25.83,26.07,26.27,26.78,26.81,26.52,26.01,27.49,27.0,27.1,26.98,27.99,26.71,26.0,25.21,24.97,25.45,25.6,25.87,25.26,25.89,25.64,25.05,24.73,25.74,25.13,26.02,26.18,25.35,25.76,26.3,25.72,26.17,26.08,26.8,26.58,26.28,26.29,26.62,26.36,26.87,26.25,27.85,26.62,25.94,25.68,24.99,25.11,25.32,26.24,25.03,25.93,25.44,26.35,24.74,25.6,25.64,25.76,25.47,25.81,25.84,25.99,25.67,25.91,26.23,26.51,26.37,26.41,25.48,25.6,26.26,26.39,26.28,26.87,27.3,28.94,26.85,25.35,25.79,26.48,24.82,25.22,25.31,25.27,25.89,26.14,25.38,25.61,25.76,25.33,25.55,25.83,25.56,25.91,25.58,25.7,25.86,25.94,26.34,26.63,26.4,25.26,25.51,26.07,26.17,27.04,26.43,28.95,26.53,26.24,25.65,26.19,24.77,25.85,24.36,26.41,25.91,25.9,25.37,25.5,24.99,25.53,25.15,25.79,25.45,25.61,24.73,25.83,26.06,26.55,25.51,26.51,25.6,26.02,25.56,26.71,25.5,26.96,27.73,29.32
2020-06-29 16:09:05.6703,0,26.39,27.46,26.77,26.48,25.57,24.88,24.21,25.98,25.98,26.28,25.38,25.93,25.57,25.85,26.3,26.02,26.41,26.07,25.66,26.02,26.15,25.62,26.32,26.63,26.87,26.05,26.55,26.3,26.81,28.16,29.6,29.6,28.45,26.31,27.62,27.08,26.54,26.26,24.56,25.97,25.58,25.63,26.07,25.19,25.29,25.96,26.41,25.68,25.68,26.04,25.87,26.35,26.2,26.66,26.51,26.09,27.41,26.35,26.85,26.46,27.68,27.21,29.81,26.21,27.54,27.49,27.46,29.37,29.53,26.65,25.59,25.92,25.2,25.28,25.92,25.76,25.31,26.1,25.73,26.51,25.78,26.11,25.88,26.53,25.41,25.11,25.91,26.64,27.36,26.95,26.81,26.77,26.29,27.31,26.54,27.95,27.77,26.83,27.88,28.43,29.28,29.82,26.09,26.2,25.15,24.97,25.77,25.89,25.15,25.56,25.79,25.73,25.77,25.99,26.32,25.85,26.68,25.61,26.21,26.56,26.78,26.03,26.85,26.26,26.75,26.12,28.13,27.23,26.83,26.95,26.54,27.52,28.69,30.48,28.41,27.28,25.67,25.59,25.05,25.55,24.96,24.99,25.78,26.04,25.64,26.06,25.58,25.92,26.25,26.41,26.51,26.46,26.7,26.53,26.09,26.55,26.91,26.24,26.72,27.58,26.88,25.46,26.61,25.96,29.46,28.97,28.72,28.49,25.84,26.15,25.52,25.1,25.13,24.96,25.17,25.55,26.16,25.62,26.19,25.92,26.62,26.22,26.14,26.22,26.02,25.85,26.36,26.4,26.76,26.71,27.65,26.69,26.5,25.13,26.26,25.54,26.25,26.91,27.54,27.83,27.39,26.52,25.02,25.92,24.93,25.54,25.22,25.58,25.35,25.1,25.71,26.0,26.46,26.17,26.15,26.38,26.18,27.06,26.23,26.87,27.05,26.84,26.61,26.81,27.11,25.61,26.03,25.18,26.39,25.95,27.23,26.64,27.08,26.55,26.16,25.43,25.29,24.84,25.45,25.34,25.46,25.61,25.85,25.79,26.74,26.05,26.2,26.38,26.41,26.91,26.8,27.13,27.32,27.05,26.65,27.35,26.57,26.08,25.08,25.1,25.08,25.49,24.99,26.24,25.09,25.99,25.49,25.21,25.07,25.05,25.74,25.43,25.95,26.02,25.88,26.3,25.93,26.17,26.26,26.64,26.34,26.66,26.52,27.03,26.39,26.07,27.06,27.54,26.91,25.84,25.19,25.15,25.77,25.25,25.01,25.24,25.83,25.52,25.17,25.84,24.93,25.11,26.3,26.1,25.67,25.6,26.39,26.11,25.92,26.26,26.26,26.7,26.01,26.35,26.4,27.04,26.92,27.31,27.46,27.63,26.1,26.92,26.72,25.49,24.95,25.96,25.5,25.84,25.33,25.84,25.18,25.79,25.24,25.88,25.99,25.95,25.96,26.16,26.25,26.24,25.81,26.36,25.95,25.93,26.32,26.19,25.8,26.94,26.74,27.07,26.76,26.59,26.36,26.43,26.04,26.01,25.32,25.46,25.23,25.63,25.83,25.43,25.23,25.56,25.21,25.32,26.48,26.21,25.78,25.75,26.02,26.3,26.44,26.75,26.56,26.48,27.28,26.92,26.04,26.38,26.44,26.01,26.64,27.18,25.64,26.15,25.75,25.83,25.42,26.03,25.52,25.67,25.86,25.38,25.32,26.05,25.37,25.87,26.3,26.2,25.93,26.21,25.89,25.91,25.87,26.07,25.96,26.58,26.54,26.59,26.83,27.06,26.78,26.78,27.13,26.92,24.8,26.12,25.7,26.03,26.35,25.94,25.9,25.54,25.82,25.92,25.53,25.77,25.34,25.84,25.85,26.31,26.03,26.08,25.9,25.98,25.44,26.03,26.07,25.72,26.25,26.64,26.78,26.97,26.71,26.93,27.3,27.93,26.79,26.21,25.83,25.16,25.6,26.68,25.77,26.55,25.71,26.33,25.87,25.99,25.17,25.55,26.88,26.29,26.16,26.03,26.26,26.44,25.74,26.18,25.66,26.85,26.58,27.28,26.37,26.58,27.37,27.09,26.74,27.19,25.75,26.48,25.94,25.6,25.89,25.42,25.79,26.3,25.84,26.03,26.1,25.56,25.72,25.71,26.29,25.75,26.35,25.81,26.18,26.23,25.81,26.13,26.81,26.72,26.19,27.42,26.64,26.15,26.81,27.54,27.5,27.22,25.77,26.85,26.13,26.52,25.38,25.69,25.84,26.39,25.78,25.96,25.79,25.46,25.44,25.69,25.95,26.15,26.14,26.08,26.18,26.5,26.27,26.13,26.35,26.28,26.18,26.56,26.54,27.01,27.18,27.28,27.57,27.74,25.57,25.45,25.88,26.14,26.31,26.02,25.74,25.57,25.59,26.15,25.3,26.31,25.55,25.25,26.11,25.99,25.93,25.95,26.45,25.94,26.63,26.2,26.57,26.42,26.59,26.52,26.87,27.68,25.84,27.4,27.24,28.16,26.13,25.99,24.83,25.59,25.47,26.03,26.36,26.09,25.57,26.07,25.88,26.22,25.84,25.5,25.28,26.06,25.42,25.98,25.99,26.39,25.82,26.69,26.15,26.71,26.23,26.58,26.4,26.92,26.74,26.79,26.58,27.3,26.01,25.46,25.99,25.27,25.87,25.69,26.27,26.22,26.07,26.35,25.9,25.71,25.76,25.31,26.23,26.06,26.36,25.54,26.27,25.74,26.69,25.94,26.86,26.28,26.69,26.88,26.86,26.75,26.38,27.08,27.7,27.58,25.43,26.2,25.55,25.49,25.43,25.6,25.28,26.94,25.99,25.0,25.28,25.94,25.72,26.36,26.0,26.4,25.99,26.1,26.16,26.52,25.8,26.55,26.41,26.08,25.73,26.29,26.6,27.13,26.18,26.94,27.63,29.04,26.37,26.66,25.74,24.19,25.32,25.59,26.18,25.76,25.71,25.56,25.97,25.33,25.3,25.62,26.37,25.67,26.51,26.19,26.48,26.36,26.23,26.25,26.63,26.13,26.83,25.44,26.11,26.83,27.28,27.2,28.5,27.84,25.57,26.46,25.56,26.09,24.8,25.39,25.92,25.74,24.74,25.73,25.62,26.13,25.61,25.71,25.4,25.95,25.79,26.03,26.31,25.82,26.1,25.81,25.36,26.21,25.35,25.57,25.82,26.08,27.22,27.22,28.05,28.39,27.36,25.48,26.66,25.76,25.99,25.48,26.61,25.75,25.48,25.87,25.37,25.61,25.77,25.63,25.53,25.64,26.32,26.2,25.76,26.07,26.71,26.39,26.21,26.19,26.34,25.69,25.23,26.51,27.15,26.16,27.73,27.63
2020-06-29 16:09:05.7985,0,26.42,27.43,26.54,26.68,25.97,26.7,25.11,24.94,26.0,26.26,25.99,26.06,25.6,26.52,26.45,25.32,25.77,26.32,26.24,25.58,27.02,26.89,25.88,26.93,27.06,27.04,26.57,26.66,27.31,26.43,29.07,26.23,27.62,27.36,26.49,26.68,26.88,27.16,25.22,25.99,26.01,25.21,26.06,26.18,26.73,25.72,25.6,25.83,26.69,25.55,25.85,26.64,26.32,26.82,26.34,25.81,26.46,26.7,27.89,26.67,28.07,27.24,28.48,29.14,27.28,27.95,27.29,28.41,29.39,29.38,26.22,25.9,25.22,25.95,25.81,25.23,24.97,26.09,25.15,26.26,26.16,26.57,25.41,25.9,26.06,26.23,26.06,26.34,26.52,26.49,26.19,26.42,26.31,27.48,27.4,29.32,28.0,25.98,26.53,27.72,30.82,30.15,27.53,27.81,26.06,24.86,25.11,26.03,26.08,24.98,25.89,26.22,26.78,26.01,25.83,26.7,25.94,25.38,25.93,26.45,26.77,25.91,25.73,26.61,27.42,26.33,26.92,28.98,27.07,26.74,25.84,26.64,27.36,30.47,28.84,28.99,26.69,25.57,25.07,25.42,25.09,25.65,25.13,25.02,25.88,25.49,25.83,25.79,26.5,26.5,26.65,26.45,26.72,26.65,25.97,26.54,26.45,26.73,26.34,27.34,27.67,26.27,25.9,26.5,26.81,26.68,28.57,28.9,27.28,26.18,25.15,25.12,25.33,25.2,25.59,25.68,26.25,25.54,25.53,25.5,26.94,25.91,26.36,26.24,26.78,26.39,26.48,26.42,26.75,25.57,26.67,27.73,26.71,27.15,25.46,25.04,25.4,26.76,26.14,27.94,27.29,27.18,25.48,25.46,25.16,25.32,25.66,25.46,25.37,25.39,25.63,26.29,26.05,26.37,26.06,26.59,26.44,27.17,25.84,27.42,26.46,27.29,26.63,27.34,26.35,25.09,25.52,25.53,26.23,25.42,25.95,26.28,26.83,26.24,26.04,25.01,25.17,25.37,25.53,25.76,25.74,25.43,26.13,26.02,26.52,25.97,26.18,26.52,27.33,26.56,26.39,26.74,26.55,26.92,27.67,28.09,26.78,25.71,25.89,25.55,24.97,25.47,25.51,25.98,25.56,26.41,25.62,25.4,25.28,25.71,25.57,25.99,25.58,25.62,26.0,26.09,25.55,26.76,26.81,26.41,26.25,27.0,26.42,26.75,26.7,26.5,26.58,27.35,27.24,25.18,25.48,25.64,26.02,25.53,25.36,25.14,26.59,25.55,26.19,25.55,25.2,25.03,25.91,26.03,26.03,25.72,26.38,26.13,26.0,26.28,26.14,26.72,26.55,25.9,26.38,26.41,26.62,26.89,26.95,28.16,26.3,27.07,25.49,25.63,25.77,25.56,25.52,25.94,25.46,25.83,25.2,25.58,25.16,25.3,25.73,26.31,25.8,26.24,25.9,26.23,26.22,27.13,26.69,25.92,26.67,26.52,26.69,26.41,26.48,27.19,26.78,26.9,27.04,25.44,25.56,25.43,26.21,25.87,26.28,25.19,25.92,25.45,25.61,25.18,25.19,25.15,25.65,26.5,26.22,25.87,25.82,26.41,26.61,26.19,26.34,27.14,27.37,26.49,26.52,26.79,27.79,26.74,26.3,27.53,26.01,26.64,25.77,26.84,25.83,25.76,25.3,25.88,25.35,26.3,25.34,25.44,25.01,25.86,26.14,26.19,25.76,26.2,26.46,26.37,26.18,26.06,26.08,26.35,25.89,26.58,26.73,26.29,26.66,26.62,27.15,27.4,25.65,25.81,26.13,26.49,25.82,25.45,25.29,25.56,26.02,25.84,25.22,25.79,25.98,25.48,26.11,26.42,26.2,25.91,26.16,26.19,25.9,26.05,26.26,26.36,26.45,26.55,26.89,26.48,27.39,26.96,26.46,27.29,26.46,26.19,25.24,25.44,25.89,26.28,25.43,25.71,25.3,26.21,25.38,25.57,25.1,25.63,26.16,26.37,25.81,26.38,26.19,26.33,25.86,25.96,26.51,26.41,26.49,26.92,27.03,26.56,27.68,26.93,27.43,27.5,27.32,25.13,26.07,25.48,26.67,25.45,25.9,26.44,25.39,25.52,25.88,25.89,26.09,25.73,25.71,26.24,26.43,25.74,26.55,26.15,26.68,26.26,26.28,26.75,26.74,26.4,26.49,26.83,27.93,26.85,26.49,27.58,25.61,25.95,25.67,25.42,25.54,26.08,25.86,25.51,25.57,25.94,26.02,25.76,25.36,25.67,25.97,26.14,25.78,26.16,25.91,26.19,26.69,26.73,25.72,26.37,25.97,26.55,26.29,26.59,27.2,27.56,27.94,27.38,26.65,26.01,25.86,26.32,26.84,25.64,25.35,26.21,26.14,25.51,25.39,26.12,25.93,25.57,25.5,25.62,25.91,25.68,25.94,27.06,26.82,26.43,26.45,26.11,26.8,26.67,26.58,26.89,27.0,27.27,27.91,27.14,25.58,26.34,26.03,25.57,25.35,26.57,26.78,26.59,26.07,26.64,25.45,25.2,26.18,25.69,26.33,25.84,26.16,26.06,26.01,26.47,26.27,26.45,25.71,26.34,26.37,26.94,26.14,26.19,26.46,26.93,27.5,28.39,26.18,25.86,25.12,25.46,25.85,26.0,25.46,26.51,27.12,25.66,25.77,25.28,26.17,26.19,26.21,25.97,26.75,26.08,25.83,25.77,26.35,25.86,26.26,26.66,27.42,26.9,26.7,26.77,27.45,26.79,27.32,28.36,25.88,26.58,26.13,25.99,25.3,26.65,25.73,25.94,25.5,25.75,25.06,25.44,25.41,25.68,26.02,25.83,25.9,26.41,26.41,25.94,26.05,26.53,25.93,26.18,26.01,26.95,26.33,26.18,25.88,26.92,26.87,27.82,26.55,25.27,25.15,25.82,26.25,25.93,26.01,26.21,26.08,25.45,25.71,25.23,26.09,25.07,25.9,25.92,26.39,25.76,26.34,26.26,26.92,25.67,26.86,26.54,26.41,25.88,26.24,26.54,28.08,26.87,26.67,27.43,25.35,27.54,25.39,25.88,24.65,25.87,25.31,26.33,25.61,26.26,25.25,25.99,25.25,26.32,25.43,25.44,25.56,26.25,25.58,25.8,25.74,26.32,25.39,26.33,25.52,26.15,25.68,26.4,26.53,27.76,27.37,28.08,27.05,25.02,26.03,25.79,26.48,25.16,25.95,25.46,26.03,26.04,25.49,25.64,25.62,25.27,25.89,25.66,26.55,25.12,25.49,25.44,27.08,25.74,25.91,26.8,26.32,26.02,25.37,26.36,26.39,26.57,28.5,28.99
2020-06-29 16:09:05.9269,0,27.87,28.29,26.01,26.71,26.53,26.18,25.78,25.98,26.6,25.22,25.83,26.08,25.72,25.72,26.03,26.29,26.15,25.41,26.22,26.44,26.02,25.91,26.78,26.79,27.2,26.39,27.48,27.07,26.82,25.59,31.86,28.95,26.02,27.34,27.85,27.5,26.9,28.7,26.08,26.95,25.14,25.64,26.08,25.48,25.16,26.37,25.76,25.29,25.68,25.66,26.14,26.09,25.52,26.39,26.22,26.25,26.95,26.03,26.32,26.84,26.65,27.94,27.21,27.39,28.13,26.54,26.68,27.68,28.55,29.56,29.2,27.12,26.45,24.33,25.27,25.25,25.8,25.86,26.1,25.92,26.38,25.88,25.76,26.41,26.41,25.75,26.05,25.68,26.36,25.92,27.14,26.61,26.83,26.17,27.39,28.3,27.03,26.19,27.5,26.96,28.34,28.59,29.42,29.07,26.09,26.43,25.26,25.26,25.51,25.68,25.8,25.85,25.43,26.34,26.21,25.62,25.72,26.84,26.34,26.43,25.53,26.9,26.23,26.76,26.06,26.67,27.42,27.53,27.05,25.96,25.83,25.79,25.05,26.23,28.55,29.01,28.54,25.72,24.94,25.32,25.52,25.67,25.45,25.82,25.75,25.29,25.59,26.49,27.05,25.61,25.67,25.73,26.17,26.0,25.66,27.02,26.43,26.25,27.53,26.92,26.28,27.62,26.27,25.63,25.35,26.22,27.92,27.85,27.67,27.36,25.17,25.8,24.7,25.4,25.4,25.66,25.1,25.52,26.09,26.15,25.74,26.23,26.14,26.35,26.15,26.77,26.79,26.55,26.29,26.71,27.46,26.49,25.35,25.88,24.77,25.06,25.53,25.25,26.0,26.57,27.16,26.75,25.47,25.48,24.83,25.34,24.92,25.79,25.35,25.21,26.12,26.21,26.25,25.96,26.38,26.15,26.43,25.69,26.77,26.6,26.29,26.69,26.79,26.44,25.81,25.62,25.38,24.71,25.26,25.13,26.1,25.51,26.16,26.56,25.84,25.65,24.68,25.45,25.65,25.55,25.37,25.81,25.76,26.2,26.12,26.27,26.31,26.73,26.53,25.93,26.15,27.55,26.12,26.9,26.83,26.63,26.4,24.86,25.4,25.57,25.5,25.49,25.12,26.12,26.22,25.45,25.28,25.94,25.36,25.25,25.84,25.62,26.14,25.17,26.08,26.11,25.73,25.88,26.37,26.54,26.69,25.95,26.66,27.03,27.68,26.08,27.4,26.68,26.03,26.02,25.5,25.47,25.37,24.85,25.39,24.88,24.84,25.64,25.39,26.15,24.65,25.02,25.74,25.73,25.11,25.89,25.55,26.4,25.63,26.86,26.78,26.39,25.67,26.94,26.78,26.53,25.93,27.17,27.3,27.12,26.28,25.56,25.16,25.04,25.88,25.71,25.27,25.5,25.77,25.21,25.39,25.4,25.34,25.04,25.44,25.96,25.87,25.89,25.6,26.44,25.82,25.69,26.06,26.37,27.09,25.96,26.67,26.56,27.16,26.37,27.41,27.26,25.67,25.59,25.58,25.86,25.45,25.46,25.71,25.64,25.29,26.16,26.23,25.66,24.83,25.79,25.76,26.12,25.33,25.67,25.66,26.77,25.68,26.56,26.47,26.7,26.3,26.47,27.15,25.62,26.44,27.43,26.8,27.19,25.82,26.16,25.91,26.13,25.56,24.76,25.88,25.67,26.39,25.18,25.42,25.56,25.75,25.4,25.85,26.75,26.39,25.29,25.62,25.92,25.68,25.39,26.27,26.27,26.76,25.91,26.84,26.44,27.34,26.36,26.81,27.42,25.68,26.3,26.0,25.89,25.32,25.69,25.07,25.66,25.72,26.44,25.54,25.28,25.35,25.84,26.5,26.58,25.85,26.08,25.81,25.89,25.64,26.03,26.07,26.03,26.25,27.1,26.66,26.34,26.72,26.94,27.3,26.95,26.27,25.53,24.59,25.91,26.68,25.92,25.66,25.85,25.39,24.95,25.37,26.3,25.08,25.46,26.15,26.39,26.54,25.66,25.79,26.06,26.04,25.58,26.29,26.86,26.7,26.01,26.51,26.84,27.1,26.66,26.58,26.68,25.76,25.97,25.79,25.76,25.9,25.43,25.92,25.96,25.19,25.18,26.0,25.87,25.15,26.19,26.11,26.6,25.71,26.0,26.09,26.33,25.32,26.24,26.09,26.41,26.31,26.26,26.51,26.81,26.53,27.12,27.18,27.4,26.33,25.44,25.33,25.91,26.63,25.7,25.22,26.39,26.23,25.3,25.79,25.89,25.44,25.49,26.15,26.06,25.76,25.89,26.28,26.51,26.07,26.44,26.14,26.39,26.76,25.49,26.41,26.75,26.45,26.83,27.58,27.57,25.02,25.99,24.91,25.05,25.76,25.9,25.62,25.95,25.37,25.16,26.49,25.89,24.95,25.85,26.21,25.3,25.64,25.76,25.86,26.04,25.82,26.21,26.69,26.21,26.24,27.13,26.47,26.18,26.43,27.25,27.07,28.34,26.14,24.87,25.17,25.76,26.49,25.05,25.58,25.83,25.7,25.96,26.33,26.33,26.06,25.3,25.6,25.86,26.55,25.67,26.2,25.98,26.15,26.15,25.69,26.24,26.36,26.2,26.27,27.21,27.21,26.33,27.13,27.49,25.83,26.21,25.82,25.61,25.15,25.69,25.75,26.49,25.6,26.35,26.36,25.94,25.02,25.75,25.72,25.96,26.06,26.58,26.28,25.86,25.4,26.72,26.4,26.76,25.82,27.01,27.01,26.47,26.54,27.4,27.53,28.53,26.27,25.21,25.01,25.84,26.22,25.6,25.57,26.25,25.87,25.39,24.31,26.06,25.96,25.92,25.67,25.62,26.11,25.88,25.6,26.19,26.15,25.96,26.29,26.58,26.53,26.02,26.16,26.36,27.34,26.95,26.46,27.84,25.52,25.45,25.37,25.09,24.04,25.44,26.04,26.48,25.45,26.46,25.61,25.7,25.65,25.85,25.81,25.56,25.96,25.63,25.91,26.13,25.88,26.37,26.38,26.14,25.76,25.73,26.57,26.84,26.62,27.73,27.51,27.63,26.33,26.25,26.16,26.1,25.49,25.23,25.45,25.74,25.59,25.45,25.23,26.01,25.62,25.21,25.78,25.71,26.16,25.68,25.69,26.33,25.72,25.41,25.78,26.07,26.09,25.42,26.48,26.08,26.87,26.3,27.12,28.11,25.4,26.45,26.66,25.37,24.08,26.33,26.13,25.44,25.2,25.74,25.65,25.48,25.0,25.25,25.41,25.9,25.21,26.33,25.38,25.81,25.81,26.26,25.8,26.78,25.45,26.61,25.9,26.0,26.42,27.13,28.27,28.31
2020-06-29 16:09:06.0551,0,26.91,28.26,27.55,26.24,25.96,26.89,28.17,26.81,26.61,25.96,25.24,25.92,25.58,25.16,25.21,25.73,26.02,25.93,26.22,26.84,26.16,26.75,26.17,26.93,26.56,27.04,27.3,27.24,26.82,28.14,23.81,32.14,25.99,27.68,26.72,26.67,27.06,27.49,28.7,28.56,25.42,26.23,25.78,25.34,25.94,25.58,26.13,26.35,25.92,25.92,25.45,25.28,25.23,26.67,25.91,26.25,26.31,26.68,27.01,26.84,27.66,27.71,29.79,29.7,26.11,26.28,26.29,26.12,27.07,28.42,30.08,29.16,27.54,25.41,25.01,26.01,25.68,25.36,25.62,26.26,25.55,26.34,26.25,26.15,25.79,25.73,25.92,26.49,26.08,26.79,26.18,26.59,27.19,26.91,28.77,29.32,27.26,25.53,26.54,26.23,26.88,27.02,29.97,30.05,27.26,27.86,25.37,25.02,25.49,25.09,26.13,25.27,25.64,25.18,26.19,25.5,25.34,26.11,25.93,25.77,25.37,25.61,25.89,26.43,26.39,26.68,26.68,26.96,26.0,26.14,25.11,26.29,25.52,26.21,27.04,27.94,27.8,27.07,25.89,25.42,24.63,25.65,26.01,25.8,25.32,26.26,25.93,25.35,25.33,26.28,25.67,26.7,26.17,26.38,26.1,26.08,26.11,26.9,26.33,27.34,25.24,25.87,25.37,25.46,24.73,25.04,26.14,26.28,27.41,28.08,25.73,25.34,24.57,24.97,25.16,25.67,25.19,25.74,26.07,25.93,26.28,26.34,26.36,25.99,26.78,26.25,25.63,26.41,26.27,26.39,27.06,26.7,25.55,26.42,25.28,25.53,25.53,25.93,25.48,25.65,26.81,26.96,25.14,25.68,24.62,25.02,25.33,25.26,25.45,25.81,26.02,26.19,26.25,26.37,26.04,26.6,26.19,26.3,26.5,26.72,26.45,26.2,25.54,26.6,25.98,25.99,25.69,24.71,25.24,25.55,25.19,25.51,26.37,26.0,25.93,25.98,24.87,25.45,25.53,25.35,25.45,26.11,26.23,25.7,26.31,26.06,26.51,26.5,26.63,26.06,26.4,26.45,26.85,26.45,26.99,26.27,25.32,25.72,24.77,25.71,25.5,24.94,24.87,25.98,25.21,25.43,25.39,25.72,24.59,25.42,25.37,25.99,25.09,25.63,25.79,26.19,25.83,26.06,26.37,26.3,26.58,26.29,26.02,27.01,26.54,26.95,27.23,26.66,26.36,25.16,25.17,25.16,25.35,25.52,25.49,25.37,25.05,25.21,25.47,25.23,25.01,25.02,25.72,26.02,25.28,25.33,25.81,25.92,26.2,26.56,26.56,25.96,26.11,26.59,25.88,26.53,26.62,27.02,27.12,26.79,26.64,26.23,25.79,25.94,25.62,25.95,25.39,25.83,25.23,25.72,25.09,25.48,25.05,25.49,25.53,25.94,25.69,26.24,25.69,26.33,26.3,26.55,26.26,26.45,26.21,26.06,26.43,26.93,26.74,26.06,26.93,26.57,26.17,25.77,26.64,25.87,25.43,25.47,25.81,25.76,25.6,26.38,25.12,25.17,25.19,24.95,26.2,25.66,26.13,25.48,25.92,26.21,25.85,26.17,26.35,26.38,26.5,25.91,26.52,26.26,27.11,27.29,26.46,26.7,26.0,26.31,26.21,26.11,25.95,25.13,25.88,26.0,25.86,25.58,25.62,25.05,25.28,25.67,26.31,26.74,26.02,25.64,26.17,26.37,25.39,25.47,26.17,26.25,26.1,26.46,26.59,27.18,26.65,26.62,26.64,28.07,24.96,25.8,25.68,25.89,25.17,25.31,25.53,25.66,25.38,25.09,25.72,25.39,25.33,25.46,26.02,26.31,25.92,25.62,26.07,26.18,25.72,25.64,26.36,26.45,26.79,26.43,26.52,26.85,27.39,27.37,27.45,26.45,25.74,25.85,25.53,25.6,25.48,25.51,26.14,26.18,25.82,25.57,25.68,25.98,25.18,25.92,25.78,26.18,26.17,26.01,25.79,26.05,25.95,25.97,25.98,26.41,26.36,26.34,26.25,27.21,26.53,26.78,27.41,27.0,26.09,25.64,25.62,25.47,25.47,25.69,26.14,25.84,25.28,25.82,25.47,26.18,25.71,25.81,26.46,26.42,26.25,25.54,26.84,26.04,25.7,25.44,26.38,26.95,26.18,26.15,26.49,27.07,26.94,26.25,27.32,27.24,25.04,26.48,25.34,25.89,25.67,25.41,25.1,25.88,26.24,25.18,25.58,25.66,25.05,25.57,25.47,26.14,25.57,26.07,26.38,26.1,26.48,26.12,26.35,26.26,26.65,26.67,26.55,26.87,26.01,27.42,27.92,27.38,26.47,25.82,25.54,25.05,25.46,25.36,25.85,25.46,25.23,25.5,25.18,25.79,24.42,25.26,25.6,25.7,25.23,25.86,25.94,26.45,26.31,26.62,26.01,26.87,26.46,26.17,26.45,26.87,27.0,27.1,27.05,27.65,25.37,25.04,25.51,25.58,26.2,26.16,25.85,25.68,26.17,25.24,25.55,26.09,26.06,25.07,25.39,25.95,25.84,26.06,25.89,26.48,25.72,26.24,25.81,26.69,26.48,26.69,26.41,26.62,26.45,27.25,27.49,27.84,25.41,24.91,25.8,25.45,26.29,26.13,26.13,25.97,25.82,26.0,25.78,25.49,25.43,25.54,25.91,25.96,25.73,25.97,26.15,25.96,25.82,25.84,25.56,26.29,26.05,26.12,26.7,26.18,27.15,26.77,27.14,27.41,26.9,25.39,25.2,25.82,25.76,25.58,25.57,26.37,25.62,25.88,25.28,25.92,25.28,25.68,25.9,26.28,25.89,25.97,26.51,26.28,26.04,26.3,26.04,26.31,26.13,26.28,26.31,26.96,26.53,26.93,28.03,28.63,26.56,25.87,26.27,25.46,25.3,24.98,26.16,25.77,24.77,25.7,25.71,25.71,25.17,25.4,25.34,26.14,25.49,26.09,25.89,26.13,25.98,25.77,26.74,25.88,26.01,26.01,26.09,26.69,26.93,27.04,27.48,25.89,25.34,26.45,24.98,25.49,25.66,24.87,25.3,26.34,25.17,25.85,25.23,25.33,25.88,25.7,25.04,25.81,25.79,26.14,25.82,26.06,26.24,26.58,25.79,26.76,26.24,25.4,25.34,26.4,25.8,26.84,28.07,27.8,25.66,26.22,25.22,26.37,25.79,24.98,25.63,25.61,25.04,25.89,25.49,25.49,25.5,25.13,25.51,25.78,25.56,25.35,25.49,25.82,26.18,26.0,26.34,26.35,25.28,25.55,26.21,26.01,25.85,25.98,26.64,26.66
2020-06-29 16:09:06.1837,0,28.96,29.22,28.17,25.91,26.26,27.37,29.46,28.76,27.33,26.39,25.65,26.48,25.97,26.64,26.28,25.85,27.19,26.18,26.89,26.41,26.42,26.87,26.28,25.97,26.67,27.34,27.22,27.18,27.65,28.84,28.61,30.38,30.17,28.13,27.51,26.78,27.73,27.43,29.47,30.25,27.03,26.49,25.76,26.01,26.46,25.82,26.13,26.33,26.43,25.52,26.64,26.34,26.04,26.23,26.03,25.91,27.05,27.44,26.96,26.95,27.58,27.58,27.77,29.82,27.38,25.69,26.6,26.83,26.85,27.74,29.31,30.58,29.94,28.21,26.43,26.0,25.92,26.33,25.61,26.02,26.5,26.1,26.48,26.03,26.65,26.11,25.62,26.75,26.76,26.92,26.13,28.06,26.77,27.61,27.51,27.01,27.89,26.52,26.85,26.15,26.85,26.18,28.81,29.04,29.58,28.62,26.0,26.13,25.73,25.92,25.79,25.73,25.76,26.8,26.2,26.68,26.43,26.22,25.79,26.68,26.06,26.3,26.33,26.87,27.2,26.06,27.53,28.51,27.17,27.66,25.4,25.9,25.02,25.89,26.31,27.52,28.16,28.54,26.6,26.25,25.85,25.55,25.79,26.04,26.41,26.71,26.48,26.59,26.36,26.51,26.39,26.2,26.55,26.37,26.51,26.82,27.03,26.35,26.04,28.14,27.0,25.98,25.68,25.75,26.35,26.19,25.86,26.26,28.73,27.95,26.09,26.25,25.67,25.52,25.5,25.56,25.84,25.74,26.09,26.15,26.62,26.34,26.25,25.86,26.39,26.88,26.18,27.11,27.03,27.32,27.19,27.43,26.62,26.36,25.22,25.66,25.65,25.92,26.24,26.16,26.92,27.64,26.13,25.69,25.57,25.24,25.55,26.0,25.46,26.03,26.34,26.0,26.47,26.49,26.49,26.72,27.14,27.67,26.89,26.84,26.72,26.64,27.61,28.22,26.67,26.28,25.98,24.83,25.65,25.25,25.96,26.01,26.49,26.11,25.63,25.55,25.51,25.57,25.76,25.46,25.77,26.13,26.26,25.91,26.74,26.38,26.53,26.62,26.75,26.3,27.04,26.98,26.83,27.17,27.63,26.93,26.52,26.88,25.04,25.68,25.2,26.26,25.73,26.35,25.77,25.66,25.93,25.94,24.99,25.35,25.86,26.3,26.16,25.84,26.0,26.21,26.14,27.08,26.48,26.42,26.69,26.77,26.77,26.74,27.08,26.78,27.18,28.0,27.19,26.13,25.77,25.12,26.41,25.5,26.34,25.73,26.16,25.43,25.8,25.55,25.33,25.13,26.03,26.51,25.68,26.19,26.22,26.32,26.22,26.38,26.68,26.61,26.68,26.94,27.51,26.91,26.32,26.85,27.41,27.24,26.92,26.69,26.06,26.52,26.13,26.2,25.86,25.72,25.67,26.06,25.4,25.5,25.07,25.43,26.29,26.15,25.99,26.27,26.27,26.45,25.93,26.57,25.96,27.21,26.1,27.21,26.91,27.18,27.27,28.02,27.2,27.53,27.51,26.05,26.0,26.28,25.82,25.71,26.41,26.91,25.94,25.86,25.84,25.68,25.6,25.44,26.05,26.23,26.16,25.78,26.32,25.94,26.64,26.09,26.67,26.81,27.17,26.59,26.52,26.76,27.23,27.12,27.55,27.47,26.46,26.94,26.48,26.23,25.41,26.9,26.12,25.78,25.66,26.01,25.74,26.06,25.68,25.7,26.15,26.58,26.32,26.5,26.28,26.12,26.18,26.28,25.98,26.38,26.98,26.81,26.7,26.67,27.73,26.89,27.58,27.37,26.47,26.42,26.41,25.71,25.69,25.93,25.3,26.12,25.82,25.41,25.74,25.79,25.64,26.05,26.51,26.42,26.23,26.01,26.01,26.1,26.32,25.56,26.69,26.25,26.8,26.42,27.14,27.09,28.06,27.2,27.9,27.4,26.56,27.01,26.11,25.57,25.72,26.66,25.41,26.31,25.29,25.8,25.38,26.0,25.48,26.04,26.08,26.68,26.46,26.13,26.29,26.84,25.96,26.48,26.19,26.64,27.26,27.27,26.75,27.2,27.92,27.34,26.53,27.8,26.75,26.61,26.05,25.73,26.27,26.45,25.67,25.24,26.27,25.62,26.41,26.29,25.54,25.92,26.4,26.34,26.46,26.4,26.77,26.15,26.61,26.25,25.99,26.84,26.98,26.73,27.0,27.06,27.78,27.23,27.78,27.52,26.99,26.78,26.25,26.17,25.78,25.54,25.96,26.62,26.24,26.07,26.23,26.31,25.36,25.89,26.07,26.16,25.78,26.67,26.5,26.22,26.89,26.65,26.58,26.82,27.11,26.79,27.19,26.85,27.73,27.84,27.18,28.37,26.24,25.76,25.99,25.95,26.42,26.42,25.86,26.68,25.7,25.83,25.52,26.43,25.36,25.87,26.02,25.82,26.14,26.07,26.46,26.66,26.43,26.02,26.46,26.77,27.04,26.77,26.71,26.85,27.56,27.22,27.87,27.24,26.07,25.91,24.96,25.38,26.03,26.84,25.96,26.33,25.93,25.95,25.55,26.22,26.17,26.34,26.12,26.07,26.36,26.49,25.9,26.6,26.47,26.25,26.15,26.58,26.6,27.32,26.66,27.03,26.71,27.06,28.32,28.34,26.52,26.15,26.11,26.39,25.99,26.81,26.39,26.08,26.42,25.88,26.35,26.84,25.87,25.76,26.13,26.18,26.57,26.08,26.28,26.29,26.37,26.29,26.85,26.76,26.68,26.62,27.39,27.31,27.12,27.04,28.35,28.09,26.39,27.3,26.05,26.64,26.18,27.08,25.12,26.35,26.12,26.13,25.76,26.4,25.96,25.8,26.12,26.4,26.11,26.09,26.4,26.52,26.62,26.66,26.15,26.69,26.64,27.08,26.58,27.39,27.3,28.25,27.56,28.36,26.06,26.59,26.22,25.57,26.86,25.72,26.58,26.03,26.34,25.42,25.35,26.19,25.99,25.97,26.03,26.48,26.29,25.86,26.24,26.6,26.58,26.13,26.48,26.25,26.68,25.98,26.83,26.65,27.23,27.15,26.61,28.61,26.21,26.8,26.88,26.6,25.44,25.83,26.04,26.77,25.99,26.11,25.21,25.19,25.86,25.45,25.65,26.06,25.54,26.02,26.05,26.56,26.48,26.58,25.62,26.46,25.48,26.13,25.45,26.53,26.81,27.52,28.65,28.51,26.93,27.78,26.78,26.49,25.93,25.61,26.56,25.72,26.31,25.72,25.35,25.47,26.02,25.76,25.77,26.27,25.81,25.96,26.51,26.19,26.57,25.85,26.61,26.32,25.71,26.12,26.01,25.95,26.35,27.44,28.65,29.1
2020-06-29 16:09:06.3119,0,26.43,26.19,24.99,25.78,25.22,25.97,28.86,29.3,28.76,26.71,26.14,26.49,25.88,25.57,25.5,25.45,25.64,25.13,26.38,25.86,25.47,27.03,26.19,25.99,27.22,26.2,28.23,27.43,27.32,26.43,28.51,26.26,28.03,28.37,26.05,27.11,25.97,26.11,28.86,29.37,28.37,27.99,25.63,25.91,25.41,25.06,25.61,26.1,25.79,25.81,25.45,25.84,26.19,25.85,26.34,26.12,27.08,26.54,26.12,27.4,27.45,27.01,30.22,30.28,27.29,26.52,25.71,25.93,26.08,24.99,26.98,29.01,29.58,28.36,26.21,25.49,26.07,25.47,25.88,25.78,25.93,25.86,26.02,25.65,26.06,25.73,26.07,26.35,26.38,27.09,26.2,27.09,26.67,27.67,27.96,27.22,24.99,25.55,25.19,26.24,25.26,24.64,25.93,26.52,28.43,28.65,26.75,27.4,25.25,26.06,25.54,25.99,25.75,26.01,25.83,26.11,25.7,26.12,26.45,26.19,26.49,26.78,26.05,26.45,26.9,26.88,25.23,28.98,26.02,26.54,25.12,25.42,24.77,25.16,25.37,25.65,26.82,26.94,27.09,26.36,25.32,25.2,25.91,25.8,25.55,26.15,25.83,25.68,26.16,26.04,26.54,25.95,26.19,26.38,26.41,26.39,26.94,26.06,26.15,26.45,26.66,25.49,26.25,25.82,24.88,25.65,25.31,25.5,26.8,26.9,26.07,26.27,24.68,24.87,25.59,26.11,25.61,25.75,25.31,26.39,26.16,26.25,26.0,26.85,27.03,26.66,25.77,26.42,25.95,27.72,26.48,26.92,25.95,26.04,25.63,24.71,25.12,25.09,25.37,25.26,25.75,26.39,26.03,25.12,25.06,25.22,25.76,25.05,25.57,24.99,26.14,25.77,26.27,26.15,26.06,26.82,26.2,27.05,26.12,27.0,26.62,27.3,27.52,27.53,26.54,25.46,25.2,25.37,24.52,25.97,25.06,25.66,25.32,26.8,25.82,25.67,24.46,25.07,25.63,25.97,25.35,25.73,25.83,26.22,26.1,26.6,25.96,26.63,26.16,26.45,26.26,26.88,26.25,26.62,27.5,27.74,26.24,26.06,25.26,25.08,25.38,25.34,25.14,25.49,25.45,25.54,25.41,25.51,25.58,25.03,25.86,25.89,25.59,25.15,26.29,25.99,25.65,26.36,26.28,26.3,25.91,26.29,26.8,25.95,25.84,25.76,27.42,25.96,26.18,26.21,25.79,25.95,24.66,25.93,24.75,25.51,25.27,25.44,25.88,25.45,24.72,25.33,25.53,25.84,25.65,25.72,25.72,26.03,25.9,26.09,26.14,26.73,26.22,26.73,26.76,27.85,25.48,26.46,26.79,27.32,26.48,25.88,26.28,25.32,25.37,25.69,25.89,25.83,25.68,25.83,25.41,25.68,25.55,25.11,26.01,25.94,25.71,25.41,25.8,26.13,26.03,26.64,26.59,26.77,26.56,26.52,26.32,26.41,26.2,26.35,27.43,26.74,25.64,26.29,24.79,24.83,24.9,26.0,25.57,25.31,25.7,25.56,24.92,25.59,25.09,25.25,25.56,26.23,25.67,26.14,26.01,26.88,25.47,25.9,26.34,26.51,26.39,26.6,26.27,26.79,26.7,27.03,26.94,27.37,26.71,25.97,25.78,25.51,25.32,25.51,25.66,25.65,25.99,25.68,25.74,25.24,25.21,26.05,26.42,26.28,25.95,25.45,26.0,25.71,25.8,25.96,26.19,26.35,26.45,26.8,26.85,26.79,27.49,25.91,27.81,26.9,25.48,27.16,25.68,26.05,25.17,25.96,25.53,25.91,25.59,26.05,25.72,25.99,24.67,25.95,26.2,26.51,25.46,25.82,26.43,26.47,25.71,25.37,26.36,26.26,26.56,26.44,26.76,26.87,26.83,27.1,26.14,27.13,25.76,26.36,25.39,24.84,25.63,25.77,25.8,25.83,26.05,25.57,25.9,25.98,25.58,25.35,25.8,26.55,26.55,25.82,26.48,26.04,25.57,25.76,27.02,26.09,26.38,26.57,26.65,26.69,27.4,26.93,27.76,26.32,26.27,26.34,25.46,26.68,25.87,25.58,26.14,25.38,25.5,25.31,26.08,26.3,25.51,26.21,25.71,26.34,25.78,26.12,26.26,26.25,25.69,25.76,26.28,26.75,26.29,26.98,26.36,27.61,26.8,27.28,27.32,27.25,26.35,25.42,26.31,25.89,25.54,26.08,26.11,25.63,25.46,25.83,26.03,25.24,25.16,25.28,25.98,25.55,25.68,25.68,26.4,26.59,26.6,26.22,26.59,26.04,27.01,26.19,25.76,26.45,26.32,27.26,27.43,26.5,26.29,25.48,25.7,26.79,25.32,26.05,25.35,26.59,25.57,25.63,25.71,26.33,25.13,25.58,25.9,25.72,25.91,25.78,26.33,26.47,26.1,26.33,25.79,26.23,26.1,26.55,26.18,27.43,26.41,27.12,27.74,27.32,25.78,25.78,25.7,25.41,25.5,26.15,25.6,26.07,25.6,26.52,26.01,25.76,26.29,25.69,26.03,26.35,25.75,26.06,26.33,26.37,25.95,25.8,26.29,26.1,26.62,26.44,26.43,26.33,27.23,27.09,27.86,27.1,25.61,26.42,25.12,26.29,25.86,25.86,25.72,26.51,26.65,25.67,25.55,26.41,25.21,25.34,25.59,25.98,25.63,26.09,25.62,25.98,26.14,26.19,26.02,26.67,25.93,26.78,25.85,26.05,27.14,26.63,26.23,28.55,27.12,25.19,25.58,25.13,25.46,26.19,25.59,25.67,25.76,25.49,25.3,25.32,25.29,25.57,26.14,25.83,26.02,25.97,25.85,26.17,26.17,26.06,26.43,26.06,26.15,26.55,26.93,26.96,27.53,26.75,28.24,27.62,25.92,26.09,25.53,24.94,25.78,26.09,25.59,26.36,25.56,25.97,25.47,25.48,25.05,25.65,25.56,26.15,25.94,26.22,25.31,26.5,26.21,25.79,26.23,26.42,25.6,26.16,25.32,26.55,27.26,26.88,27.68,27.65,24.85,26.22,26.19,25.29,25.17,25.7,25.63,25.72,25.61,25.71,25.78,25.46,25.51,25.19,25.68,25.69,26.05,25.77,26.21,25.3,26.51,25.66,26.21,25.91,25.53,25.25,25.52,24.86,26.18,26.65,26.91,27.8,25.09,26.72,26.03,26.58,25.79,26.53,25.79,26.25,24.89,25.76,25.49,25.37,25.5,25.66,25.26,25.79,25.31,25.86,25.62,26.22,25.92,25.88,26.2,26.51,26.62,25.26,25.88,26.2,26.4,26.38,26.91,28.67
2020-06-29 16:09:06.4396,0,28.98,29.64,25.88,25.93,25.13,25.38,27.28,29.11,29.62,28.04,26.25,26.2,26.26,25.71,26.29,25.05,26.01,25.93,26.07,25.73,26.43,26.46,26.75,25.51,26.68,27.02,26.68,26.23,26.95,27.73,28.05,27.1,28.59,27.14,25.97,25.74,25.57,25.34,27.2,28.21,30.1,28.96,26.9,26.84,26.48,25.97,25.88,26.21,26.32,25.92,26.39,26.22,26.6,26.52,25.31,26.38,26.76,26.81,26.8,26.42,27.6,27.36,26.46,27.55,26.82,26.43,25.62,26.07,25.69,25.13,25.42,26.05,28.34,29.42,28.25,26.53,26.17,25.62,26.47,25.68,26.63,26.24,26.37,26.65,26.17,26.0,25.9,25.8,25.77,26.34,26.14,26.23,26.96,27.25,26.96,25.95,27.15,25.44,25.15,25.04,25.24,24.91,25.18,25.32,27.79,27.47,27.02,27.38,25.75,25.33,24.98,25.63,25.89,26.12,26.33,25.62,25.85,25.99,26.07,26.3,26.07,25.3,25.56,26.56,27.56,26.62,27.07,27.66,27.18,26.88,25.05,23.97,24.87,25.9,24.91,24.97,26.05,26.84,27.32,26.38,25.31,25.01,25.8,25.83,25.55,25.74,25.94,26.39,26.03,25.96,26.04,25.85,26.43,27.06,25.79,26.53,26.07,26.03,26.46,27.05,26.61,25.99,24.64,25.76,25.17,25.76,25.05,26.01,26.33,25.92,27.02,26.04,25.58,25.31,25.41,25.9,25.44,25.33,25.56,25.4,25.97,26.13,26.03,26.11,25.76,26.51,26.2,26.98,26.42,26.84,25.66,27.24,26.44,26.19,25.07,25.35,24.93,25.52,24.95,25.41,25.62,25.73,26.03,25.27,24.75,25.26,25.15,25.19,25.78,25.94,25.95,25.91,25.63,26.08,26.28,26.15,26.79,26.82,26.22,27.14,27.34,26.34,26.03,26.19,26.13,25.93,24.86,25.0,24.95,25.67,24.7,25.26,25.58,26.13,25.43,25.01,25.01,24.97,25.37,25.97,25.69,26.24,26.07,25.72,26.24,26.18,26.43,26.51,27.24,26.06,26.67,26.85,26.84,26.57,26.61,26.4,26.35,25.51,25.21,25.69,25.9,25.88,25.49,25.63,25.78,25.9,25.83,25.44,25.3,25.46,25.78,25.74,26.08,25.57,25.63,26.03,26.06,26.4,26.6,26.22,26.36,26.78,26.27,25.83,26.81,26.79,26.52,26.8,26.15,25.98,25.47,25.45,26.03,25.25,24.9,25.38,25.96,25.66,25.61,25.66,24.96,25.15,25.67,26.33,25.7,25.73,25.57,25.76,26.53,26.39,25.54,26.62,26.02,26.48,26.27,26.53,26.34,27.3,27.1,27.26,26.94,26.37,25.29,25.16,25.48,25.57,25.64,25.38,25.35,25.86,25.51,25.32,25.08,25.16,25.94,25.89,26.09,25.55,26.38,25.8,26.71,26.39,26.29,26.8,26.67,25.85,26.55,26.3,26.45,27.2,27.22,27.21,26.32,25.89,25.24,25.84,25.44,25.85,25.24,25.53,25.95,25.67,24.86,25.49,25.62,25.54,25.79,25.78,25.91,25.7,25.96,26.24,25.99,26.1,26.38,26.61,27.18,26.71,26.29,27.15,27.38,26.57,26.77,27.32,26.12,25.94,26.19,25.66,26.33,25.91,25.41,25.21,25.99,25.51,25.65,25.38,25.41,26.0,26.62,26.23,25.87,26.06,26.3,25.66,26.0,26.0,26.5,26.8,26.0,26.6,26.71,26.43,27.05,26.2,27.59,27.21,26.83,26.09,25.68,25.72,25.83,25.82,25.55,25.9,25.52,25.95,25.56,25.81,25.47,25.02,26.16,26.26,26.15,25.75,25.84,26.02,26.14,26.06,25.68,26.68,26.26,26.55,26.28,26.85,27.25,26.79,26.94,26.91,25.69,26.34,25.81,24.99,25.87,25.91,26.14,25.62,25.52,25.82,25.09,26.12,25.69,25.87,26.09,26.51,26.85,26.15,26.11,25.9,25.97,26.1,26.0,26.23,26.15,26.83,26.63,26.83,27.79,27.5,27.54,26.64,26.42,25.42,25.14,26.19,26.29,25.3,25.68,25.49,25.64,25.42,25.51,26.1,25.94,26.03,26.13,26.54,26.29,25.76,26.12,26.26,26.13,26.17,25.59,26.43,27.22,26.63,25.61,26.94,27.08,27.25,27.3,27.02,25.91,25.39,24.82,25.56,25.93,26.09,25.35,25.65,26.02,25.86,25.92,25.8,25.47,25.91,26.18,25.89,25.79,26.11,26.31,26.23,26.8,26.77,26.48,26.4,26.19,26.33,26.4,26.32,26.28,26.65,27.02,27.18,25.52,25.77,25.36,25.81,26.3,25.76,25.62,25.71,25.49,25.85,25.64,25.91,25.37,25.58,25.94,25.83,26.15,25.69,25.69,25.97,26.65,25.72,26.15,26.23,26.6,26.18,26.46,26.31,27.0,26.93,26.5,27.6,25.89,25.56,24.8,26.21,25.61,26.02,25.71,26.21,26.06,26.2,25.56,25.79,25.35,25.42,25.62,25.57,26.06,25.9,26.12,25.99,26.27,26.81,26.39,26.71,26.36,26.83,27.1,26.76,26.42,26.92,26.9,27.43,26.14,25.6,24.58,25.58,25.57,25.97,25.6,25.57,26.32,25.54,25.46,25.95,26.1,25.77,25.94,25.77,26.39,26.19,25.77,26.51,26.6,26.08,25.58,26.77,26.57,27.02,26.14,26.45,27.13,27.06,26.74,27.16,26.2,26.33,26.6,25.27,25.25,26.18,25.41,25.39,25.87,25.76,25.41,25.46,25.74,25.82,25.58,25.63,25.35,26.0,26.3,25.85,26.63,26.67,26.16,26.45,26.39,26.28,27.49,26.95,26.82,27.24,26.99,28.17,26.29,26.4,25.31,25.58,25.61,25.73,26.16,26.75,26.23,25.7,25.49,26.08,26.12,25.41,25.71,26.37,26.42,25.65,25.8,26.26,26.59,26.14,26.24,26.01,25.34,25.58,25.93,26.5,27.08,27.34,26.82,27.98,26.22,26.37,25.5,25.83,25.79,25.68,26.21,24.93,25.72,25.72,25.89,25.87,25.37,25.84,26.15,25.71,25.43,25.92,25.57,26.08,25.2,25.8,26.32,26.05,26.08,25.24,25.3,25.69,27.18,27.17,27.72,26.53,26.66,25.15,25.98,25.31,26.29,24.94,25.78,26.21,25.33,25.73,25.23,25.08,25.38,25.64,25.41,24.76,25.83,26.1,24.99,26.33,26.19,25.86,25.92,26.91,26.03,26.44,25.36,26.48,25.82,26.88,27.6,27.13
2020-06-29 16:09:06.5682,0,27.0,29.22,25.08,26.82,24.92,25.55,25.55,28.6,30.05,30.23,27.69,27.34,26.24,26.92,25.87,25.45,25.86,26.45,26.05,26.41,26.27,27.02,25.82,27.21,26.99,27.17,26.29,27.18,27.16,28.84,26.85,34.18,26.95,24.71,26.18,25.72,25.38,25.14,25.86,25.59,29.8,29.37,28.15,26.96,26.86,25.81,25.61,25.93,26.95,25.77,25.98,25.66,26.32,26.36,26.33,26.06,27.68,26.3,27.67,26.4,27.38,26.61,30.36,26.34,26.5,26.65,25.8,25.68,25.16,25.29,25.09,26.04,26.83,28.48,27.98,27.91,26.4,26.46,25.36,26.15,26.37,26.82,25.26,26.15,26.4,25.99,26.02,26.48,25.61,27.36,25.47,27.39,26.41,27.8,26.38,28.77,27.14,26.29,25.71,25.21,26.37,24.57,25.76,24.27,26.73,27.32,28.13,28.47,26.56,25.31,25.56,25.38,26.0,25.99,26.67,25.37,26.07,26.21,26.71,25.88,26.62,26.44,27.43,26.05,27.04,26.78,27.53,27.63,25.68,27.07,25.03,25.2,24.85,25.44,24.18,25.78,24.89,26.2,27.06,27.65,25.41,26.11,25.33,25.82,26.08,26.06,25.92,26.38,26.02,26.63,25.78,27.19,26.41,26.65,26.06,26.82,26.86,27.03,25.42,27.7,26.19,25.97,25.16,24.18,25.61,25.59,25.03,25.46,26.32,25.66,27.35,26.25,25.68,25.29,25.61,25.24,26.17,25.63,26.2,26.59,26.74,26.0,26.02,26.7,26.78,26.62,26.33,26.66,26.56,26.49,27.76,27.21,25.27,27.46,24.55,25.33,25.78,25.64,24.54,25.52,26.2,26.29,25.58,26.36,24.73,25.25,25.24,25.29,25.76,26.24,25.73,26.01,26.47,26.5,25.59,26.37,26.66,27.3,26.48,27.41,27.47,28.05,25.65,27.67,26.3,26.28,25.01,24.98,25.08,25.65,25.96,25.37,25.8,25.55,25.95,25.1,25.1,25.16,25.76,25.35,25.77,25.72,25.96,26.01,26.33,26.38,26.2,26.72,27.23,26.29,27.05,26.28,26.98,26.55,27.12,27.64,26.51,27.06,25.35,25.68,25.34,26.27,25.23,25.99,25.65,25.67,25.07,25.64,25.18,25.65,25.67,25.93,25.96,25.75,26.09,26.31,25.84,26.19,26.27,27.19,26.57,26.89,26.38,26.61,26.65,27.37,26.5,27.48,27.02,26.47,25.93,24.18,25.75,25.1,25.62,24.99,26.06,25.64,25.6,25.24,25.81,25.13,26.13,26.12,25.78,25.62,26.41,25.55,26.23,26.37,26.58,26.49,26.79,26.23,26.89,26.77,26.61,26.84,27.41,27.06,27.09,27.03,26.05,26.06,25.73,26.08,25.14,25.84,25.44,26.06,25.19,25.81,25.25,25.71,25.92,26.53,25.98,25.91,25.9,26.83,26.41,26.77,26.17,26.9,26.54,26.76,25.79,26.93,26.15,27.61,26.87,27.2,27.17,25.87,25.85,25.52,25.43,25.7,26.29,25.51,26.16,25.86,26.04,25.68,25.61,25.06,26.42,26.14,26.26,25.87,25.95,26.32,26.46,26.38,26.37,26.7,26.52,26.81,27.02,26.5,27.92,26.97,27.08,27.13,25.93,27.45,25.11,26.24,26.06,25.64,25.39,25.55,25.44,25.91,25.23,25.97,25.2,25.99,25.59,26.59,25.86,26.23,25.91,26.22,25.79,26.19,25.97,26.59,26.54,27.16,26.45,27.43,26.62,27.32,27.08,27.53,26.13,25.39,25.97,26.14,26.34,24.91,25.78,25.65,26.15,25.72,26.15,25.69,25.83,25.67,26.61,26.06,26.51,26.19,26.2,26.0,26.51,26.44,26.39,26.25,26.69,26.65,27.02,26.57,27.93,27.47,27.74,26.89,25.84,27.01,25.33,26.02,25.85,26.28,25.05,26.08,25.39,25.59,25.88,26.31,25.38,25.67,25.98,26.68,25.81,26.14,25.9,25.89,26.25,25.99,25.47,26.43,26.69,27.16,26.23,26.82,27.63,27.35,27.19,27.81,27.81,26.6,25.59,25.57,26.54,26.18,26.39,26.18,26.06,25.82,26.11,25.88,26.41,26.2,26.59,26.43,26.47,26.21,26.77,26.34,26.71,26.55,26.1,26.09,27.1,26.61,26.5,26.92,27.21,26.94,27.45,27.17,25.7,25.91,25.44,25.71,25.77,26.34,24.95,26.26,25.78,26.29,25.37,25.79,25.45,26.19,25.68,26.36,25.87,26.68,26.0,26.52,26.18,27.26,26.35,26.72,26.87,27.27,26.52,27.27,27.0,27.84,27.52,28.03,27.15,25.21,26.32,25.78,26.29,25.47,25.98,26.06,26.05,25.83,26.28,25.47,25.76,25.36,25.83,25.51,26.14,25.58,25.97,26.56,26.85,26.83,26.69,25.87,27.16,25.67,27.12,26.7,27.13,27.36,27.7,27.06,26.44,26.1,24.95,25.38,26.02,26.01,25.69,26.85,26.28,26.07,25.88,26.44,25.43,25.62,25.71,25.97,25.95,26.5,26.52,26.6,26.04,27.02,25.91,26.7,26.84,26.57,25.95,27.18,27.32,28.0,27.24,28.16,27.09,25.76,25.43,25.39,26.28,26.37,26.52,25.94,26.43,25.75,25.68,25.93,26.3,25.96,26.03,25.75,26.17,25.76,26.81,25.97,26.59,26.17,26.62,26.52,27.43,27.25,26.98,25.99,27.74,26.4,28.0,27.89,27.0,26.32,25.49,25.61,26.02,25.25,25.96,25.94,26.11,26.38,25.39,25.45,25.61,26.81,25.89,25.62,26.0,26.32,26.28,27.21,26.26,26.9,25.77,26.44,25.84,26.68,25.97,27.09,27.29,27.74,26.77,27.35,27.12,26.17,26.96,25.2,25.75,25.71,26.58,25.59,26.48,26.19,26.21,24.83,25.99,26.08,26.15,26.35,26.85,25.97,26.13,26.12,27.05,26.0,26.23,25.47,26.68,25.83,26.07,26.16,26.9,26.79,28.02,27.3,26.69,27.46,24.68,26.02,24.74,25.84,26.03,26.47,25.7,26.26,25.74,25.59,25.09,26.08,25.52,26.56,26.02,26.27,25.42,26.44,26.21,26.71,25.62,26.47,25.76,26.14,25.27,26.36,25.9,26.97,27.46,28.79,26.65,26.32,26.37,25.68,26.45,25.42,26.56,25.55,25.74,25.56,26.44,25.19,25.76,25.49,26.02,24.74,26.31,25.95,26.39,25.79,26.31,25.97,26.19,26.17,27.2,26.42,26.52,26.45,26.35,27.23,27.05,28.41
2020-06-29 16:09:06.6960,0,29.31,24.47,26.78,25.77,25.39,25.04,24.75,25.95,28.6,29.22,28.31,27.2,26.55,25.83,25.76,25.72,25.89,25.52,25.67,26.27,25.6,26.03,26.17,25.67,26.72,27.2,26.56,27.22,27.3,27.56,25.57,30.81,28.0,25.29,26.03,26.88,24.68,25.03,25.71,24.66,28.94,28.41,27.73,28.22,26.06,25.18,26.25,25.69,26.17,25.8,26.11,25.82,25.5,25.98,26.33,25.8,26.61,26.52,26.11,26.29,27.44,26.5,30.19,27.38,26.39,26.99,25.7,25.92,24.88,24.48,24.53,25.14,26.04,27.02,28.0,28.66,26.78,26.2,25.87,25.53,25.68,26.33,25.76,25.89,26.05,26.48,25.37,26.34,26.08,26.34,25.69,26.07,26.48,27.28,25.99,26.12,26.99,25.97,25.76,25.29,25.41,25.11,25.62,24.76,25.66,26.43,27.99,27.88,26.54,26.4,26.24,25.39,26.32,25.77,25.83,25.98,26.3,26.11,26.18,25.64,26.76,26.91,25.88,25.77,26.55,26.31,26.67,27.23,26.42,25.93,24.74,24.7,25.06,25.75,24.79,25.09,25.04,25.57,26.49,27.05,26.29,25.3,25.23,25.79,25.98,25.81,25.48,26.01,26.37,25.69,25.67,26.32,26.04,26.51,25.67,26.53,26.27,26.38,25.32,27.32,26.25,26.26,24.48,24.94,25.02,25.04,24.61,25.09,24.82,25.31,25.49,25.69,25.54,25.3,25.15,25.35,25.71,25.85,25.95,25.83,25.82,26.01,25.64,25.87,26.77,26.51,26.76,26.41,26.58,26.88,26.85,26.49,26.7,26.03,24.1,25.52,25.24,24.94,25.09,24.87,26.1,25.92,25.47,25.12,25.15,25.11,25.44,25.35,25.56,25.49,25.52,26.08,26.15,25.72,26.16,25.53,26.55,27.04,25.83,26.71,27.22,26.97,27.5,27.33,25.78,26.17,24.54,23.91,25.37,25.55,25.05,25.13,25.78,25.67,25.49,25.76,24.76,25.56,25.12,25.45,25.24,25.82,25.93,25.5,26.09,26.27,25.85,25.93,26.39,26.31,26.52,26.31,26.54,25.82,27.15,26.99,25.86,25.7,24.77,25.38,25.5,25.6,25.25,25.11,25.89,25.2,25.08,25.29,24.89,25.41,25.37,25.5,25.19,25.81,25.6,25.98,25.64,26.55,25.95,26.62,26.58,26.28,26.53,26.34,26.54,26.05,25.55,26.82,26.17,25.16,25.47,25.16,25.74,25.78,25.35,24.77,26.25,25.86,25.36,25.44,25.1,25.22,26.0,25.83,25.55,25.89,26.18,25.92,25.99,26.17,26.23,26.71,26.88,26.48,26.88,26.27,26.18,26.44,27.76,26.96,26.81,25.36,25.95,25.31,25.49,25.42,25.03,25.7,25.23,25.61,25.19,25.57,25.44,25.39,25.63,25.84,25.79,25.87,25.98,26.41,26.59,26.15,26.27,26.44,26.99,26.39,25.81,26.53,26.47,26.76,26.44,27.72,26.16,26.78,25.24,25.57,25.16,25.34,25.56,25.64,25.37,26.17,25.61,25.37,25.37,25.24,26.19,26.22,25.76,25.58,26.56,25.74,26.42,26.57,26.03,25.53,26.93,26.36,26.88,26.78,26.82,27.01,25.96,27.02,25.48,27.14,25.46,25.5,25.82,25.12,25.53,25.41,26.08,25.67,25.23,25.33,25.19,25.19,26.13,25.9,26.85,25.73,25.9,25.89,25.59,25.85,26.28,26.35,26.88,26.68,26.84,26.53,26.51,26.47,26.64,27.39,25.81,27.14,25.82,25.0,25.68,25.57,26.23,25.43,25.69,25.62,25.51,25.59,25.51,25.85,26.2,26.32,25.64,25.9,26.24,25.99,25.71,26.23,26.25,26.25,26.45,26.66,26.51,26.21,26.83,27.65,27.6,27.11,26.62,25.84,25.38,25.58,26.15,25.5,25.78,25.35,25.4,25.46,25.98,25.97,25.86,25.53,25.5,26.45,26.27,25.82,26.08,26.32,25.65,26.06,25.26,26.62,26.82,26.45,26.0,26.94,27.24,26.34,27.08,27.16,26.61,26.15,26.06,25.01,26.27,25.17,26.01,25.84,25.92,25.83,25.87,25.37,25.7,25.72,26.08,26.23,26.05,25.63,25.97,25.95,26.18,26.05,26.16,26.31,26.39,26.5,26.61,26.55,26.5,27.55,26.98,26.89,26.15,26.29,25.01,25.41,25.81,25.54,25.47,26.36,25.9,25.72,25.8,25.65,25.45,25.57,25.47,25.84,25.96,25.58,26.68,26.18,26.28,26.11,26.14,26.47,27.11,26.54,26.15,26.72,27.04,26.65,26.73,27.19,25.35,26.17,25.36,25.99,25.59,25.36,25.72,25.46,25.45,25.72,25.49,25.68,25.22,25.56,25.2,25.51,25.52,26.06,25.93,25.95,26.3,26.62,25.78,26.44,26.79,26.66,26.71,26.32,26.25,27.1,27.9,27.47,25.95,25.03,25.18,25.57,25.63,26.57,25.32,26.19,25.46,25.7,25.67,25.42,26.38,25.27,25.5,25.63,25.94,26.46,26.1,26.26,25.94,26.66,26.39,26.8,26.61,26.3,26.13,26.89,26.91,27.08,27.31,27.82,25.78,25.84,24.59,25.28,26.28,26.27,26.11,25.71,26.05,25.89,25.31,26.05,26.16,25.86,26.0,25.75,26.13,25.86,25.51,26.18,26.45,26.17,26.25,26.53,26.04,26.38,26.97,26.32,26.51,26.77,27.67,27.78,27.3,25.97,25.2,24.94,26.22,26.49,25.43,25.52,26.52,25.61,25.17,25.79,25.62,25.33,25.68,25.93,25.78,26.07,25.04,25.93,26.74,26.17,26.29,26.05,26.27,25.99,26.91,26.95,25.86,26.91,27.64,28.41,26.33,26.26,26.07,25.45,26.08,25.13,26.43,25.91,25.68,25.57,25.94,24.85,25.62,25.97,26.01,25.57,25.82,25.98,25.76,25.9,25.61,26.26,26.73,25.49,26.13,25.73,26.54,26.21,26.75,26.86,27.47,26.98,26.08,26.87,25.97,26.06,26.51,24.86,25.46,26.01,26.15,26.11,25.63,25.58,25.37,25.56,25.41,25.55,26.28,25.53,25.44,26.3,25.72,26.05,25.79,26.75,26.39,25.23,24.84,25.36,26.88,26.82,27.12,28.63,25.63,27.17,25.2,26.16,24.73,25.66,25.45,25.92,26.02,26.45,25.75,25.62,25.48,25.26,25.87,25.65,26.29,25.47,25.99,24.9,26.04,25.86,25.2,26.49,26.16,26.0,25.36,25.13,25.46,26.94,26.34,28.3
2020-06-29 16:09:06.8248,0,25.0,25.48,26.1,25.46,25.67,24.06,25.88,25.75,27.01,29.36,29.26,28.04,26.51,25.97,26.13,26.13,26.25,26.05,26.46,26.97,25.55,26.59,25.81,27.21,26.49,26.5,27.21,27.74,26.19,26.56,29.13,30.98,25.29,27.77,26.17,25.92,24.45,25.12,25.85,25.58,27.47,27.78,29.11,28.98,26.6,26.2,26.65,26.31,25.41,25.89,26.51,26.72,26.18,26.62,26.76,26.2,25.97,26.45,27.67,26.75,27.58,27.79,28.18,26.89,25.61,25.68,26.39,26.83,25.99,24.62,24.78,25.73,25.72,27.02,28.48,28.54,27.47,26.34,25.96,26.15,25.77,25.75,26.59,26.64,26.14,25.98,26.82,26.47,25.89,25.73,25.95,26.38,26.22,26.09,27.48,28.05,25.37,26.28,26.09,25.38,24.74,24.39,25.76,26.02,25.79,26.66,28.25,27.36,27.37,26.97,25.91,25.72,26.46,25.86,26.55,25.72,25.35,26.2,26.32,26.67,26.06,25.99,27.12,26.2,27.03,26.04,28.48,25.28,25.67,26.07,24.65,25.19,25.0,24.83,25.45,25.5,25.39,25.33,26.23,27.19,26.72,25.66,25.66,25.71,25.53,25.29,25.58,27.05,26.81,26.06,26.13,26.33,26.41,25.56,25.61,27.27,26.2,26.01,26.42,28.35,24.54,25.96,25.85,24.87,24.7,24.84,25.58,25.45,24.84,25.16,26.32,25.44,25.46,25.5,25.61,25.33,25.53,25.73,26.2,26.03,26.4,26.11,26.84,26.2,26.52,27.13,26.47,27.83,26.56,26.98,26.99,26.79,26.41,25.24,24.37,25.0,24.32,25.36,25.19,25.78,25.6,25.25,25.35,26.14,24.93,25.04,25.74,26.1,25.15,25.32,25.41,26.42,26.03,26.07,26.14,26.49,26.53,25.93,26.87,27.13,26.85,26.01,26.35,28.03,25.73,25.9,25.17,25.13,25.22,25.64,25.32,25.23,26.15,25.54,25.31,25.53,24.79,25.55,25.86,25.45,25.28,25.81,26.16,26.0,26.23,26.47,26.09,26.37,26.76,26.77,27.18,26.54,26.23,26.85,27.46,27.09,26.14,25.67,25.18,26.61,25.6,25.06,26.21,25.74,25.42,25.56,25.81,25.84,25.18,24.77,25.85,26.21,25.86,25.28,26.08,26.6,26.03,26.59,26.79,26.32,26.91,26.18,26.37,26.74,26.93,26.93,26.49,27.13,25.78,26.28,25.3,25.41,25.2,25.62,25.86,25.35,26.17,25.85,26.11,25.64,24.75,24.73,25.19,25.74,25.5,25.61,26.41,26.21,25.74,26.76,26.68,27.13,26.35,25.87,26.64,26.63,26.04,26.97,28.07,27.9,26.38,27.03,25.42,26.06,25.72,25.56,25.37,25.96,25.65,25.74,25.59,25.91,25.44,25.24,25.63,26.25,25.43,25.45,26.26,26.55,26.69,26.58,26.36,26.9,26.86,26.3,25.78,26.54,26.7,26.9,26.86,26.86,25.25,25.86,26.77,25.51,25.3,25.95,25.58,25.74,25.3,26.06,25.54,25.67,25.32,25.24,26.05,25.85,25.8,25.77,26.32,26.4,26.08,26.66,26.47,26.59,26.96,26.68,27.01,27.13,26.82,26.82,27.39,27.77,25.92,26.1,25.71,25.64,25.92,25.89,25.38,26.36,25.32,24.66,25.52,25.87,25.67,25.7,26.23,26.59,26.03,25.77,26.09,26.22,25.98,25.89,26.17,26.59,26.09,26.36,26.31,27.18,27.02,26.89,27.72,27.2,26.13,26.06,25.96,25.39,25.43,25.66,25.66,25.76,25.4,25.92,25.45,25.09,25.27,25.75,26.7,26.41,25.68,25.91,26.1,26.28,25.94,25.64,26.18,26.65,26.36,26.75,27.14,26.94,27.24,26.62,27.08,27.54,25.65,25.46,27.01,25.57,25.57,25.51,25.76,25.84,25.6,25.81,25.77,26.0,25.18,25.57,26.16,26.4,26.18,26.51,26.47,26.55,25.95,26.19,25.87,26.43,26.35,26.24,27.11,27.33,27.62,26.77,27.18,28.14,26.22,26.07,25.74,26.16,26.0,26.17,26.74,25.82,25.3,25.71,26.52,25.87,25.55,26.1,26.4,26.14,26.19,25.64,26.49,26.43,25.92,26.44,26.09,26.4,26.64,26.95,27.0,26.78,26.78,27.07,28.27,27.49,25.14,25.91,25.27,26.63,26.45,26.07,25.44,26.13,25.77,25.74,25.68,26.21,25.45,25.5,26.25,25.87,26.25,25.61,26.09,26.42,26.07,25.84,25.91,26.39,26.98,26.32,26.78,27.26,27.13,27.09,27.34,28.03,26.05,25.91,25.99,25.62,25.45,25.45,25.48,25.43,25.7,26.04,25.95,26.52,25.06,25.56,25.73,25.5,25.95,25.66,26.17,26.15,26.03,26.1,26.68,26.42,26.35,26.39,27.25,26.42,27.13,26.59,27.7,27.74,24.69,25.36,25.61,25.71,25.43,26.0,25.28,25.94,25.91,25.95,26.21,25.89,25.53,25.19,25.9,26.28,26.14,25.37,26.2,26.6,25.71,26.26,26.6,27.05,26.46,26.69,26.08,26.89,27.31,26.28,27.58,27.78,26.12,26.49,26.1,26.04,25.4,26.93,26.65,25.67,25.47,26.1,25.79,25.59,25.87,25.95,26.34,25.95,26.06,26.27,26.39,26.06,25.51,26.05,26.62,26.86,26.56,26.34,26.97,26.56,26.65,26.71,28.53,27.87,26.99,26.11,26.21,25.43,24.75,24.16,24.95,26.21,25.2,25.62,25.62,25.33,25.38,25.47,25.55,26.18,26.54,25.77,25.93,26.86,26.37,26.78,26.51,26.82,25.83,26.4,26.86,26.47,26.95,27.57,26.95,28.75,26.05,26.56,25.47,25.54,24.95,25.85,26.43,26.29,25.82,25.92,25.72,25.8,25.18,26.18,26.26,25.78,25.62,25.84,26.13,26.46,26.34,26.23,26.48,26.75,25.59,25.68,26.52,26.78,25.39,27.3,27.41,27.5,26.42,26.13,25.47,26.4,25.07,24.83,26.02,26.92,25.69,25.15,25.33,26.25,25.85,25.32,25.51,25.57,26.26,25.06,26.04,25.81,25.43,26.05,25.88,26.32,25.9,25.07,25.76,26.7,26.97,26.4,27.92,28.21,26.63,26.54,26.76,27.24,26.09,25.41,27.03,26.33,25.02,25.26,26.43,25.99,25.89,25.35,25.64,25.87,25.94,25.82,26.0,26.56,25.92,26.36,27.02,26.01,25.56,26.1,26.34,25.75,25.79,26.45,28.1,28.72
2020-06-29 16:09:06.9524,0,25.53,27.12,24.56,25.2,24.35,24.6,25.03,25.9,26.56,28.01,29.98,29.29,26.79,26.49,25.87,26.24,25.73,25.9,26.33,25.97,26.13,26.43,26.43,26.25,26.5,26.3,26.67,26.76,25.97,27.39,26.28,31.59,26.91,25.75,25.47,26.15,24.8,24.96,25.66,24.94,26.42,26.19,29.64,29.0,27.24,26.48,26.1,25.67,25.64,25.78,27.02,26.07,25.75,25.81,26.74,25.76,26.26,27.11,26.76,26.77,27.76,26.14,28.59,25.17,25.33,26.38,25.61,25.65,25.5,24.76,24.17,25.86,26.29,26.86,28.11,29.02,27.6,27.04,26.21,26.24,26.02,25.97,25.99,25.76,25.9,25.58,25.07,26.59,25.75,25.71,25.48,26.86,26.23,26.64,26.1,28.37,26.1,25.64,25.49,25.59,25.2,23.92,25.14,25.01,25.77,25.36,27.86,27.49,27.47,27.92,25.53,25.61,25.86,26.22,26.53,25.49,25.81,25.97,26.69,25.48,25.9,25.57,26.15,26.38,26.66,26.42,26.54,27.64,25.69,25.85,23.75,25.52,24.08,24.66,25.04,25.48,24.51,25.68,25.65,26.35,25.96,26.64,25.34,25.8,26.08,25.82,25.59,26.13,26.71,25.81,26.15,25.93,26.68,25.81,26.36,26.64,26.54,26.5,26.64,27.44,25.75,26.17,24.77,25.05,24.53,24.41,25.42,25.33,25.19,25.42,25.6,24.99,25.11,25.08,25.59,25.02,25.29,25.42,25.96,25.82,26.05,25.89,25.52,26.1,26.24,26.49,26.73,26.22,26.38,26.5,26.59,25.99,25.66,26.15,24.38,24.81,25.79,25.2,24.67,24.98,24.89,25.0,24.81,25.34,24.73,25.02,25.14,25.67,24.86,25.3,25.93,25.98,26.36,25.72,25.48,26.82,26.54,26.28,25.94,26.96,27.02,26.3,26.19,27.64,24.96,25.37,24.65,24.18,25.2,24.97,25.17,24.48,25.42,25.21,25.82,25.33,24.67,25.06,25.84,25.76,25.36,25.33,25.94,25.71,26.73,26.17,26.18,25.93,26.73,26.54,26.5,26.56,26.21,26.55,26.91,26.19,27.23,25.47,24.72,25.5,25.61,25.04,25.11,25.59,25.88,25.54,25.61,25.2,25.19,24.94,25.57,25.81,25.68,25.54,25.42,26.78,25.65,25.86,25.95,26.51,26.35,25.8,27.15,26.32,25.93,25.86,26.5,26.94,26.46,25.79,25.43,25.12,24.77,25.76,25.47,25.48,25.48,25.53,25.89,25.34,24.83,25.03,25.73,25.94,25.38,25.53,25.82,26.32,26.11,26.28,26.76,26.18,26.66,26.47,26.86,26.38,26.3,26.84,27.06,26.9,26.4,25.82,24.64,26.19,25.46,25.4,25.86,25.58,25.45,25.3,24.79,25.58,25.35,25.31,25.55,25.86,25.71,25.7,25.9,26.81,26.41,26.65,26.27,26.45,26.21,26.51,26.17,26.39,26.85,26.73,27.04,27.51,26.97,26.72,26.28,25.38,25.27,25.45,25.32,25.16,25.27,25.76,25.62,25.08,25.1,25.34,26.03,25.77,25.78,25.5,25.93,26.23,25.77,26.09,26.55,26.07,26.61,26.7,26.99,26.88,26.8,26.27,26.89,26.64,26.11,26.58,24.5,25.02,25.54,25.1,25.4,26.22,25.66,25.79,25.33,25.25,25.3,25.68,25.96,26.11,26.04,25.93,25.73,25.72,25.51,25.77,26.28,26.77,26.54,26.0,26.57,27.15,26.9,26.73,26.75,27.84,25.76,25.73,26.53,24.96,25.15,26.31,25.63,24.85,25.27,25.51,26.02,25.5,25.06,25.95,26.22,25.88,25.85,26.01,25.53,25.54,25.63,25.36,26.26,26.25,26.89,26.31,26.37,26.83,26.94,27.34,26.9,27.39,26.38,25.95,25.8,26.3,25.59,26.0,25.29,26.05,25.82,25.57,25.68,26.39,25.29,25.83,26.17,26.29,25.81,25.75,26.19,26.82,26.06,26.27,25.78,26.73,26.59,26.33,26.24,27.05,27.07,26.89,26.2,27.61,26.02,25.74,26.18,25.12,25.85,25.28,26.24,25.12,26.03,25.4,25.99,25.68,25.62,25.54,25.91,25.87,26.35,25.74,26.66,26.15,25.7,25.75,26.49,26.2,26.73,26.26,26.85,26.66,27.19,26.94,27.75,26.84,26.07,26.94,25.12,25.68,25.64,25.65,24.58,26.35,25.44,25.72,25.58,26.08,25.46,25.48,25.48,26.15,25.39,25.79,25.91,26.2,26.28,26.63,26.14,26.8,26.76,26.29,26.39,27.1,26.71,27.37,27.01,28.0,26.02,26.1,26.12,25.32,26.26,25.06,26.21,25.57,25.91,25.5,25.82,25.69,25.24,25.37,25.71,25.62,25.24,25.87,26.04,26.06,26.11,26.12,26.44,26.43,26.56,26.52,26.69,26.3,26.81,26.15,27.5,26.71,26.06,25.33,24.61,25.84,25.88,25.42,25.56,26.56,25.69,25.93,25.21,25.87,25.86,25.49,25.3,25.74,25.54,25.96,25.9,26.17,26.36,26.45,26.5,26.91,25.85,26.03,26.38,27.15,27.32,26.1,27.42,28.31,25.52,25.2,24.71,25.23,25.52,26.09,26.63,25.02,26.28,25.64,25.77,25.26,25.96,25.65,26.42,25.23,25.73,25.97,26.05,25.86,26.57,26.28,26.6,26.28,26.53,26.1,26.38,25.41,25.84,26.25,27.79,27.89,25.97,26.09,24.39,25.05,25.08,25.22,25.4,25.77,25.08,25.47,24.79,25.79,25.62,25.34,25.56,26.38,25.89,25.74,26.17,26.27,25.56,25.93,25.77,26.29,26.24,26.38,25.82,27.22,26.63,26.51,27.16,28.53,26.23,25.57,25.44,24.49,25.72,25.4,25.83,25.17,25.4,25.16,25.69,25.57,25.39,25.51,25.9,25.9,25.48,25.75,26.1,26.13,26.2,25.88,26.84,26.38,26.11,25.7,26.19,25.85,26.7,26.09,27.18,27.31,26.19,26.33,24.88,25.79,25.43,25.47,24.78,25.98,25.7,26.09,24.4,26.09,24.84,25.3,26.02,25.67,25.78,25.64,25.18,26.29,25.7,25.76,25.34,26.44,25.33,26.11,24.61,26.33,26.27,26.75,27.23,27.62,26.32,26.57,26.94,25.48,25.2,24.57,26.05,25.4,24.99,26.42,25.87,25.46,25.21,24.86,25.74,25.25,25.79,25.71,25.98,25.41,25.89,25.43,26.58,25.73,25.98,25.96,25.98,26.11,26.32,27.05,27.54,27.1
2020-06-29 16:09:07.0806,0,28.47,29.6,25.61,26.58,25.12,25.54,25.04,26.42,26.72,27.42,28.85,30.0,29.1,27.85,25.6,26.93,26.26,26.3,25.64,26.54,26.42,27.29,26.44,27.51,26.83,27.16,26.48,27.54,27.17,28.26,28.6,30.33,27.74,26.78,26.38,25.73,25.73,24.61,25.84,25.6,27.17,26.49,29.37,29.13,29.33,27.66,26.25,26.46,27.31,25.78,26.63,25.53,26.84,27.19,26.31,26.82,27.66,27.12,27.83,26.59,27.78,27.34,27.3,29.24,25.93,28.77,25.81,26.81,25.16,25.1,24.18,25.72,25.32,26.6,26.69,28.53,28.68,28.73,26.34,25.77,26.38,26.57,26.24,26.26,25.78,26.35,26.43,26.33,26.48,27.64,26.61,27.88,27.48,28.16,27.5,28.74,27.87,26.08,26.46,25.4,26.35,25.06,25.45,25.31,25.92,25.76,27.25,26.88,27.94,27.22,26.48,25.62,27.02,25.99,26.3,26.56,26.66,25.98,26.7,25.88,26.61,26.59,27.26,26.87,27.19,26.61,27.99,27.93,26.33,27.45,24.49,26.06,24.55,26.33,25.33,25.22,25.15,25.57,25.41,26.83,26.07,27.31,25.56,26.25,25.43,26.38,26.15,26.02,25.91,26.05,26.39,26.44,26.68,27.3,26.36,26.35,26.55,27.02,27.04,28.12,26.17,25.58,26.54,25.75,25.44,25.16,25.43,25.6,26.06,25.3,25.62,25.45,25.45,25.95,25.93,25.57,26.26,25.53,26.19,26.16,27.06,26.01,26.83,26.58,26.89,26.88,27.03,26.82,27.81,27.32,27.37,26.82,25.66,27.08,24.55,25.81,24.92,26.32,25.2,25.77,25.73,25.82,25.36,25.68,25.26,25.44,25.24,25.58,25.27,26.32,26.14,26.62,26.37,26.38,26.38,26.71,26.18,27.29,26.75,26.83,26.41,28.04,27.26,27.46,25.91,26.65,26.12,25.47,25.78,25.25,25.82,26.01,26.02,25.67,26.26,25.22,25.9,24.76,25.95,25.86,26.44,25.63,26.35,26.22,27.05,26.17,26.3,26.16,26.98,26.66,26.9,27.25,27.42,26.71,28.48,27.11,26.7,26.52,25.68,26.13,26.03,25.99,25.48,26.34,26.11,25.98,25.72,26.14,25.09,25.92,26.06,26.1,25.49,25.84,26.0,26.5,26.24,26.68,26.8,27.07,26.81,26.99,27.03,26.99,26.94,27.06,26.68,27.47,27.53,25.96,25.75,25.59,25.87,24.97,26.09,25.97,26.16,25.86,25.38,25.45,25.41,25.52,26.02,25.75,26.9,25.44,26.78,26.13,26.89,26.78,26.67,26.82,27.12,26.82,27.25,26.38,26.88,27.14,27.23,27.07,26.75,27.53,25.91,25.9,26.13,26.06,25.63,25.71,26.11,25.84,25.7,25.69,25.16,25.89,25.93,26.52,25.35,26.72,26.18,26.63,26.41,26.56,26.48,26.89,26.44,27.09,26.17,26.78,27.27,26.89,27.04,28.34,27.5,26.39,26.45,25.68,25.68,25.58,26.4,25.4,26.47,26.39,25.83,25.68,25.69,25.63,26.68,26.23,26.7,25.6,26.49,26.14,26.25,25.8,26.46,26.39,27.16,26.59,26.76,26.51,27.36,26.84,27.54,27.79,26.97,27.1,25.57,26.81,25.67,26.39,25.52,26.35,25.87,26.0,25.54,25.56,25.3,26.16,26.42,26.39,26.32,26.59,26.1,26.02,26.09,26.17,26.18,26.37,26.66,26.81,27.08,26.91,27.04,27.72,26.76,27.85,26.97,26.75,26.25,25.71,26.71,25.55,26.24,25.55,26.35,26.04,25.64,25.89,25.82,25.77,26.51,26.7,26.77,25.92,26.55,26.1,26.5,25.66,26.48,26.66,26.9,26.88,26.76,26.96,27.5,27.2,27.72,26.9,26.91,27.17,25.65,26.01,26.13,26.01,26.01,27.0,25.83,26.53,25.69,26.4,25.78,26.22,26.17,26.67,26.1,26.5,26.1,26.54,25.86,27.07,26.4,26.95,26.7,27.15,26.88,27.45,27.35,27.62,26.7,27.96,27.09,26.44,26.95,25.58,26.26,25.29,26.25,26.31,25.94,25.83,26.81,25.79,26.21,25.92,26.48,26.53,26.36,25.93,26.38,26.54,26.4,26.16,27.01,26.52,27.42,26.61,26.74,27.06,27.91,27.95,27.43,27.01,26.63,26.25,25.77,25.85,26.06,26.46,25.71,26.73,26.46,26.39,25.48,25.78,25.56,25.88,25.98,26.64,26.17,26.18,26.5,26.7,26.29,26.54,26.47,27.14,26.76,27.26,26.93,26.84,27.59,27.38,27.53,28.53,26.77,26.64,26.3,25.95,27.24,26.55,26.09,26.07,26.03,25.72,25.83,26.01,25.65,25.07,26.01,25.82,26.23,26.27,26.25,26.26,27.04,26.84,26.89,26.77,26.92,26.28,27.24,26.71,27.85,27.37,27.69,27.76,25.49,26.27,24.79,26.02,25.88,25.99,25.57,26.83,26.4,26.52,26.0,26.54,25.86,26.65,25.92,26.06,25.75,26.18,26.01,26.69,26.26,27.11,26.5,26.69,26.84,27.44,26.24,27.16,27.48,27.83,27.06,27.77,26.88,26.14,25.92,25.89,27.27,26.24,26.24,26.35,26.41,26.23,26.34,26.05,26.29,25.97,25.4,25.66,26.57,26.18,26.27,26.18,27.01,26.29,26.96,26.64,27.41,27.13,26.82,27.02,27.57,27.36,28.34,27.9,25.56,26.7,26.05,26.29,25.87,26.77,25.97,26.2,25.86,26.87,25.88,25.68,25.85,25.79,26.12,26.95,26.11,26.75,26.06,26.05,26.39,27.0,26.9,26.18,26.25,27.34,26.58,26.61,26.97,28.07,28.14,28.34,26.89,25.98,26.57,25.57,26.21,25.72,26.56,25.89,26.85,26.45,26.32,25.45,26.09,25.63,26.36,25.91,26.73,26.54,26.58,26.48,27.39,26.13,27.11,26.12,27.47,26.4,26.82,26.8,28.36,26.62,28.0,27.75,26.7,26.78,26.28,26.58,26.12,26.32,25.73,26.76,25.99,26.93,25.08,25.97,25.48,26.43,25.53,26.42,26.27,26.73,25.93,25.67,26.09,27.09,26.31,26.02,25.77,26.42,25.61,26.51,28.06,27.32,27.0,28.48,26.62,26.33,26.35,25.89,27.11,25.77,26.07,25.72,26.86,26.28,26.02,26.01,25.74,25.25,26.13,25.38,26.79,25.84,26.12,26.06,26.81,26.65,26.87,26.32,26.59,26.27,26.16,26.29,27.24,27.44,28.62,28.76
2020-06-29 16:09:07.2085,0,27.36,25.77,24.69,26.24,23.83,24.86,24.73,25.62,25.82,26.56,26.7,29.47,29.38,28.0,25.75,26.0,26.41,26.06,25.38,26.84,26.15,26.75,25.55,26.62,26.38,27.38,25.98,27.43,26.8,29.55,26.14,31.49,24.32,26.3,27.38,24.74,24.88,23.94,25.89,24.65,25.87,26.22,27.32,28.47,28.96,29.09,26.78,25.94,25.54,25.52,27.05,25.27,25.51,26.38,25.61,26.39,26.93,26.83,27.36,25.17,27.04,26.01,29.35,28.51,24.91,27.0,25.88,26.12,25.55,25.16,23.89,25.91,24.78,25.95,25.13,27.53,27.72,28.38,25.97,25.54,25.9,25.98,25.75,26.02,25.91,26.23,25.5,26.48,26.35,27.38,26.17,26.42,25.93,26.72,24.84,28.97,26.75,26.17,25.96,25.65,26.08,24.77,25.48,24.74,25.13,25.63,26.0,26.13,28.74,27.68,26.25,25.61,26.1,25.87,26.66,26.08,26.19,25.48,26.71,25.89,26.49,26.17,26.05,25.1,26.56,26.11,26.44,26.35,26.41,27.14,23.81,25.59,25.35,25.01,24.92,25.38,24.77,25.7,25.05,25.66,26.17,26.87,25.33,26.35,26.07,26.48,25.92,26.36,26.01,25.93,26.15,26.7,26.82,25.84,25.8,27.0,26.42,27.57,25.91,27.34,26.06,25.85,27.12,25.1,24.88,25.33,25.59,24.54,25.45,25.54,25.5,24.4,25.22,25.39,25.7,25.66,25.51,24.98,26.29,25.81,26.28,25.55,26.01,25.97,26.01,26.63,26.77,25.8,26.43,25.88,26.68,26.07,25.54,26.04,23.92,25.53,25.09,25.37,24.68,26.17,25.61,25.59,25.02,25.68,24.5,24.91,24.91,25.46,25.14,25.91,25.51,26.4,26.14,26.16,26.15,26.83,26.3,26.43,25.41,27.42,26.74,26.35,26.6,27.9,26.72,26.52,25.69,24.7,26.09,25.53,25.45,24.48,26.02,24.86,26.14,25.42,24.97,25.44,25.53,25.54,25.64,25.11,26.23,25.48,26.1,26.05,26.19,26.38,26.28,26.78,26.4,26.16,27.0,26.12,26.81,26.98,26.03,26.06,24.28,25.71,25.49,25.6,25.36,26.34,25.42,25.76,24.96,25.92,25.26,25.03,25.26,26.09,25.37,25.82,25.88,25.99,25.82,26.46,26.68,26.74,25.77,26.53,26.01,26.62,27.39,26.8,26.38,26.66,27.77,26.01,25.95,25.3,26.02,25.64,25.61,24.39,25.82,25.84,25.89,25.22,25.01,24.82,26.1,25.91,26.32,25.6,26.38,25.23,26.77,26.06,26.66,26.05,26.11,26.35,27.01,25.99,27.04,26.86,27.45,26.94,25.92,26.05,25.31,25.93,25.61,25.56,24.66,25.36,25.44,26.04,24.98,25.48,25.33,25.49,25.71,26.22,25.87,25.97,25.78,26.14,26.0,26.55,25.95,26.56,26.53,26.52,26.29,26.67,27.15,26.49,26.92,26.4,27.04,26.09,26.18,25.1,25.56,25.84,25.93,25.51,26.03,25.53,25.71,25.56,25.29,25.13,26.2,25.74,25.95,25.47,26.47,26.39,26.62,26.36,26.86,26.16,26.72,26.35,26.64,25.99,27.38,26.57,27.1,26.85,25.29,26.48,25.14,26.11,26.2,26.15,25.75,26.12,25.75,25.89,25.41,26.13,25.08,25.58,25.84,26.37,25.92,25.74,26.07,26.28,25.77,26.35,25.65,26.56,26.42,27.26,26.2,27.18,26.64,27.33,26.8,27.24,27.2,25.61,26.73,25.58,26.21,25.3,25.89,25.77,25.91,25.39,26.22,24.98,25.24,25.74,26.21,26.03,26.11,25.8,26.16,25.51,26.19,25.53,26.46,26.44,26.46,26.98,27.63,26.07,27.39,27.07,26.96,27.59,26.43,26.02,24.74,25.89,26.0,25.77,25.53,25.71,25.6,26.21,25.36,26.28,25.55,26.01,25.68,26.83,25.97,26.11,26.07,26.81,26.04,26.06,25.45,26.31,26.8,27.26,25.99,26.82,27.51,27.07,27.24,27.51,26.8,26.31,26.23,25.6,26.41,25.55,26.26,25.83,26.25,25.81,25.98,25.46,25.71,25.89,26.09,25.65,26.34,25.62,26.55,26.13,26.19,25.93,26.38,26.4,27.08,26.37,26.88,27.32,27.23,26.38,27.65,26.54,25.95,25.42,25.32,25.89,26.21,26.21,25.09,26.25,26.11,25.62,25.78,26.29,25.04,25.87,25.36,25.94,25.56,26.55,25.49,27.08,25.55,26.73,26.34,26.37,26.29,26.43,26.13,27.54,26.73,27.11,26.71,27.03,26.65,24.55,26.5,25.51,26.02,25.75,25.98,25.57,25.69,25.82,26.36,25.24,25.23,25.25,26.09,25.19,25.92,25.75,26.43,25.83,26.0,25.68,26.67,26.2,26.69,26.04,27.65,26.45,27.15,26.33,27.05,27.98,27.08,25.78,25.16,26.23,25.32,26.72,24.91,26.2,26.16,26.75,25.65,25.87,25.94,25.8,25.49,26.25,25.62,26.17,25.67,26.06,25.82,26.78,26.14,26.57,25.85,26.69,25.69,27.19,26.43,27.09,26.21,28.39,25.41,25.26,25.8,24.94,26.29,25.68,26.65,25.3,26.06,25.4,26.0,26.04,25.96,25.74,26.01,25.42,26.04,25.95,26.05,25.74,26.46,26.38,26.49,26.52,26.68,26.49,26.7,26.45,27.15,26.91,27.68,27.39,26.05,24.79,25.18,26.0,25.74,26.04,25.84,26.09,25.73,26.13,24.91,26.28,25.49,26.13,25.66,26.5,25.43,25.86,26.27,26.17,25.79,26.18,26.28,27.06,26.12,26.14,25.69,27.11,27.0,27.27,26.65,28.22,26.34,26.05,25.71,25.43,26.25,25.43,26.02,25.9,26.21,25.68,25.47,24.46,25.86,25.84,25.68,25.78,26.39,25.96,26.69,25.89,26.69,26.48,26.48,26.0,26.14,25.44,26.09,25.4,27.26,26.67,27.28,26.31,27.31,27.54,25.16,26.27,25.48,26.37,25.29,26.64,25.44,26.4,24.95,25.33,25.99,25.95,25.65,26.06,25.9,25.78,25.3,26.19,25.45,26.32,25.5,27.32,25.64,25.7,24.82,26.23,25.78,27.58,27.58,28.93,26.5,25.95,26.23,25.75,26.14,25.13,26.11,26.06,25.46,25.87,25.22,24.79,26.53,24.86,25.51,25.51,26.18,25.33,25.62,25.02,26.7,26.52,26.2,25.75,25.73,25.84,25.54,25.46,26.4,26.54,28.24,29.27
2020-06-29 16:09:07.3369,0,25.4,26.18,25.48,25.55,24.8,25.05,24.73,25.45,25.51,25.96,27.14,27.49,29.65,28.13,26.57,26.41,26.41,26.45,25.93,26.0,26.01,26.46,25.85,26.62,26.71,26.7,26.92,26.27,27.29,27.86,25.56,30.86,26.39,26.99,24.69,25.17,24.13,24.48,24.71,24.48,25.26,25.93,26.34,26.84,29.21,28.7,26.65,26.73,25.66,26.04,25.98,26.48,26.05,26.52,25.61,26.09,26.93,26.83,25.94,26.28,27.66,27.69,26.73,30.79,27.83,25.55,25.68,25.73,25.04,24.65,24.67,25.15,25.61,24.99,25.79,26.64,27.37,28.02,27.41,25.78,25.54,25.74,25.51,26.02,26.16,25.85,26.04,25.79,26.93,26.64,26.49,26.92,26.65,26.72,25.98,28.62,26.25,26.39,24.8,24.9,24.44,25.42,24.44,24.89,25.26,26.03,25.24,25.76,28.05,27.21,26.59,25.96,25.87,25.87,26.18,26.2,25.58,25.85,26.45,26.29,25.93,25.89,26.36,26.42,26.56,26.48,27.64,26.65,26.62,26.54,25.46,24.71,24.89,24.85,25.2,24.83,25.03,25.07,25.53,24.94,25.29,26.09,25.66,26.02,25.64,25.49,25.69,25.45,26.13,26.04,26.15,25.95,26.3,25.97,26.38,26.69,27.23,26.56,25.91,27.78,26.26,25.45,25.55,25.62,24.72,24.88,24.9,25.47,24.95,24.93,24.92,25.21,24.89,25.93,25.7,25.44,25.29,25.51,25.96,25.81,26.38,26.0,26.59,25.73,26.78,26.37,26.2,25.65,26.11,26.37,26.86,26.48,26.11,25.86,24.76,24.54,25.67,25.79,25.73,24.87,24.88,25.58,24.8,25.34,24.61,25.12,25.22,25.15,25.14,26.0,25.81,25.46,26.35,26.47,25.81,26.36,26.54,26.42,26.09,26.43,26.9,26.19,26.78,26.04,26.53,25.97,24.71,23.89,25.09,25.12,25.19,24.99,25.55,25.54,25.39,24.99,24.97,25.44,25.93,25.44,25.15,25.21,25.83,25.99,26.41,26.36,25.74,26.72,26.86,26.66,26.79,27.13,26.85,26.28,26.46,26.43,26.21,25.71,25.07,25.7,25.63,25.07,24.99,24.99,25.08,25.65,25.59,25.61,25.16,25.13,25.84,25.7,25.27,26.1,25.88,25.89,25.33,26.06,25.72,26.73,26.8,26.17,26.52,26.75,26.82,27.39,26.72,27.35,26.18,26.01,25.79,25.15,25.48,25.51,25.73,25.6,25.38,25.84,25.88,25.32,25.2,25.58,25.63,26.29,25.75,25.41,25.81,25.72,26.19,26.16,26.76,26.7,26.66,26.11,26.88,26.91,26.9,26.87,27.77,27.11,26.98,27.24,25.78,25.32,25.61,25.94,25.62,25.24,25.54,25.82,25.48,25.17,24.94,25.21,25.89,26.21,25.78,25.87,26.06,26.04,26.29,26.15,25.74,25.81,26.53,26.4,26.29,26.54,26.59,26.49,26.92,25.73,24.23,26.43,25.72,25.7,26.21,25.32,25.69,25.74,25.16,25.95,25.11,25.76,24.9,25.6,26.01,26.02,25.95,25.75,25.82,26.01,26.33,26.36,26.24,26.9,26.39,26.8,26.89,26.76,27.11,26.86,26.78,27.18,25.98,25.12,25.75,25.81,25.81,25.51,25.15,25.77,25.75,25.47,25.21,25.64,24.99,25.29,26.21,26.09,26.2,25.73,26.07,25.71,25.77,26.15,26.47,26.46,26.64,26.23,26.45,26.41,26.92,26.9,27.29,26.57,26.0,26.46,25.83,25.73,25.69,25.3,25.53,25.53,25.8,25.71,25.22,25.37,25.33,26.12,25.84,26.03,25.92,26.26,25.88,25.98,25.62,26.22,25.84,26.23,26.78,26.64,27.26,26.58,27.25,27.5,27.12,27.6,26.08,26.02,25.21,25.44,25.6,25.76,25.29,25.35,25.49,25.67,25.56,26.48,26.03,25.91,25.77,26.09,25.88,25.36,25.69,26.14,25.94,25.36,26.18,25.87,26.8,25.87,26.37,26.82,27.37,27.36,27.07,27.67,25.73,25.96,26.07,25.75,25.6,26.19,25.42,25.12,25.71,25.49,26.08,25.87,25.61,25.89,26.08,26.03,26.24,26.09,26.17,26.03,25.89,26.03,25.96,26.61,26.74,26.49,26.62,26.67,26.65,26.82,27.48,26.71,26.32,25.24,25.32,25.57,25.93,25.81,25.71,25.63,25.55,25.39,25.68,25.55,25.34,25.77,25.36,25.64,26.04,25.68,26.08,26.09,26.57,25.61,26.24,26.37,26.18,25.59,26.27,26.59,27.03,27.41,26.89,26.85,26.28,25.09,25.05,25.51,25.73,25.75,25.6,25.32,25.69,25.71,25.93,26.09,25.43,25.75,25.2,25.69,25.82,25.65,25.94,26.54,26.1,26.1,26.77,26.31,26.22,25.92,26.72,26.31,26.7,27.7,26.53,27.63,26.51,25.22,25.33,26.71,25.18,25.87,25.44,25.94,26.51,25.94,25.54,25.65,25.31,25.38,25.79,25.84,25.93,25.75,25.99,26.06,26.14,26.13,25.8,26.34,26.23,26.44,25.69,26.33,27.36,26.78,27.12,26.91,25.99,24.89,25.12,24.94,25.56,25.4,25.86,25.83,25.94,25.64,25.54,26.15,25.53,25.74,25.69,26.26,26.04,26.16,25.83,25.74,26.57,26.38,26.14,26.52,26.17,26.49,26.27,26.16,26.52,26.76,26.96,27.2,27.29,25.98,24.26,24.77,25.9,25.58,25.27,25.24,25.73,25.49,24.91,25.32,26.4,25.56,25.89,26.28,25.88,25.64,26.05,26.28,26.26,26.3,25.9,26.69,26.65,25.86,26.9,26.03,27.01,27.1,27.43,27.82,25.92,25.64,26.08,25.26,25.77,26.52,25.29,25.9,26.08,25.17,24.85,25.82,24.93,25.16,25.9,25.89,26.27,25.85,25.54,26.12,25.97,26.12,25.84,26.0,25.87,26.41,25.78,26.99,26.1,27.54,26.67,26.97,26.07,25.33,24.96,26.46,24.8,25.53,25.13,25.72,25.86,25.29,24.95,25.19,25.36,25.32,25.52,25.81,25.78,25.29,25.43,26.06,25.58,26.32,26.46,26.76,25.79,25.55,25.32,25.2,26.51,26.46,27.82,28.36,27.33,27.16,26.23,25.56,25.1,24.62,25.3,25.27,25.89,25.44,24.94,25.07,25.49,25.12,25.76,25.51,25.43,25.83,25.49,26.32,25.66,26.92,25.91,26.34,25.28,25.99,26.38,25.99,26.21,27.69,27.17,28.62
2020-06-29 16:09:07.4651,0,25.76,25.62,25.87,25.88,23.91,24.55,24.44,25.15,25.7,25.53,26.44,27.79,29.53,29.73,27.53,26.96,25.62,24.73,25.68,26.71,25.18,25.62,26.04,26.18,25.94,26.24,26.98,27.11,26.45,27.44,25.43,33.25,27.07,22.71,26.13,23.98,24.37,24.54,24.92,24.7,25.14,24.77,26.91,26.31,28.57,27.94,28.46,27.13,25.67,25.92,26.52,25.83,25.92,25.29,26.51,26.12,26.49,26.71,26.53,25.61,27.12,26.61,30.92,28.96,25.38,26.15,24.76,26.19,23.89,23.69,24.24,25.63,24.38,24.87,23.95,25.49,27.25,27.9,27.89,28.15,25.19,25.49,26.12,25.9,25.29,25.35,25.38,26.49,24.93,25.92,25.72,26.46,25.99,25.83,26.14,28.83,26.12,25.61,25.25,24.97,25.29,24.33,24.76,25.21,24.33,24.98,24.73,25.76,26.77,26.74,27.97,26.07,25.51,25.87,25.59,25.25,25.34,24.99,26.46,25.77,26.36,25.91,27.17,25.64,26.08,25.99,27.27,27.1,25.02,26.41,24.79,24.93,24.62,25.18,25.08,25.52,24.4,24.95,24.81,25.41,25.06,26.08,25.32,26.23,25.52,25.48,25.69,25.67,25.2,25.57,25.79,26.2,25.38,25.71,26.12,26.71,25.65,26.1,25.79,27.21,25.92,25.14,25.42,25.16,24.59,24.01,24.91,24.55,25.2,24.2,25.14,24.63,24.77,24.62,25.58,25.11,25.59,24.97,25.84,25.91,26.04,25.99,25.88,25.98,25.75,25.46,26.5,26.27,25.82,25.76,27.31,25.95,25.42,25.17,24.47,24.74,24.24,24.97,24.56,25.65,24.77,24.88,25.56,25.22,24.39,24.68,24.9,25.03,24.92,25.07,25.59,25.96,25.27,25.92,25.58,26.12,25.45,26.3,26.11,26.73,25.86,26.7,26.31,27.22,26.03,25.31,25.55,24.74,25.11,25.41,25.57,25.0,25.19,24.86,25.48,24.87,24.95,24.72,26.21,25.12,25.42,25.09,26.01,25.98,26.08,25.62,26.93,26.03,26.15,26.3,26.79,26.18,26.57,25.54,27.2,26.49,26.09,25.59,24.48,26.04,25.37,25.61,25.12,25.73,25.76,24.87,25.37,25.49,24.85,25.29,25.62,25.96,25.25,25.5,25.57,26.35,25.11,26.13,26.14,26.5,25.54,26.52,26.02,26.62,26.13,26.37,26.6,27.39,26.05,24.51,25.35,24.41,24.4,24.73,25.24,25.0,25.25,25.3,25.76,25.61,24.5,24.6,25.97,25.7,25.34,24.91,25.97,25.41,25.97,25.84,26.53,26.37,25.98,26.58,26.76,26.4,26.63,25.72,26.99,28.01,25.8,26.1,25.5,25.5,24.56,25.69,25.62,25.7,25.32,25.28,24.96,25.45,24.44,25.08,25.13,26.18,25.29,25.38,25.47,25.82,25.59,26.23,26.14,26.43,25.97,25.93,26.42,26.54,25.64,26.36,26.8,27.27,25.86,25.29,25.9,24.83,25.83,24.56,25.09,25.51,25.58,24.89,25.68,25.44,24.39,24.91,25.71,25.72,25.55,25.17,26.16,26.27,26.01,25.56,25.91,25.83,26.59,26.68,26.27,26.0,26.84,26.31,26.49,27.22,25.52,25.16,24.41,25.83,25.17,25.76,25.28,25.41,25.63,25.03,25.3,25.71,24.87,25.64,25.54,26.15,25.44,25.79,25.31,26.24,24.68,26.03,26.05,26.13,26.2,26.56,26.46,26.29,26.66,26.35,26.68,27.77,25.17,25.66,26.15,25.16,25.82,25.94,25.64,25.3,25.25,25.38,25.79,25.26,24.83,25.62,26.17,26.46,25.25,25.49,26.31,25.68,25.3,25.32,25.93,26.11,25.89,25.84,26.64,26.59,26.85,25.53,27.32,26.65,24.53,26.06,24.78,26.8,25.21,25.38,25.17,26.17,25.05,25.23,25.24,26.05,24.76,25.51,26.02,26.52,25.58,25.61,25.67,26.21,25.62,25.84,26.16,26.39,25.44,26.21,26.13,26.82,26.69,26.65,26.95,27.54,25.78,25.32,25.63,25.78,25.61,25.56,26.01,25.35,25.26,25.59,25.85,25.24,24.91,25.2,25.87,25.91,26.12,25.88,26.81,25.82,26.06,25.31,26.05,26.07,26.39,25.31,27.0,26.68,26.95,27.13,27.52,26.93,25.65,25.11,24.88,26.53,25.26,25.68,25.09,25.5,25.66,25.38,25.35,25.95,25.12,25.55,25.44,25.91,25.64,25.65,26.16,26.76,25.94,25.69,26.34,26.14,25.36,25.94,25.61,26.6,25.88,27.29,27.11,27.42,25.42,24.97,26.37,25.39,24.91,24.95,25.72,25.07,25.1,25.26,26.02,25.23,24.9,25.03,25.67,25.38,25.4,25.14,25.81,26.12,26.29,26.29,26.21,25.64,26.33,26.16,26.32,26.19,26.58,26.06,27.61,27.34,25.04,25.09,25.04,25.77,25.2,25.32,25.32,25.94,25.21,25.7,25.08,26.19,25.72,25.57,25.47,25.61,25.3,25.73,25.03,26.66,25.48,25.89,26.03,26.56,25.11,26.44,26.28,26.78,26.47,26.8,26.46,28.81,25.66,25.14,25.84,24.65,25.43,25.56,25.99,25.44,25.21,25.16,25.65,25.47,25.4,25.51,25.88,25.31,25.6,25.73,25.71,25.31,26.44,25.71,26.36,26.28,26.55,25.99,26.71,25.31,26.55,25.85,27.01,26.89,25.31,26.25,24.33,25.34,24.52,25.6,25.44,25.54,25.23,25.24,24.91,25.55,25.03,25.55,25.32,25.7,25.2,25.51,25.7,26.61,26.14,25.82,26.03,25.93,25.34,25.87,26.33,26.52,25.9,27.48,26.92,27.48,25.78,24.7,25.58,26.02,26.75,25.16,26.6,25.64,25.69,24.92,25.82,25.94,25.61,25.27,26.34,25.66,26.04,25.62,26.1,25.77,25.85,25.64,26.35,25.75,25.33,25.87,26.11,26.24,25.63,26.72,28.15,27.49,25.44,25.87,25.04,26.52,24.16,24.74,25.8,25.28,25.74,25.44,24.83,26.25,24.98,25.82,25.41,26.3,25.05,25.16,25.06,26.18,25.59,25.66,25.38,26.06,25.52,24.96,25.53,25.41,25.66,26.14,27.93,29.07,26.91,24.37,25.48,25.43,24.44,23.98,25.65,25.62,25.04,25.04,25.9,24.67,25.1,24.87,25.5,24.49,24.93,25.59,25.87,26.46,25.79,25.19,25.78,26.36,26.04,25.72,25.91,24.82,25.53,25.84,28.63,27.5
2020-06-29 16:09:07.5946,0,25.87,27.0,24.15,26.0,23.82,24.67,24.02,24.93,25.65,26.4,25.66,26.2,28.02,29.98,28.3,27.48,26.26,26.05,25.5,25.44,25.86,26.74,25.23,26.3,27.18,26.36,26.53,27.22,26.07,27.27,28.44,28.87,26.37,25.26,26.03,26.01,25.6,23.75,24.87,24.8,25.56,24.58,26.05,25.73,28.95,28.17,28.7,28.14,26.94,25.77,25.57,25.66,26.04,26.36,25.75,25.77,26.45,26.82,27.0,26.63,26.82,27.67,27.15,25.59,25.19,26.75,25.07,25.92,25.19,25.31,24.04,24.99,25.46,24.99,25.12,25.74,27.35,28.01,27.87,27.32,26.24,25.85,25.13,26.38,26.27,25.85,25.48,25.79,26.2,26.93,26.15,25.73,26.63,26.9,26.52,27.9,26.24,25.05,25.37,25.26,24.92,25.4,24.13,24.43,25.12,25.62,25.49,25.24,27.35,27.2,27.63,27.56,25.98,25.74,25.47,26.07,26.18,25.22,25.39,25.88,26.48,25.73,26.04,26.4,25.86,26.83,26.91,28.07,25.97,26.53,24.89,25.76,24.72,25.6,24.76,24.82,25.02,24.81,24.8,25.65,25.17,26.86,25.2,26.01,25.95,26.03,25.68,25.68,26.23,26.04,25.77,26.19,25.35,26.51,25.49,26.38,26.41,26.55,25.9,27.33,26.86,26.03,25.54,25.26,24.41,25.17,24.61,25.06,25.07,24.92,25.03,25.2,25.21,25.05,25.37,25.43,25.82,24.96,25.3,26.02,25.93,26.1,26.12,25.96,26.51,26.49,25.91,26.68,27.06,26.03,27.81,26.67,26.29,25.48,24.58,25.03,24.78,25.51,25.06,25.26,25.59,25.58,24.78,25.12,24.49,25.21,25.0,25.05,25.73,25.49,25.49,25.98,26.13,26.36,25.68,27.28,26.28,26.54,26.08,26.71,26.73,26.66,25.69,27.15,25.97,25.78,24.54,25.01,25.23,24.28,25.06,25.74,26.01,25.08,25.82,25.08,25.07,24.93,25.42,25.32,25.54,25.69,26.03,25.78,26.1,26.14,25.63,26.02,26.27,26.53,26.78,26.42,26.54,26.88,27.84,26.97,26.2,25.88,25.22,25.23,25.34,25.73,25.35,24.99,25.18,25.75,25.26,25.5,24.18,25.51,25.15,25.69,25.55,25.81,25.48,25.89,25.71,26.05,26.03,26.73,26.56,26.64,26.64,26.47,26.37,26.35,25.69,26.65,26.17,25.82,25.31,25.29,25.34,24.96,25.11,25.59,25.48,25.18,25.36,24.8,25.48,24.9,26.18,25.62,25.55,25.21,25.81,25.99,25.8,26.15,26.44,25.83,26.44,26.57,26.75,26.64,26.47,26.85,26.44,27.61,25.73,25.87,25.29,25.01,25.06,25.94,25.25,25.7,25.53,25.4,25.27,24.97,24.54,25.2,25.14,25.93,25.21,25.59,25.67,25.75,25.6,26.54,26.04,26.34,26.41,26.85,25.91,26.02,26.72,27.04,26.9,25.89,27.03,25.57,25.24,25.39,25.68,25.44,26.16,25.61,25.48,25.2,25.71,25.84,25.37,25.4,25.55,25.91,26.21,25.46,25.35,26.09,26.32,25.76,26.54,26.47,26.16,26.79,26.14,26.62,26.83,26.28,25.96,26.5,25.62,26.47,25.13,25.8,25.14,26.39,25.38,25.41,25.74,25.46,25.2,25.73,25.17,25.95,26.11,26.09,25.73,26.1,25.97,25.42,25.57,26.05,26.46,26.35,25.75,26.68,26.19,25.77,25.79,27.18,26.45,27.72,25.81,26.1,25.82,24.97,25.94,25.03,26.47,25.52,25.26,26.01,25.51,25.56,25.51,25.16,26.2,26.2,25.73,25.6,25.6,25.59,25.8,25.62,25.53,26.01,26.23,26.17,26.88,26.57,26.83,27.06,27.11,27.09,26.95,26.53,25.35,25.73,25.32,25.24,25.52,25.58,25.48,25.78,25.55,25.56,25.06,25.72,25.94,26.17,25.96,25.91,25.96,26.23,25.43,26.25,25.96,25.87,26.45,26.56,25.72,26.81,26.93,26.92,27.22,26.99,26.26,25.43,25.76,25.89,26.13,25.28,25.89,24.98,25.81,25.26,25.97,26.06,25.89,25.12,25.89,26.02,26.33,25.8,26.16,25.92,26.08,26.42,26.37,26.49,26.73,26.12,26.36,26.0,27.07,26.08,27.14,26.7,24.83,26.47,25.15,25.25,25.36,26.07,25.45,25.75,25.87,25.72,25.88,25.55,25.12,25.57,25.45,26.03,25.65,26.06,25.97,26.28,25.95,26.21,26.22,26.47,26.63,26.3,26.12,26.58,26.72,27.4,27.39,27.19,26.09,25.25,26.01,26.43,26.14,25.33,25.47,25.55,25.91,25.58,26.03,25.87,25.63,25.33,25.4,25.48,25.62,25.44,26.42,26.02,26.3,25.88,25.89,26.19,26.45,26.02,26.31,25.74,26.4,26.62,27.56,27.44,25.15,25.96,25.32,25.57,25.6,25.87,25.56,25.8,26.03,25.82,25.3,25.86,25.51,25.69,25.78,26.04,25.2,26.06,25.45,26.36,26.23,26.12,26.02,26.57,25.84,26.3,26.24,26.9,27.04,26.92,27.64,28.01,26.37,25.44,24.59,25.25,25.55,25.67,26.51,25.94,25.57,25.5,25.65,26.14,26.06,25.62,25.79,25.52,25.83,26.04,25.83,26.15,26.45,26.26,26.25,26.39,25.79,26.61,26.27,26.15,26.35,26.9,27.31,27.37,25.83,25.58,24.8,25.46,24.94,25.57,24.97,25.94,25.2,26.12,24.41,25.31,25.25,25.11,25.88,25.6,25.98,25.96,25.58,26.16,25.67,26.29,26.52,25.92,25.71,26.94,25.98,26.79,26.0,27.26,27.42,28.01,25.26,26.03,26.07,25.06,25.76,25.89,25.43,25.6,26.33,25.41,25.09,25.19,25.27,25.15,25.78,25.77,25.71,25.84,25.64,25.76,26.09,25.26,26.09,25.72,26.27,26.12,26.08,26.5,26.75,27.7,26.86,27.6,26.55,26.65,24.54,25.67,24.78,25.69,26.06,25.86,25.0,25.98,24.8,25.58,24.31,25.69,25.39,25.43,25.65,26.01,25.29,26.43,26.21,26.18,25.35,26.18,25.92,25.24,24.64,25.19,26.85,27.38,26.62,28.06,26.19,24.48,25.61,25.34,26.12,25.63,25.13,25.89,25.31,25.43,25.48,24.78,25.62,24.97,24.99,25.62,25.67,25.82,25.73,26.05,26.43,26.1,25.62,25.88,26.02,25.36,25.19,26.49,26.38,26.14,27.42,27.27
2020-06-29 16:09:07.7220,0,25.42,25.33,26.26,26.0,24.81,24.67,25.09,25.27,25.98,25.95,26.12,26.34,27.63,29.05,29.24,28.01,26.54,25.65,25.94,25.85,26.02,26.45,26.32,26.92,27.04,26.86,27.29,26.46,27.05,26.99,27.91,31.49,26.8,26.66,26.48,25.82,23.94,24.67,24.7,25.32,24.8,25.34,25.76,26.02,28.17,27.93,28.44,28.93,26.68,26.04,25.71,26.35,26.31,25.55,26.33,26.7,26.76,26.19,26.64,26.83,27.03,27.7,24.94,29.13,26.1,25.3,25.69,26.3,24.53,24.64,24.83,25.14,25.48,25.12,25.4,25.22,26.29,28.01,28.24,27.67,26.61,26.56,25.63,25.89,26.16,26.1,25.91,26.75,26.5,27.37,26.5,26.58,26.47,27.28,26.83,28.61,27.24,25.74,25.18,25.66,24.92,24.78,24.73,24.9,24.31,25.37,25.74,26.01,26.18,26.63,27.51,26.89,25.86,26.45,26.29,26.09,26.05,25.61,26.44,26.43,25.78,26.18,25.72,26.26,26.2,25.94,26.19,27.53,26.21,26.33,24.73,24.7,24.9,25.3,24.92,24.82,24.52,25.06,25.05,25.29,25.29,26.41,26.0,26.12,25.31,25.59,25.92,25.78,25.67,25.57,26.51,26.44,25.9,25.83,26.82,26.53,26.59,26.55,26.73,27.77,26.86,25.27,24.83,25.11,24.71,24.74,24.61,24.81,25.44,24.45,25.02,24.76,25.43,24.96,25.25,25.77,25.71,25.62,25.62,26.03,26.04,25.55,25.76,26.46,25.99,26.5,26.33,26.55,25.62,26.71,27.62,25.88,26.12,25.29,25.27,24.53,25.67,24.8,25.08,25.38,25.25,25.8,25.13,25.33,24.72,25.11,25.33,25.14,25.45,25.59,26.12,25.76,26.67,25.82,26.38,26.7,26.06,26.79,26.63,26.99,26.14,26.5,25.89,27.34,26.53,26.16,25.51,24.22,24.94,24.99,25.56,25.13,25.42,24.64,25.28,24.77,24.65,24.84,25.82,25.94,25.34,25.21,26.22,26.4,25.88,25.84,26.28,26.5,26.26,26.18,26.51,27.0,26.09,26.75,25.93,27.72,26.58,25.36,25.4,25.54,24.67,26.12,25.36,25.48,25.65,25.86,25.49,25.39,25.17,25.12,25.84,26.26,25.18,25.61,25.88,25.88,25.83,26.15,26.47,26.4,26.11,26.63,26.01,26.47,26.1,26.05,27.23,28.03,25.64,25.33,25.16,25.93,25.6,25.38,25.47,25.24,25.7,25.63,25.25,25.63,25.19,24.92,25.62,26.01,24.88,25.32,25.9,26.11,25.89,26.36,26.54,26.7,26.21,26.59,26.62,26.79,26.32,26.87,26.11,28.48,25.4,26.55,26.25,25.31,25.08,25.55,25.38,25.93,25.66,25.6,25.48,25.47,24.75,24.91,25.99,26.48,25.69,25.68,26.06,26.41,26.39,25.56,26.46,26.23,26.32,26.05,26.67,26.53,26.46,27.04,26.44,26.89,26.33,25.76,25.55,25.71,25.29,25.85,25.8,25.87,25.69,25.33,25.5,25.56,25.18,25.04,25.82,25.93,26.12,25.48,25.9,26.3,26.13,26.36,26.54,26.8,26.71,26.58,26.02,26.0,26.82,27.28,27.09,26.86,26.17,26.63,25.76,25.8,25.42,25.63,25.4,25.17,26.28,25.46,25.22,25.53,25.47,25.37,26.3,26.18,26.02,26.09,25.98,25.89,25.68,25.95,25.86,26.65,26.2,26.79,26.71,26.91,27.2,27.03,26.47,27.56,25.64,25.96,25.67,25.88,25.42,25.18,25.64,26.0,25.05,25.4,25.41,25.28,25.32,25.74,26.1,26.03,25.64,25.71,25.97,25.98,25.7,25.93,26.35,26.24,26.55,26.76,27.25,26.59,26.96,27.08,27.11,27.77,26.27,26.7,26.14,26.18,25.87,26.01,25.89,25.46,25.71,25.88,26.28,25.56,25.37,26.0,25.87,26.26,25.6,25.63,25.69,26.13,25.64,25.55,26.38,26.19,26.47,25.86,26.25,27.2,26.67,26.63,27.08,26.99,27.14,24.94,25.91,25.76,25.33,25.68,25.89,25.95,25.49,26.03,26.17,25.67,25.79,25.52,25.98,26.03,25.77,25.62,26.06,26.13,25.78,26.14,25.85,26.08,26.84,26.14,26.23,27.07,26.79,26.83,27.47,28.07,25.78,25.94,25.49,25.72,25.52,26.07,25.47,26.36,25.89,25.93,25.68,25.75,25.14,25.36,26.34,25.93,25.66,25.86,25.89,26.68,25.86,26.11,26.24,26.14,26.41,26.54,26.94,26.44,26.74,26.95,27.06,27.89,25.36,25.63,25.69,25.99,25.03,25.89,25.84,25.95,25.45,25.27,25.38,25.89,25.22,25.55,25.0,26.09,25.9,25.66,26.22,26.24,25.99,26.1,25.89,26.32,26.56,26.29,26.58,27.0,26.99,27.55,27.21,27.64,25.56,26.14,25.34,26.21,25.33,25.86,25.97,26.06,25.57,26.16,25.99,25.75,25.84,25.58,25.59,25.93,25.73,25.74,26.09,26.15,26.35,26.23,26.03,26.8,26.48,26.55,26.69,26.89,26.9,26.3,27.48,27.64,25.01,25.09,25.62,24.95,25.26,24.54,25.85,25.7,25.21,25.52,25.42,26.27,25.95,26.06,25.79,25.74,25.62,25.96,25.93,26.48,26.13,26.17,26.36,26.17,26.17,26.76,26.97,27.04,26.98,26.61,27.49,28.16,26.07,26.37,25.38,25.81,24.49,25.42,26.27,25.79,25.48,25.36,25.52,25.55,25.73,25.44,25.89,26.27,26.54,25.96,25.71,26.04,26.38,26.52,26.53,26.55,25.99,26.26,26.46,26.95,27.34,26.92,27.25,27.2,25.91,24.23,25.89,25.09,26.4,26.22,26.01,25.77,25.42,25.17,25.7,25.45,25.15,25.17,25.55,25.79,26.04,26.31,26.45,26.01,26.08,25.77,26.22,26.13,26.4,25.72,26.69,26.52,26.75,26.68,26.87,27.41,26.58,26.87,25.57,25.87,26.0,25.69,26.08,26.32,25.45,25.84,25.36,25.58,24.59,24.68,25.28,25.18,25.42,25.28,25.56,25.67,26.1,26.04,25.78,26.61,25.5,25.69,25.5,25.02,26.69,26.82,28.53,27.22,25.65,25.73,27.22,26.17,25.44,24.46,26.1,25.92,26.02,25.74,26.02,25.62,25.87,25.25,25.12,25.14,25.8,25.84,25.22,25.81,25.65,26.66,25.91,26.06,25.87,25.23,26.2,25.65,25.65,26.36,27.7,28.32
2020-06-29 16:09:07.8503,0,25.92,27.44,26.01,24.64,24.82,24.86,24.92,24.94,25.83,26.26,26.27,25.91,26.55,27.46,29.25,28.69,28.51,26.32,26.78,25.86,26.16,26.74,26.93,26.15,26.23,26.53,27.85,27.23,28.72,27.0,29.62,28.91,27.21,26.33,26.04,26.67,24.32,25.03,25.22,25.65,25.56,25.35,26.05,25.89,27.26,27.55,29.34,28.8,28.58,26.95,25.31,27.16,26.05,26.25,26.78,27.45,25.99,26.52,27.01,26.84,26.2,27.94,29.36,30.26,26.98,25.31,25.9,26.5,25.22,24.32,25.14,25.45,25.35,26.08,24.88,25.1,26.53,27.54,28.01,27.92,27.68,26.21,26.25,26.26,25.92,25.6,26.32,26.07,26.37,26.49,25.85,27.59,26.48,26.72,28.22,27.22,27.75,25.97,25.57,26.04,25.09,24.95,24.44,25.05,24.59,25.38,25.11,26.14,25.96,26.28,27.63,26.78,26.67,25.76,26.3,26.92,25.94,26.48,26.58,26.04,25.93,26.62,26.67,26.76,26.56,26.68,26.92,27.24,27.89,25.74,24.92,25.41,25.06,25.31,25.21,25.24,25.42,25.19,25.66,25.53,25.41,26.2,26.57,25.8,26.52,25.93,26.04,26.24,26.6,25.58,26.04,26.81,26.44,26.78,26.25,26.84,26.43,27.06,27.53,27.12,26.05,26.65,25.37,25.46,25.17,25.34,25.31,25.22,25.08,25.31,25.5,25.69,24.68,25.29,25.37,25.88,25.82,25.74,25.63,26.48,26.38,26.23,26.24,26.95,26.26,26.64,26.2,27.29,26.43,26.72,27.63,28.52,26.13,26.78,25.28,25.03,25.24,25.23,25.35,25.52,25.98,25.7,25.36,25.23,24.94,25.32,25.85,25.15,25.65,25.49,25.82,25.25,26.89,26.26,26.72,26.47,26.55,26.67,26.91,26.99,26.6,26.66,26.08,27.34,26.16,25.81,25.36,25.67,24.95,25.82,25.32,25.89,25.66,25.78,24.96,25.65,24.66,26.06,25.53,25.65,25.25,25.62,26.13,26.21,25.89,26.69,26.29,27.3,26.62,27.29,26.92,27.42,26.85,26.14,26.98,27.9,26.04,25.54,25.88,25.55,26.32,25.87,25.99,25.24,26.11,25.86,25.92,25.81,25.66,25.22,25.85,25.02,25.38,25.62,25.99,26.18,25.93,26.66,26.37,26.29,26.69,26.29,27.3,26.74,26.69,26.05,27.57,27.35,26.18,26.36,25.17,25.47,25.07,25.65,24.87,26.33,25.26,26.28,25.67,26.25,24.72,25.31,25.62,26.02,25.56,25.52,26.28,26.02,26.29,26.96,26.34,26.28,26.89,27.17,26.76,27.18,26.19,27.75,26.95,27.3,26.99,26.22,25.64,25.63,25.49,25.55,25.27,25.94,25.56,25.82,25.29,25.58,25.72,25.01,25.72,25.93,25.88,25.5,26.35,26.7,26.49,26.64,26.16,26.87,26.43,26.63,26.31,26.54,27.44,26.63,27.41,26.73,25.99,26.61,25.25,25.72,25.95,25.85,25.45,26.8,25.81,25.44,25.61,26.07,25.38,25.14,25.64,26.49,25.85,25.49,26.19,26.78,25.85,26.56,26.44,26.81,26.39,26.93,26.15,27.41,26.56,27.15,27.26,27.19,26.17,26.3,25.91,25.66,25.56,25.51,25.05,25.88,25.65,25.78,26.13,25.64,25.09,25.48,26.22,26.46,26.3,26.19,26.36,25.61,25.59,26.25,26.17,26.04,26.76,26.46,26.59,27.3,27.34,26.19,27.14,27.4,26.68,25.62,25.07,25.89,25.43,25.95,26.0,26.01,26.01,25.61,25.52,26.37,25.14,25.84,26.11,26.41,25.92,26.18,26.06,26.18,26.0,26.52,26.05,26.65,26.01,26.88,26.64,27.1,27.38,27.51,27.12,27.28,26.1,25.85,25.07,25.89,26.15,25.76,25.54,26.18,25.5,25.57,25.98,26.07,24.99,25.63,26.06,26.74,26.35,26.29,26.56,26.14,26.15,25.86,26.08,26.41,26.36,26.57,26.38,26.82,27.67,27.65,26.92,27.5,26.8,25.98,24.99,26.07,25.6,25.69,25.42,26.2,26.14,26.25,25.98,26.08,25.22,25.52,25.9,26.23,25.78,25.63,25.69,26.62,25.89,26.04,26.27,26.63,26.51,26.73,27.0,27.33,27.36,27.84,27.64,28.74,27.06,25.95,25.98,26.5,25.8,26.34,25.6,26.0,26.24,25.83,26.22,25.76,25.35,25.57,26.45,26.13,25.86,26.26,26.29,26.59,26.78,26.12,26.57,26.15,26.42,26.42,26.68,27.4,27.33,27.56,27.76,27.38,25.92,26.35,25.53,25.99,26.43,26.03,25.72,26.2,25.8,26.16,25.93,26.11,25.23,25.86,26.19,26.2,25.72,25.86,26.03,26.35,26.2,26.52,26.66,27.1,26.57,26.53,26.85,26.87,26.7,26.95,26.88,28.51,25.18,25.78,25.85,26.22,25.77,26.15,25.85,26.71,26.29,26.05,26.0,26.09,25.96,25.38,26.11,25.74,26.25,26.06,26.21,26.06,26.15,26.56,26.62,26.45,26.85,26.94,27.11,26.76,26.91,26.3,27.13,27.09,25.8,26.4,25.12,26.6,25.71,26.13,26.25,26.76,26.05,26.24,25.77,26.28,25.85,25.64,26.0,26.27,25.83,26.28,26.46,26.28,26.67,26.39,26.26,27.12,26.42,27.02,26.98,26.9,26.67,26.14,27.14,27.97,26.69,26.18,25.57,25.99,26.38,25.88,25.85,26.78,25.75,25.87,25.41,25.56,25.96,25.9,25.68,25.49,25.89,26.3,26.17,25.93,26.27,26.18,26.54,25.93,26.27,26.68,26.91,26.34,27.02,27.44,28.23,27.82,26.13,26.47,25.9,25.45,25.46,26.23,25.3,26.48,25.29,26.21,25.46,26.56,25.28,25.63,25.79,26.02,26.05,25.97,25.77,26.6,26.92,26.26,26.61,26.01,26.28,26.15,26.09,27.32,26.43,27.38,27.68,28.71,26.34,27.32,25.37,25.88,26.51,25.7,26.09,25.56,26.15,25.71,26.43,25.59,26.0,25.82,25.78,25.93,26.28,25.89,25.94,26.56,25.85,25.92,26.2,26.61,25.95,24.94,25.34,25.2,27.24,27.2,28.77,28.37,25.94,26.46,26.63,26.57,24.92,25.15,25.95,25.45,25.18,26.59,25.9,26.43,25.62,25.51,25.26,26.03,25.43,25.85,25.87,26.72,25.79,26.67,25.35,27.07,25.28,26.92,25.37,26.35,26.58,26.94,26.9,28.32
2020-06-29 16:09:07.9785,0,26.24,28.13,25.61,26.34,23.51,24.74,25.3,24.65,24.6,25.99,25.55,25.95,25.86,26.67,28.59,29.11,28.12,27.25,26.09,26.86,25.74,26.49,26.34,27.12,25.77,26.08,26.97,27.5,26.44,27.16,28.32,30.06,23.77,25.83,26.15,26.53,24.02,23.09,25.1,25.51,25.3,25.36,26.08,25.76,26.22,26.63,28.46,28.54,28.22,27.32,26.53,26.49,26.34,26.67,26.08,25.96,26.03,26.54,27.25,26.15,27.54,26.6,27.92,27.8,26.25,25.92,25.55,25.42,24.91,23.7,24.23,25.64,24.37,25.7,25.0,25.24,25.31,26.7,27.29,27.69,26.61,26.93,25.75,25.78,25.66,26.12,25.64,26.09,25.65,26.53,26.04,25.79,25.44,27.36,27.52,27.44,26.38,26.27,26.6,25.52,25.14,25.45,25.51,24.76,25.15,24.85,25.51,25.0,25.25,25.67,27.98,26.88,26.67,25.74,26.07,25.6,25.83,25.6,25.81,25.36,26.23,26.48,26.56,26.46,26.44,26.17,26.32,27.38,25.65,27.02,24.6,25.65,24.61,24.89,24.79,25.12,24.78,25.21,25.52,25.77,24.5,25.87,26.21,26.02,25.07,25.38,25.46,26.02,25.43,26.05,26.14,26.95,24.97,25.59,25.82,26.57,25.97,26.95,26.19,26.55,26.54,26.11,25.25,25.32,25.06,25.05,24.78,24.55,25.83,24.81,25.15,25.43,25.86,24.5,26.24,25.64,25.5,25.28,25.95,25.91,26.16,25.98,26.48,25.97,26.66,25.85,26.37,26.42,26.79,26.74,27.13,26.56,25.41,26.11,24.8,25.41,24.52,24.98,24.82,25.53,24.64,25.36,25.0,25.23,24.17,24.49,25.41,25.14,25.12,25.18,25.59,26.18,25.8,26.04,26.02,26.48,26.54,27.06,26.64,26.46,25.85,26.86,26.66,26.67,26.79,26.03,25.4,25.21,25.26,24.99,24.95,25.38,25.67,25.08,25.49,24.97,25.26,24.71,25.42,25.21,25.62,25.18,26.41,25.56,26.19,26.24,26.5,26.02,26.16,26.41,26.8,26.86,26.43,26.3,26.52,27.03,25.18,25.77,25.11,25.74,24.68,26.02,24.74,25.25,25.64,25.75,24.94,25.5,24.46,24.92,25.52,26.26,25.05,25.41,25.17,26.27,25.4,26.14,25.92,26.94,25.99,26.41,26.65,25.43,26.55,26.24,25.92,26.71,26.06,25.54,25.52,25.02,25.36,24.72,25.25,25.48,25.7,25.18,25.35,25.4,24.61,24.69,25.79,25.88,25.92,25.47,25.98,25.88,25.59,26.23,26.33,26.14,25.99,26.1,26.14,26.79,26.93,26.59,27.33,27.15,25.79,26.11,25.5,25.51,25.08,25.57,25.85,25.24,24.98,25.5,24.85,25.56,24.72,25.0,25.49,25.92,25.56,26.04,25.66,26.12,25.68,26.53,26.34,26.34,26.52,26.4,26.29,27.06,25.91,27.22,26.79,27.45,26.22,26.47,26.06,25.73,26.1,25.59,25.69,25.85,25.7,25.82,25.89,25.73,25.55,25.1,25.81,25.71,26.1,25.44,26.17,25.98,26.12,25.94,26.23,25.82,26.16,26.11,27.26,27.02,27.4,26.59,26.66,27.86,25.33,26.53,25.47,25.69,25.42,25.52,25.27,26.11,25.41,25.67,25.09,25.23,24.58,25.74,25.72,26.53,25.52,25.9,26.13,26.63,25.26,25.84,25.94,26.14,25.74,26.92,26.45,26.55,26.65,26.5,26.83,27.78,25.88,25.82,26.16,25.6,25.57,25.05,25.65,25.64,26.01,25.16,25.4,24.75,25.03,25.8,26.09,26.0,26.26,25.39,26.14,25.76,25.79,25.41,26.24,26.52,26.23,26.86,26.9,25.95,27.55,26.66,27.33,26.97,26.13,25.9,25.08,26.07,25.34,26.04,25.4,26.18,25.36,25.46,25.64,25.76,24.95,25.42,25.83,26.35,25.66,25.8,26.14,26.5,25.52,25.55,25.53,26.4,26.0,27.03,26.37,27.09,26.68,27.24,26.94,27.55,26.5,26.01,26.11,25.62,25.35,25.03,26.02,25.59,25.7,25.47,25.87,25.64,25.21,25.1,25.88,26.0,25.76,26.06,26.72,26.19,25.38,25.71,25.95,26.17,26.4,26.25,26.89,26.81,26.96,26.55,27.53,27.09,24.9,26.19,26.0,25.14,25.39,26.09,25.96,26.01,25.54,25.5,26.09,26.07,25.11,25.95,25.92,26.22,25.63,25.66,25.66,26.87,25.83,26.82,25.68,26.47,25.59,26.19,26.14,26.88,25.87,27.89,26.76,27.95,25.8,25.32,26.06,25.69,25.76,24.81,25.86,26.19,25.69,25.91,25.92,25.65,25.11,25.72,25.88,25.37,25.41,25.53,25.43,26.41,26.3,25.77,26.66,27.07,25.75,25.67,27.0,26.73,26.73,26.66,27.28,27.85,24.45,25.29,25.37,25.46,25.63,26.18,25.71,25.82,25.09,25.48,25.41,26.09,25.19,25.16,25.36,26.55,25.19,25.84,26.07,26.15,25.69,26.66,25.32,26.46,26.1,27.33,25.99,26.93,26.15,26.81,27.17,27.9,26.25,24.76,25.51,25.8,25.59,25.56,25.87,25.7,26.06,25.75,26.22,25.69,26.48,25.51,25.99,25.93,25.61,25.83,26.14,25.83,26.77,25.37,26.72,26.27,25.93,26.24,26.44,26.47,26.87,26.94,27.92,28.58,25.71,26.06,24.87,26.22,24.98,26.38,25.57,25.55,24.83,26.26,25.51,25.44,24.22,25.34,25.87,25.94,24.86,26.07,25.47,26.28,25.9,26.3,26.53,26.57,25.86,25.88,26.47,26.68,25.89,26.98,27.69,27.9,27.07,26.32,26.33,24.41,25.65,25.93,26.18,25.49,25.83,24.52,25.35,25.57,25.74,25.15,25.9,26.0,25.71,25.95,26.34,25.99,25.74,25.88,26.87,26.26,25.89,25.87,26.28,27.02,26.48,27.06,27.96,27.48,25.43,25.88,25.82,25.95,24.49,25.58,25.47,25.91,25.31,25.59,24.96,26.0,24.59,25.58,25.27,26.07,25.66,25.78,25.8,26.19,25.71,25.94,25.92,25.65,25.08,26.19,25.52,25.94,26.02,26.53,27.21,29.64,26.36,25.09,25.9,25.42,25.84,25.0,26.14,25.62,25.05,25.45,25.78,25.75,26.15,25.12,26.14,25.89,25.81,25.58,26.26,25.93,26.19,25.45,26.35,26.35,25.76,25.4,25.59,26.37,26.09,26.22,28.38,29.13
2020-06-29 16:09:08.1065,0,26.38,25.33,23.9,25.32,24.79,24.48,24.2,25.44,26.12,26.4,25.37,25.47,25.84,26.51,27.63,28.55,28.36,27.49,26.34,26.27,26.85,25.88,25.85,26.76,25.89,26.02,26.16,26.07,27.75,28.13,26.73,30.83,25.97,27.32,27.15,24.95,25.05,23.76,24.87,24.64,25.1,26.21,24.91,25.18,26.06,25.82,28.19,28.01,27.82,27.69,26.64,25.4,25.9,25.4,26.48,25.02,26.92,26.66,27.0,26.27,26.61,26.73,28.04,27.37,25.5,26.03,24.27,26.11,25.03,25.31,24.04,25.29,24.63,24.99,24.59,25.61,25.67,25.96,26.57,28.03,27.54,26.56,26.11,25.77,25.4,26.35,25.63,26.06,26.35,26.19,25.83,26.75,26.28,26.9,26.25,28.26,26.99,25.29,25.76,25.46,25.25,23.95,24.73,24.44,24.85,24.43,24.98,25.25,25.48,25.19,27.28,27.22,27.0,26.78,26.53,25.48,26.29,25.72,26.18,25.08,25.92,26.45,25.72,26.08,26.38,25.92,27.15,26.35,25.13,26.33,24.72,25.23,24.57,25.15,24.48,25.09,25.02,24.56,24.8,24.94,24.95,25.64,25.66,25.9,26.17,25.59,25.8,26.01,26.12,25.92,25.41,25.94,26.42,27.04,26.23,27.59,26.58,26.21,25.91,27.99,26.04,25.65,25.89,23.71,24.71,24.88,24.89,24.4,25.32,24.56,25.03,24.97,25.21,24.73,25.37,25.33,25.5,25.29,26.49,25.58,25.93,25.99,26.35,25.97,26.13,26.49,26.48,26.39,25.62,25.7,26.28,26.88,25.14,25.66,24.75,25.19,24.93,25.64,24.68,25.38,25.0,25.46,24.57,26.0,24.29,24.7,25.52,24.94,25.33,25.79,25.4,26.18,26.13,26.04,25.8,26.0,26.05,26.67,26.49,26.71,27.04,26.97,26.6,27.15,25.97,25.97,25.03,24.05,24.65,25.25,25.56,24.22,25.54,25.08,25.38,24.65,24.96,25.23,25.52,24.93,25.34,25.7,25.92,25.68,25.99,26.35,25.52,26.48,26.27,26.29,26.12,26.84,26.69,26.73,27.15,26.43,26.02,25.36,25.23,24.91,25.07,25.06,24.48,26.09,25.41,25.64,25.58,25.29,24.77,25.61,25.16,25.79,25.84,25.62,25.87,25.98,25.91,26.45,26.35,26.4,25.64,26.63,25.87,26.87,26.24,26.05,26.2,27.51,26.35,24.97,25.63,24.37,25.47,25.5,24.99,25.47,25.04,25.84,25.36,25.72,25.1,25.29,25.43,25.9,25.36,25.4,25.99,25.61,25.8,26.05,26.54,25.51,26.43,26.1,26.5,26.64,27.03,26.86,27.11,26.77,26.79,26.04,24.99,25.77,24.93,24.64,25.01,25.82,24.99,25.29,24.36,25.47,24.45,25.58,25.89,26.21,25.03,25.77,25.77,25.55,25.99,26.24,25.83,26.34,25.64,26.51,26.16,26.79,27.28,26.76,26.58,26.39,25.81,25.58,25.71,25.85,25.03,25.32,25.33,25.27,25.91,25.94,25.31,25.25,25.08,24.93,25.91,26.01,25.94,25.65,25.81,25.62,26.22,26.25,26.34,26.47,26.05,26.11,26.63,25.73,26.82,26.85,26.61,27.33,26.32,26.8,25.89,25.95,25.54,25.5,24.66,25.29,25.74,25.57,25.2,25.73,25.26,25.57,25.92,26.36,25.55,25.82,25.6,26.08,25.67,26.05,25.64,26.14,26.19,26.68,26.2,26.4,26.07,26.47,27.28,27.72,25.12,25.26,26.27,25.13,25.68,25.29,25.99,25.06,25.69,25.91,25.51,24.97,24.94,25.54,26.1,25.93,26.0,25.97,26.42,26.34,25.03,26.02,25.94,26.12,26.33,26.41,26.88,26.83,26.55,26.78,27.43,26.43,25.9,24.97,25.05,25.28,25.46,25.76,25.4,25.82,25.8,25.67,25.35,25.87,25.55,25.81,25.29,26.64,26.06,25.72,25.78,26.61,25.33,25.85,25.44,25.97,26.23,26.33,25.47,26.68,27.5,27.49,26.73,27.83,25.9,25.44,25.76,24.99,26.27,25.28,25.65,25.35,25.81,25.7,25.87,25.76,25.41,25.51,26.45,25.93,26.24,25.89,26.25,26.12,25.78,26.32,25.75,26.18,26.39,26.48,26.86,26.4,26.64,27.1,26.98,26.19,25.39,25.41,24.83,25.25,25.51,25.8,25.2,25.87,26.1,25.93,25.13,25.75,25.73,25.46,25.55,26.23,26.13,25.87,25.88,26.38,26.15,25.8,25.79,26.03,26.17,25.58,25.73,26.44,26.87,27.25,26.36,27.71,26.46,25.08,25.52,25.34,26.0,25.2,25.72,25.56,25.22,25.48,25.49,25.45,25.42,25.24,25.49,25.78,25.71,25.45,25.83,25.63,26.5,26.19,26.55,25.75,26.56,26.88,26.31,27.12,26.4,26.78,27.39,26.58,25.54,25.77,24.99,26.05,25.75,25.44,25.56,25.8,25.44,25.46,25.53,25.64,25.62,25.37,25.89,26.04,26.02,25.95,25.77,26.67,26.34,26.45,25.9,26.68,26.34,26.55,26.53,26.61,27.81,26.45,26.2,27.64,26.17,25.26,25.62,25.26,25.41,25.53,25.98,25.55,25.93,25.51,25.76,25.92,25.42,25.41,25.79,25.0,26.75,25.64,26.35,25.63,26.02,26.59,26.25,26.16,26.42,26.74,25.98,26.45,26.51,26.91,27.67,26.63,26.87,26.17,25.55,26.16,25.42,25.26,25.55,25.8,25.47,25.61,25.14,25.19,25.26,26.0,25.54,25.59,25.98,26.07,25.59,26.27,25.9,25.58,26.27,26.17,25.98,26.26,25.69,26.79,26.17,26.92,27.23,27.2,25.69,26.25,25.89,25.25,25.92,25.74,26.0,25.75,25.55,25.81,24.96,25.44,25.04,25.5,25.89,25.54,26.15,25.5,26.22,25.88,25.37,26.72,26.09,25.6,25.59,25.01,26.69,25.72,27.08,26.66,27.27,26.52,26.81,26.43,25.75,25.67,25.13,25.69,25.75,25.09,25.99,25.56,25.21,25.32,25.22,25.06,24.9,25.06,25.9,25.89,25.8,26.93,25.96,26.18,26.04,26.61,25.34,25.08,24.82,25.53,25.6,26.45,27.34,28.91,27.32,25.47,26.42,26.54,24.39,25.3,25.78,25.43,25.02,25.86,26.16,25.33,25.1,25.49,25.37,24.99,24.92,25.45,25.99,26.19,25.39,25.84,25.9,25.89,25.57,25.37,25.53,24.94,25.83,26.92,26.62,27.3
2020-06-29 16:09:08.2347,0,28.84,27.01,27.04,25.77,24.62,24.48,23.87,25.27,25.99,25.64,25.39,25.76,25.86,26.1,27.65,29.21,28.77,27.36,27.05,25.85,26.02,26.02,26.32,26.14,26.39,26.19,26.93,27.61,27.53,28.7,27.33,28.9,25.98,26.32,25.13,24.97,25.05,24.32,24.36,25.16,26.15,24.9,25.9,25.62,25.93,25.97,27.41,28.55,27.69,27.58,26.51,26.49,26.45,25.56,25.3,25.8,26.61,26.68,26.11,26.84,25.99,26.75,29.35,29.12,25.52,25.79,24.7,26.69,25.22,24.31,24.37,25.59,25.07,25.26,25.4,24.96,25.07,25.83,26.1,27.55,28.49,27.04,26.0,25.89,26.04,25.97,25.64,26.34,26.22,26.48,26.5,27.42,26.66,26.52,27.39,27.21,25.74,26.84,25.18,25.85,24.92,23.97,24.58,25.49,24.72,24.85,25.23,25.52,25.6,24.97,26.47,26.78,27.46,26.46,26.06,26.33,25.93,26.11,26.18,26.17,25.78,25.75,26.2,26.43,26.55,26.86,26.19,26.37,26.42,25.93,24.56,25.41,24.9,25.6,24.93,25.37,24.78,24.68,25.18,24.93,25.08,25.3,26.23,26.45,25.86,25.48,25.81,25.78,26.02,25.8,25.91,26.19,26.04,25.83,25.52,26.98,26.92,26.38,26.33,27.33,25.64,25.67,25.01,25.8,24.56,25.93,24.89,24.95,25.07,25.31,25.37,25.8,24.78,25.84,25.47,25.45,25.6,26.05,25.95,26.48,25.93,26.01,26.46,26.47,25.99,26.77,26.05,27.0,25.78,27.37,28.0,27.31,25.93,26.59,25.44,24.53,25.1,25.64,24.96,25.25,25.02,25.35,25.25,25.22,24.83,25.11,25.23,25.45,25.15,25.69,25.92,26.18,25.61,26.14,26.72,26.47,26.31,26.16,26.37,27.27,26.3,26.97,26.79,26.59,24.84,26.35,25.68,24.39,24.94,25.13,25.56,25.89,25.42,25.67,25.38,25.33,24.76,25.25,25.62,25.75,25.53,25.82,26.32,25.9,26.61,26.27,26.5,26.96,26.38,25.94,26.38,26.72,26.39,26.29,26.97,27.18,26.4,24.66,24.93,25.85,25.09,25.19,25.37,25.97,25.77,25.2,25.71,25.6,25.46,25.31,26.04,26.17,25.86,25.42,25.79,26.08,25.73,26.05,26.69,26.61,26.24,25.92,26.53,26.6,27.4,26.19,26.22,27.34,26.17,25.85,26.4,25.32,25.2,25.78,24.74,25.37,25.59,25.32,25.77,26.05,24.52,25.21,25.43,26.02,25.36,25.61,25.9,26.4,25.7,26.56,26.85,26.5,25.98,26.36,27.13,26.66,26.47,27.6,25.78,27.64,26.64,25.7,25.79,25.47,25.35,25.42,25.51,25.93,25.34,25.5,25.29,25.17,25.24,25.38,25.81,26.48,25.79,25.77,26.16,26.12,26.59,26.44,26.57,26.55,26.43,26.39,26.67,26.79,26.88,25.48,25.95,27.06,25.46,25.77,25.71,26.17,25.94,25.85,26.04,25.41,25.8,25.44,25.6,25.47,25.18,25.61,25.82,25.94,25.57,25.85,26.09,25.83,26.03,26.37,26.33,26.38,26.49,26.7,27.0,26.39,26.69,26.31,27.09,26.7,26.34,25.96,25.61,25.21,25.82,25.12,25.29,25.52,25.76,25.04,25.83,25.43,25.09,25.75,26.31,26.18,26.12,25.82,26.17,25.98,25.59,25.36,25.76,26.24,26.32,26.34,26.96,26.91,27.06,27.03,27.63,27.39,25.99,25.96,25.97,25.15,25.16,25.57,25.28,25.55,25.37,25.09,25.61,25.58,25.41,25.56,26.01,26.22,25.73,26.08,26.06,26.27,25.12,25.74,26.35,26.35,26.0,26.65,26.5,26.72,27.1,26.66,27.43,27.94,26.27,26.01,25.69,25.73,25.74,25.63,26.02,25.82,25.5,25.98,25.27,26.37,25.18,25.81,25.78,26.36,25.89,25.63,26.27,26.51,25.75,25.85,26.19,26.29,26.36,26.21,25.87,27.33,27.24,26.92,26.75,27.5,26.08,26.15,25.91,25.76,26.13,25.95,25.89,25.72,25.7,25.72,25.97,25.67,25.22,26.0,26.45,25.95,25.68,26.01,26.35,26.04,25.88,25.34,25.75,26.84,26.28,26.27,26.74,26.55,26.79,26.83,27.64,26.89,25.96,25.23,25.17,25.56,24.83,25.67,26.09,26.11,25.78,25.49,25.9,25.75,25.35,25.46,25.86,26.13,25.57,25.77,25.99,26.18,25.76,26.21,26.14,26.47,26.42,26.42,26.28,26.85,26.3,26.8,27.58,27.89,25.36,25.28,26.01,25.83,26.28,25.9,25.21,26.08,25.45,24.94,25.81,26.74,25.12,25.66,25.29,26.69,25.42,25.57,26.42,26.55,26.5,26.52,26.44,26.21,26.33,26.29,26.71,26.73,26.84,26.95,26.52,27.3,26.33,24.09,25.34,25.4,25.19,26.84,25.85,26.32,26.17,25.81,26.11,26.52,25.85,25.58,25.6,26.24,26.04,26.25,25.68,25.94,25.93,26.44,26.15,26.56,26.61,27.19,26.27,26.46,27.06,26.92,27.49,27.64,26.18,24.53,25.79,25.45,24.97,26.27,26.25,25.57,25.81,26.24,26.1,26.05,25.73,25.32,25.68,26.17,25.72,25.76,26.14,26.17,26.34,25.62,26.36,26.65,25.79,26.25,26.97,26.76,26.98,26.77,27.85,28.35,25.44,25.38,25.75,25.81,25.12,26.03,25.85,26.35,25.62,24.98,25.89,25.31,25.39,25.55,26.01,26.15,25.67,25.63,25.83,26.73,26.27,26.17,26.16,25.67,26.13,26.26,26.31,26.48,27.02,26.57,27.44,28.01,25.7,25.05,25.15,25.8,25.13,25.45,25.86,26.34,25.02,25.82,25.7,25.46,25.27,25.51,26.12,25.68,25.37,25.75,25.3,26.37,25.49,26.14,26.34,26.4,25.59,25.87,25.77,26.53,26.59,27.21,27.07,28.28,26.08,24.2,25.17,26.65,26.0,25.36,25.3,26.02,25.17,25.7,25.1,25.84,25.75,25.68,25.17,25.68,25.31,25.16,26.19,25.8,25.72,25.78,25.78,26.18,25.66,24.93,25.0,25.88,26.34,26.45,26.89,27.22,27.05,25.25,27.23,26.76,26.64,25.15,26.26,25.45,25.02,25.6,26.02,25.35,25.36,24.87,24.87,25.39,26.05,25.72,25.99,26.21,26.17,25.73,26.05,26.2,25.27,25.85,25.87,26.52,26.02,25.59,26.9,29.3
2020-06-29 16:09:08.3625,0,24.03,27.16,25.34,25.0,24.35,23.88,25.21,24.9,25.94,26.09,25.35,25.61,26.24,26.24,26.69,28.55,28.62,28.01,27.85,26.13,26.27,26.59,26.44,26.59,26.67,26.5,26.67,25.64,27.65,26.86,26.87,27.08,27.77,25.06,25.05,26.36,25.38,25.14,25.01,24.78,24.94,26.2,26.19,26.0,26.2,25.69,27.42,27.63,27.96,28.32,26.78,27.27,25.63,26.22,26.03,26.36,26.12,26.3,26.07,26.77,27.17,27.81,27.76,29.24,25.93,25.2,25.81,26.06,25.5,24.45,24.95,24.52,26.01,24.85,24.99,24.97,25.8,25.48,25.97,26.74,28.14,28.35,25.75,25.29,25.66,25.6,26.03,26.2,26.04,26.18,25.96,26.72,26.95,27.61,27.5,27.71,25.88,26.08,25.32,25.59,25.72,24.41,24.42,24.87,25.13,25.09,25.12,25.38,25.73,26.03,25.79,26.2,27.02,27.25,25.49,26.56,26.07,25.97,25.26,26.01,26.2,25.86,26.02,25.39,26.52,26.61,27.06,25.9,26.95,25.47,25.58,25.19,25.17,25.74,25.04,24.55,25.53,25.33,25.89,25.07,25.3,25.44,25.45,25.37,26.3,25.95,25.93,25.58,26.36,26.06,25.29,26.33,26.28,25.97,25.92,25.6,26.54,26.52,26.44,26.36,26.19,25.38,25.86,25.4,25.31,25.01,25.03,25.6,25.95,25.05,24.93,25.57,24.7,24.75,24.96,25.56,26.27,26.06,24.78,25.93,26.4,26.12,25.42,26.1,26.52,26.88,25.76,26.37,25.92,26.83,27.38,27.22,26.05,25.8,25.55,24.84,25.5,25.22,25.59,25.65,25.13,25.14,24.92,25.25,25.15,25.14,25.55,25.49,25.16,25.01,26.24,26.31,26.15,26.17,26.04,25.79,26.66,26.55,26.08,26.28,27.17,26.95,26.19,26.17,26.67,25.0,24.84,25.14,24.79,25.38,25.45,25.12,25.91,25.66,25.31,25.44,24.59,25.66,25.56,25.66,25.47,25.53,25.66,26.01,26.44,26.59,26.53,26.95,26.75,26.66,25.86,26.7,26.38,26.4,26.77,27.83,25.43,26.02,25.2,25.68,24.79,26.13,25.6,25.86,25.88,25.45,25.61,25.53,25.19,25.16,26.05,26.11,25.87,25.65,26.38,25.53,25.94,25.98,26.16,26.1,26.12,26.3,26.9,26.35,27.08,26.63,27.18,26.27,26.49,25.96,24.83,24.97,26.01,25.76,25.13,26.2,25.51,25.75,25.08,25.44,24.94,25.32,25.57,26.32,25.87,25.34,25.84,26.32,26.42,26.18,26.68,26.28,26.9,26.12,26.76,26.77,26.46,26.7,26.75,27.58,26.05,26.01,25.59,26.52,25.6,25.3,25.02,25.49,25.34,25.64,25.5,25.4,25.16,25.33,25.83,25.88,25.62,25.81,25.52,26.54,25.93,25.89,26.58,26.36,26.43,26.53,26.29,27.56,26.85,26.9,26.55,26.87,25.78,26.05,25.69,25.98,25.43,25.71,25.34,25.52,25.94,25.55,25.34,25.48,25.6,25.62,25.59,25.95,25.98,25.59,25.95,26.42,26.55,26.48,26.16,26.49,26.95,26.81,26.16,26.37,26.96,27.12,26.91,26.64,25.94,26.94,25.26,25.05,25.28,25.0,25.64,25.43,25.98,25.49,25.33,25.57,25.49,25.7,26.42,26.31,26.04,25.58,26.19,26.31,26.18,25.59,25.77,26.79,26.76,26.93,26.7,26.54,26.76,27.45,26.75,27.37,25.79,26.07,25.06,26.15,25.56,25.93,25.18,25.19,25.83,26.14,25.35,25.69,25.55,25.67,26.33,26.24,26.05,25.73,25.64,25.91,25.94,25.85,25.66,26.87,26.91,26.42,26.27,26.96,27.65,27.05,27.41,27.39,26.03,25.81,26.11,25.87,25.72,26.02,25.77,25.72,25.93,25.27,25.99,26.0,25.77,25.19,26.17,26.49,25.91,25.76,26.1,26.55,25.86,25.99,26.4,26.22,26.7,26.23,26.49,27.33,26.93,26.91,26.86,26.45,26.58,26.09,25.59,26.33,26.0,26.45,25.91,26.07,25.95,25.61,26.01,25.68,25.83,26.2,25.56,26.15,26.28,26.39,26.58,26.34,26.12,26.25,25.78,26.09,26.64,26.61,26.49,26.66,27.78,26.8,27.12,27.85,26.99,24.84,25.45,25.55,26.47,25.27,25.33,25.88,25.44,25.85,25.69,25.68,25.56,25.5,25.58,26.17,26.36,25.71,26.3,26.22,26.79,26.14,26.14,26.17,26.3,26.32,26.26,26.86,26.71,27.54,27.35,26.64,26.05,25.21,25.99,26.1,26.15,25.06,25.23,26.31,26.05,25.72,25.63,25.79,25.06,25.47,25.83,25.62,25.94,26.07,25.77,25.96,26.54,26.83,26.47,26.98,27.04,26.64,26.18,26.57,26.69,26.45,25.79,27.24,26.83,24.42,25.29,24.89,25.3,26.28,25.17,25.68,25.45,26.42,25.55,25.78,25.65,25.93,25.51,26.17,25.64,25.88,26.32,26.29,26.36,26.69,26.15,26.47,26.35,26.31,26.1,26.6,27.17,26.91,27.6,28.15,25.55,25.58,25.43,25.89,25.41,26.24,26.25,26.08,25.83,25.88,25.56,25.94,25.87,26.39,25.62,25.76,25.96,25.97,25.86,25.86,26.16,26.17,26.39,26.64,26.93,26.1,26.27,26.43,26.81,27.2,26.73,28.08,25.56,25.72,25.68,25.78,26.33,25.86,26.25,25.51,25.73,25.5,25.4,24.85,25.5,26.03,26.46,25.73,25.56,25.76,26.17,26.18,26.38,25.84,26.53,26.06,26.51,26.0,26.57,27.09,26.14,27.4,27.17,28.16,26.27,25.77,25.48,25.39,26.07,25.56,25.72,26.03,25.56,26.06,25.35,25.45,26.1,25.28,25.92,26.02,26.07,25.86,25.78,26.13,26.11,26.49,26.48,25.86,26.14,25.84,25.15,26.33,27.39,27.84,27.82,28.61,26.95,25.69,25.69,26.01,25.78,24.66,25.73,25.69,25.57,25.42,24.94,25.98,25.35,25.32,25.4,25.32,26.15,25.78,25.68,26.06,26.09,25.26,25.35,26.04,25.77,25.83,25.94,24.99,27.17,26.59,27.47,27.37,24.67,26.09,25.16,25.69,26.62,25.77,24.8,25.24,26.31,25.57,25.22,25.6,25.89,25.88,25.26,25.0,25.94,25.59,25.62,25.67,26.18,26.11,25.77,26.17,25.86,26.27,25.34,25.25,25.25,26.67,26.24,29.41
2020-06-29 16:09:08.4909,0,28.83,27.43,25.48,25.55,23.45,24.67,25.08,24.59,25.51,25.65,26.26,25.63,25.57,25.7,27.5,27.49,28.5,28.15,28.4,27.11,25.72,26.6,26.16,26.15,26.22,26.7,26.91,26.27,26.81,26.71,27.32,28.24,25.15,28.0,26.04,24.75,24.69,25.19,24.71,24.48,25.56,26.22,25.49,26.7,25.8,25.96,27.17,27.63,28.21,28.19,27.71,27.68,26.18,25.54,26.78,25.93,26.77,26.18,27.36,26.28,26.83,27.21,26.73,28.54,26.38,25.79,26.08,24.56,24.7,24.48,24.82,25.3,25.47,25.26,25.13,25.36,25.06,26.57,26.09,26.37,28.24,27.64,26.59,26.75,26.03,25.85,26.04,25.93,26.06,26.34,26.32,26.92,25.93,26.53,27.93,28.27,26.75,25.74,25.38,25.46,24.77,24.61,24.59,25.91,25.4,25.1,25.11,25.13,25.13,25.19,26.13,25.95,27.47,27.81,26.3,26.2,26.18,25.85,25.79,25.89,26.63,26.75,25.73,26.25,26.9,26.84,26.92,27.23,24.92,25.94,25.63,25.41,24.11,25.46,25.06,24.96,24.38,25.2,24.8,25.06,24.95,25.87,25.66,25.46,25.74,26.37,25.8,25.91,26.58,25.93,26.14,25.7,26.03,25.84,26.23,26.08,26.25,26.05,26.92,27.34,26.05,25.65,25.02,25.27,25.32,24.73,24.76,25.21,25.2,25.78,25.61,25.09,24.68,24.95,25.48,25.54,25.82,25.83,25.63,25.59,25.83,26.1,25.65,26.33,26.13,26.1,26.05,26.09,26.27,26.54,26.29,27.3,25.92,24.36,25.43,24.71,25.66,24.67,24.94,25.26,25.0,25.12,25.45,25.34,24.61,24.91,24.91,24.74,25.44,25.49,26.21,25.67,26.13,25.61,26.14,26.01,26.17,26.42,26.22,26.57,27.05,27.29,26.96,27.53,25.41,25.97,24.22,24.7,24.95,24.84,25.06,24.99,25.67,25.54,25.39,25.42,25.38,25.24,25.73,25.73,25.54,25.5,25.83,25.48,26.2,26.46,26.29,26.49,26.74,26.66,25.86,27.4,25.95,26.12,26.46,27.53,26.39,26.23,25.86,24.76,24.66,25.33,25.48,25.36,25.3,25.76,25.16,25.5,24.58,25.03,25.83,26.08,25.75,25.24,25.87,25.99,26.02,26.36,26.35,26.51,26.22,26.17,25.87,26.61,26.67,26.05,27.05,26.48,27.06,25.83,25.01,25.46,25.61,25.5,24.75,25.48,25.26,25.41,25.26,25.83,24.72,25.29,25.91,26.1,25.65,25.5,26.0,26.1,26.38,26.35,26.24,27.01,26.44,26.69,26.12,26.78,27.04,26.72,26.95,27.11,26.1,26.56,25.31,25.63,25.34,25.55,24.89,25.24,25.43,25.51,25.17,25.37,24.84,25.2,25.89,25.75,26.04,25.59,25.96,26.04,26.28,26.35,25.94,26.34,26.31,26.4,26.41,26.41,26.87,27.19,27.56,26.4,26.51,26.26,25.87,26.6,26.21,25.71,25.57,25.51,25.7,25.84,25.31,25.15,24.8,25.12,25.55,25.92,26.04,25.65,26.01,26.57,26.04,26.35,26.34,26.69,26.39,27.25,26.76,26.89,26.83,26.57,26.46,26.52,25.11,26.81,24.83,25.81,25.67,25.76,25.39,25.76,25.74,25.78,25.41,25.14,24.98,25.67,25.83,25.82,25.64,25.82,26.06,25.9,25.86,25.76,26.36,26.46,26.42,26.0,26.7,26.16,26.49,26.48,26.46,26.9,26.68,26.62,25.98,26.02,25.56,25.68,25.64,25.76,25.27,25.6,25.52,25.57,25.14,25.54,25.83,26.39,26.28,25.79,25.97,26.25,25.71,25.83,26.15,26.64,26.45,26.64,26.76,26.96,26.69,27.21,26.3,27.43,25.9,25.5,25.21,25.89,25.6,26.02,25.76,25.83,25.81,25.25,25.46,25.77,25.45,25.54,26.04,26.27,25.78,25.92,26.35,26.23,25.93,25.96,26.17,26.2,26.68,26.57,26.37,26.3,27.51,26.63,27.73,27.33,25.91,25.27,25.61,25.0,26.81,26.32,26.01,25.47,25.71,25.59,25.67,26.07,25.51,25.98,25.99,26.31,26.24,25.62,26.07,26.41,26.29,26.33,25.44,26.82,26.96,26.13,26.74,27.19,26.51,27.11,26.82,26.54,25.95,25.6,24.84,26.04,25.93,25.67,25.58,25.63,25.66,25.94,25.78,26.08,25.13,25.37,25.75,25.94,26.23,25.77,25.78,26.39,25.75,26.12,26.99,26.37,26.06,26.31,25.86,27.27,27.61,27.11,26.88,27.72,26.1,25.27,25.53,25.98,25.73,25.62,25.1,25.44,25.8,25.15,25.71,25.88,24.92,25.34,25.7,25.99,25.42,26.14,26.04,26.33,26.0,25.78,26.77,26.42,27.15,26.28,26.45,26.86,26.55,26.94,27.05,27.46,25.74,25.22,25.33,25.25,25.9,26.01,25.96,25.81,25.45,25.82,26.09,25.98,25.73,25.38,26.3,25.94,25.82,26.26,26.19,26.06,26.03,26.13,26.72,25.75,26.1,26.05,26.39,26.62,27.2,26.77,27.83,27.09,26.57,25.64,25.29,25.44,25.12,26.11,26.25,26.35,26.17,26.34,26.0,26.15,25.42,26.58,25.69,25.94,25.52,26.16,25.73,26.37,26.14,26.16,26.72,26.63,26.42,25.98,26.56,27.18,26.2,26.91,28.4,27.39,25.85,25.78,26.46,24.95,25.43,26.04,25.98,26.08,25.6,25.36,26.35,25.44,25.49,25.45,26.0,26.27,25.87,25.52,26.16,25.36,25.79,26.06,26.65,25.8,25.99,26.81,26.9,26.34,26.35,27.1,27.63,28.02,25.7,26.05,25.71,25.62,25.61,25.75,25.58,26.04,25.29,25.04,25.22,25.57,25.16,25.5,25.67,26.01,26.16,25.85,26.34,26.12,25.86,26.0,25.97,26.25,26.41,25.44,25.93,26.67,26.76,26.67,27.28,28.27,26.32,26.88,26.75,25.68,24.11,24.36,25.91,25.25,25.72,25.98,25.88,25.19,25.61,25.32,26.01,25.93,25.78,25.65,26.05,25.8,26.22,25.79,25.91,26.47,25.5,25.7,25.82,25.54,25.78,27.2,27.58,28.08,25.93,25.97,25.62,26.55,25.44,26.32,25.94,25.59,25.75,25.44,25.08,25.61,25.75,25.5,24.75,25.63,25.56,25.58,26.0,26.19,25.78,26.39,26.05,25.9,25.43,26.3,25.87,26.16,26.39,26.54,26.09,28.63
2020-06-29 16:09:08.6188,0,27.39,28.25,25.23,25.77,24.62,24.48,25.1,25.61,24.58,26.1,25.98,25.33,26.82,26.78,27.12,28.28,28.64,28.65,27.87,28.48,27.01,26.17,26.63,26.45,26.23,27.37,26.74,26.84,26.82,27.57,28.48,26.24,26.39,25.64,26.03,25.4,24.5,24.67,24.87,25.32,24.8,25.79,25.9,25.62,26.19,25.18,26.64,27.52,28.7,28.21,28.35,27.03,26.58,26.25,26.04,26.4,27.07,26.84,26.64,26.11,27.44,27.94,26.29,26.24,26.1,26.75,24.9,25.92,25.05,25.14,24.37,25.89,25.49,26.07,24.48,25.22,24.71,25.59,26.46,25.89,27.44,28.44,27.33,26.75,26.41,26.35,26.05,25.92,25.35,25.89,26.34,26.75,26.12,26.71,26.83,27.56,25.99,25.75,25.18,24.72,25.74,24.46,25.03,25.34,25.79,24.58,24.85,25.64,25.6,25.57,26.0,25.39,27.91,27.83,25.82,26.45,26.41,25.62,25.65,26.44,26.62,26.47,26.51,25.94,26.72,26.68,27.39,27.24,26.0,26.33,24.56,24.35,24.28,25.6,24.36,24.96,24.91,25.06,24.94,25.64,24.86,25.52,25.79,25.46,26.62,26.47,25.81,26.46,26.37,26.84,26.4,26.07,26.44,26.64,26.25,26.38,25.78,26.55,27.73,27.77,26.65,26.84,24.83,25.12,24.56,24.6,25.03,24.95,25.19,25.31,25.26,25.34,25.32,24.97,25.69,25.45,25.39,25.42,25.95,26.04,26.26,25.56,26.46,25.98,26.38,26.64,26.05,25.96,26.74,26.39,26.86,27.31,25.55,26.22,25.94,25.19,24.51,25.22,24.96,25.25,25.26,25.69,25.03,25.11,24.73,25.21,25.33,25.45,25.35,25.28,25.62,25.87,25.93,26.36,25.37,26.0,26.43,26.91,26.64,26.42,26.45,26.02,26.61,26.96,26.53,25.62,25.03,25.35,25.65,25.13,25.82,24.88,25.89,25.21,25.38,25.11,25.37,24.95,26.12,25.25,25.92,25.52,26.12,25.7,26.3,26.16,26.72,26.84,26.26,26.18,26.52,26.59,26.99,26.6,26.97,26.81,25.86,26.4,25.09,25.38,24.82,25.19,25.99,25.97,25.21,25.64,25.07,25.29,24.79,24.92,25.56,26.36,25.28,25.61,25.99,26.08,26.13,26.05,26.16,26.72,26.58,26.4,26.79,25.94,26.97,26.34,26.73,27.69,27.41,25.85,25.32,25.62,25.74,25.12,25.6,25.25,25.92,25.32,25.25,25.44,25.48,25.12,25.71,26.3,25.83,25.33,26.37,26.11,26.76,26.37,26.65,27.03,26.88,26.94,26.87,26.14,26.32,26.88,27.27,26.61,26.29,26.72,25.0,25.16,25.22,25.55,24.91,25.23,25.23,25.92,25.09,25.37,25.63,25.38,25.72,25.93,25.79,26.05,25.79,26.22,25.91,26.14,26.16,26.44,26.1,26.96,25.93,26.91,26.05,26.48,26.93,26.56,25.98,25.43,25.55,25.26,25.68,25.47,25.44,25.76,25.8,25.96,25.4,25.27,25.37,25.51,26.09,25.94,26.12,25.94,25.72,26.02,26.6,26.27,26.13,26.17,26.38,25.91,27.0,26.14,27.64,26.45,26.77,27.02,26.34,26.3,25.46,25.21,25.56,26.13,25.41,25.52,25.44,25.56,24.92,25.13,25.09,25.47,26.4,26.45,25.75,26.19,26.17,26.36,25.78,25.85,26.48,27.17,26.1,26.45,26.84,26.53,26.79,26.61,27.46,26.73,26.16,26.3,26.42,25.45,25.81,26.2,25.28,25.2,25.58,25.51,25.71,25.29,25.6,25.65,26.01,25.86,26.18,25.62,25.78,25.99,25.41,26.04,25.63,26.55,26.88,26.42,27.13,26.09,27.51,26.38,27.27,27.11,26.8,26.01,25.53,25.58,25.48,25.63,24.94,25.82,25.29,25.45,25.57,25.76,25.08,25.9,25.97,26.08,25.89,26.28,25.6,26.03,25.65,26.25,25.57,25.76,26.36,25.98,26.38,26.42,27.38,27.06,26.75,27.33,27.14,25.46,25.91,25.46,26.27,25.17,26.01,25.01,25.81,25.18,25.77,25.78,25.7,25.14,26.07,26.32,25.96,25.73,26.44,26.14,26.28,25.94,25.54,26.84,26.73,26.5,26.35,26.29,27.5,26.54,27.8,26.39,25.23,24.88,25.66,25.56,25.94,25.93,25.22,26.24,26.12,25.71,25.79,26.07,25.15,25.56,25.37,26.52,25.77,25.67,25.8,26.28,25.97,25.9,26.14,26.47,26.07,26.42,26.41,26.44,26.74,26.8,27.41,28.23,26.64,25.28,26.17,25.99,25.45,25.9,26.22,25.95,26.25,25.94,25.49,25.68,25.92,25.46,25.69,25.8,25.51,25.76,26.32,26.05,26.6,26.21,26.0,26.65,26.56,26.41,26.84,26.05,26.69,27.41,27.21,27.47,25.56,25.96,25.34,25.73,25.05,25.58,26.37,25.8,25.58,25.81,25.77,25.42,25.54,26.0,25.5,25.83,26.04,25.54,26.1,26.05,25.72,26.66,26.27,26.68,26.24,26.3,26.41,26.61,26.75,26.45,27.85,27.64,26.95,25.09,24.77,25.61,25.41,25.41,26.25,26.36,26.28,25.41,25.42,25.6,25.73,25.64,25.58,25.75,25.72,25.45,25.61,25.65,26.02,26.39,25.9,26.41,26.54,26.25,26.83,26.9,26.98,26.46,27.31,28.16,26.07,26.17,25.2,25.99,26.22,25.72,26.0,25.66,25.74,26.12,24.92,25.67,25.51,25.89,25.9,25.71,25.67,25.96,26.4,26.27,25.81,26.29,26.67,26.43,26.0,26.67,26.16,26.64,26.85,27.43,26.26,27.2,25.7,25.25,25.71,25.1,26.4,25.45,25.72,26.2,25.94,24.92,25.7,25.34,25.5,25.4,25.89,26.25,26.6,25.41,26.22,26.02,26.44,26.26,26.98,25.88,26.54,25.31,26.08,26.69,26.42,26.68,27.87,27.42,25.83,26.65,25.57,26.06,24.64,25.36,25.61,25.55,25.73,25.56,25.5,25.32,24.86,25.93,25.17,25.92,26.04,25.64,25.32,25.8,25.85,26.31,25.65,26.47,25.36,25.54,25.33,24.67,25.98,26.64,27.59,28.07,27.33,27.42,26.22,26.37,25.26,24.98,24.98,24.65,25.88,25.46,26.02,24.81,26.13,25.39,25.5,25.77,25.67,25.72,25.73,25.95,25.78,26.0,25.21,26.35,26.46,26.31,25.2,26.18,26.02,27.7,28.23,28.64
2020-06-29 16:09:08.7471,0,24.87,28.27,25.98,23.26,24.59,24.5,25.24,24.09,25.65,25.81,25.36,25.49,25.69,25.84,26.28,27.63,28.62,28.41,28.12,27.81,26.84,26.47,26.91,26.47,27.18,25.87,26.71,27.43,27.5,26.73,27.28,29.57,27.22,25.94,26.05,24.72,24.14,24.82,24.72,24.47,25.57,25.61,25.78,25.31,25.68,25.94,26.4,26.97,28.34,29.06,28.63,27.66,26.46,26.22,25.91,26.37,26.16,27.14,26.13,26.62,27.87,27.9,28.93,27.91,26.36,26.53,24.66,25.74,24.85,24.66,24.03,24.25,25.04,25.95,25.11,25.37,25.9,25.6,25.59,26.14,27.54,28.46,28.26,27.49,26.26,25.99,25.89,25.94,26.77,26.35,26.47,26.93,26.63,27.11,29.01,27.58,26.01,25.71,25.0,24.88,24.78,24.91,25.34,25.6,24.33,24.95,24.74,25.74,25.61,25.89,25.55,25.83,27.47,27.69,27.36,27.6,26.07,26.2,26.33,25.47,26.08,26.01,26.37,26.24,25.53,26.28,26.45,26.91,26.39,25.14,24.52,24.72,24.56,25.92,24.76,24.97,25.01,25.2,24.91,25.07,24.83,25.99,25.31,25.81,26.38,26.05,26.12,25.46,26.23,25.82,26.37,26.08,26.81,26.39,26.22,26.24,26.89,26.74,26.5,27.35,26.06,25.63,25.91,25.08,24.88,25.16,25.18,24.66,25.21,25.4,25.04,24.85,24.47,25.27,24.94,25.1,25.3,25.28,25.53,25.79,26.06,26.32,26.36,26.44,26.27,26.48,26.63,27.12,26.44,26.52,26.49,26.05,26.29,25.49,24.91,24.55,25.65,25.94,25.45,24.62,25.71,25.59,24.56,25.02,24.59,25.23,25.51,25.78,24.92,25.81,26.2,25.78,25.58,25.95,26.24,26.13,25.92,26.93,26.75,26.3,26.27,26.52,26.41,25.86,25.42,25.04,24.88,25.32,24.67,26.06,25.45,25.23,25.91,25.64,25.29,25.19,25.39,25.53,25.54,25.52,25.45,26.28,26.04,25.98,26.52,26.24,26.08,26.25,26.4,26.4,26.27,26.56,26.11,26.72,26.99,26.6,26.37,25.72,25.37,25.24,25.61,25.48,25.59,25.25,25.86,25.55,25.89,25.82,24.95,25.62,26.01,25.23,25.54,25.82,25.57,25.41,26.1,26.37,26.03,26.52,26.78,26.29,27.15,25.29,26.8,26.51,27.21,26.14,26.54,25.47,24.71,25.44,24.67,25.75,25.13,25.1,25.05,25.72,25.37,24.89,25.21,25.28,26.01,26.18,25.38,26.14,25.72,26.28,25.62,25.84,26.35,25.93,26.45,25.98,26.77,26.37,26.2,27.14,26.46,27.77,26.78,25.89,25.45,25.48,25.46,25.3,25.72,25.6,25.75,25.52,25.97,25.58,25.22,25.21,25.69,25.76,25.58,25.69,25.48,25.47,25.99,26.36,26.65,26.56,26.63,26.86,26.77,26.55,26.44,26.49,27.55,26.74,27.56,25.39,25.88,25.23,25.44,25.56,25.82,25.84,25.5,25.72,25.42,25.84,25.77,25.02,26.2,25.82,25.68,26.1,25.92,26.37,26.05,26.05,26.56,26.25,25.96,26.22,26.4,26.11,26.84,26.98,26.63,26.66,26.49,26.48,26.49,25.82,26.05,25.39,25.5,26.24,25.84,25.58,25.3,25.64,25.26,25.39,26.29,26.01,26.0,25.55,26.24,26.09,25.66,25.77,26.56,26.26,26.63,26.58,26.81,26.67,27.31,27.05,27.6,27.41,25.31,26.44,25.69,26.01,25.7,25.66,25.77,25.29,25.38,25.27,25.42,25.65,25.15,25.34,26.12,26.01,25.93,25.59,26.07,26.24,26.2,25.91,25.96,26.11,26.46,26.4,26.15,26.56,27.53,26.91,27.77,27.41,26.77,26.37,26.12,25.3,25.85,26.29,26.47,25.83,25.47,25.58,25.85,25.78,25.83,25.83,26.03,26.37,26.05,26.02,26.05,26.15,26.02,25.67,26.06,26.1,26.45,27.04,26.1,26.82,27.64,27.22,27.71,27.01,26.27,25.25,25.93,25.58,26.15,26.05,26.38,25.81,25.83,25.15,25.68,25.44,25.9,25.78,26.46,26.2,26.34,26.07,26.27,25.92,26.29,26.52,26.18,26.06,27.08,26.82,26.88,26.26,25.94,26.95,27.65,27.54,26.12,26.49,25.47,25.74,25.22,26.08,25.19,25.51,25.87,25.62,25.87,25.66,25.52,25.77,25.74,25.85,25.74,25.2,25.48,25.7,26.25,26.63,26.55,26.27,25.93,25.96,26.25,26.6,26.42,26.82,27.38,27.56,26.48,25.6,25.22,25.8,25.88,25.19,25.36,26.05,25.7,25.69,25.72,25.97,25.34,25.23,25.9,25.87,25.63,25.64,26.04,26.62,26.52,26.39,26.01,25.96,26.46,26.14,26.46,27.11,27.73,26.31,26.54,27.61,25.72,25.42,24.98,26.55,25.31,26.02,25.03,25.82,25.79,26.18,25.86,25.88,25.93,25.91,25.78,25.44,25.81,25.86,25.76,26.27,25.8,26.14,26.13,26.23,26.7,26.57,26.1,25.47,27.19,27.41,27.28,27.47,26.0,25.24,25.13,25.58,25.28,26.09,26.13,25.68,25.7,25.5,25.67,26.02,25.75,25.83,25.81,25.72,25.84,26.25,26.47,26.04,26.04,25.7,26.03,25.91,26.81,26.6,26.99,26.73,27.15,26.74,28.23,27.37,26.45,26.19,25.72,24.96,26.04,25.74,26.11,25.67,25.72,25.63,25.25,26.05,25.7,26.24,25.42,25.95,26.19,26.31,25.69,25.94,26.01,26.3,26.39,26.07,25.97,26.01,26.73,26.5,26.99,27.28,27.02,27.22,25.93,25.62,25.72,24.88,25.31,26.19,25.02,26.17,25.83,26.05,25.35,25.18,25.75,25.26,26.02,25.42,26.28,26.28,26.35,25.99,26.1,26.11,26.49,26.11,26.15,25.7,25.94,26.81,26.77,27.7,26.48,27.38,27.04,27.77,25.54,26.08,25.46,25.54,25.9,26.49,25.42,25.99,25.34,25.73,25.59,25.32,25.51,25.07,26.37,25.3,25.79,25.94,25.95,25.93,26.03,26.34,25.77,25.86,25.3,24.86,27.02,26.84,27.79,27.81,25.95,24.96,26.24,25.53,26.32,25.28,25.15,25.73,25.04,26.27,25.22,25.45,25.11,25.61,25.64,25.49,25.69,26.31,25.49,25.78,26.05,26.1,25.78,25.74,26.18,25.97,25.38,27.0,25.67,26.52,25.83,27.93
2020-06-29 16:09:08.8755,0,26.85,28.63,25.97,24.84,24.39,25.39,24.71,26.27,25.49,25.17,25.5,26.61,25.41,25.81,26.41,27.6,29.39,28.51,28.79,28.33,27.26,26.44,25.99,26.75,26.69,26.85,26.15,26.63,27.02,26.39,28.43,28.17,25.52,26.28,25.79,26.0,23.55,25.0,25.52,25.13,24.79,25.76,25.75,25.17,26.05,26.34,26.49,26.31,28.69,28.93,28.34,28.72,26.03,26.91,26.76,25.92,26.28,26.65,26.8,25.52,27.42,27.66,29.31,25.59,26.36,26.49,26.06,25.51,25.86,23.62,24.03,25.58,24.76,25.38,24.32,25.46,25.66,25.45,25.59,25.87,27.53,28.43,28.14,27.7,26.26,25.58,25.61,26.32,26.62,26.32,25.98,25.71,26.09,27.26,26.8,28.23,26.47,25.05,25.93,25.07,24.58,24.75,25.01,25.16,24.7,25.35,25.22,25.24,25.11,26.13,25.16,25.24,27.33,27.69,27.79,28.18,26.28,26.2,26.16,26.41,26.05,26.01,26.34,26.07,26.53,26.64,26.41,28.35,26.39,25.51,25.25,25.56,25.03,24.83,24.61,25.49,24.88,24.92,25.39,25.16,24.94,25.51,24.97,25.44,26.38,26.35,26.23,26.33,26.34,25.79,25.52,26.05,26.81,25.81,25.34,26.66,26.24,26.03,26.3,26.86,26.43,25.83,25.17,24.91,25.6,25.46,24.87,25.72,24.68,25.03,25.01,25.08,25.09,24.72,25.46,25.31,25.38,25.28,26.26,24.91,26.59,25.75,26.57,26.44,25.98,26.48,26.03,26.37,27.2,26.68,27.41,27.68,26.28,26.02,24.24,25.01,24.63,25.35,25.06,25.24,25.71,25.56,24.89,25.54,25.01,25.09,25.61,25.13,25.32,25.17,25.49,26.06,26.01,26.24,25.68,26.69,26.52,26.28,27.01,27.25,27.03,26.17,26.76,26.76,25.95,24.85,25.33,25.0,25.92,24.83,25.29,24.85,25.64,24.73,25.58,25.08,24.74,25.52,25.51,24.81,25.33,25.19,26.11,25.97,26.29,26.24,26.81,26.24,26.13,26.52,25.97,26.55,26.68,26.57,26.78,26.96,26.37,25.69,24.74,25.37,24.92,25.71,25.34,25.71,25.52,25.63,25.79,25.38,24.76,25.11,25.34,25.68,25.83,25.98,25.47,25.48,25.41,26.64,26.13,26.27,26.44,26.03,26.89,26.06,25.94,26.18,27.03,27.32,26.51,26.84,26.39,24.98,25.05,25.22,25.34,25.1,24.69,25.5,25.86,25.1,24.79,25.09,25.98,25.89,25.16,25.58,25.98,25.7,26.17,26.34,26.32,26.47,25.97,26.56,26.99,26.24,27.44,26.41,27.25,27.09,26.78,26.71,25.6,25.3,25.32,25.14,25.24,25.45,25.42,25.38,24.75,25.25,25.02,25.28,25.23,26.19,25.85,25.85,25.85,26.3,25.98,26.03,26.13,26.85,25.85,25.92,26.15,27.16,26.02,27.03,26.57,27.37,26.84,25.05,26.0,25.23,25.67,25.18,25.78,24.91,25.9,26.24,25.49,25.24,24.59,25.58,25.72,25.91,26.02,25.73,26.08,25.99,26.12,25.85,26.42,26.46,26.37,26.22,26.12,26.49,26.4,26.27,27.4,27.32,25.44,25.26,24.97,25.93,25.79,25.48,25.01,25.63,25.52,26.07,25.9,25.32,25.16,25.36,25.82,25.89,26.45,25.9,25.87,25.5,25.56,25.84,25.94,26.74,25.85,26.32,26.18,26.13,27.31,26.45,26.94,26.71,24.93,26.27,26.25,26.15,25.79,25.79,26.1,25.4,25.67,26.0,25.49,25.26,25.4,25.62,26.09,26.19,25.81,25.87,26.59,26.05,25.21,25.42,25.93,25.9,26.54,26.28,26.74,26.82,26.67,27.05,27.25,27.74,25.53,25.48,25.65,26.01,25.98,25.61,25.99,25.33,25.79,25.55,25.34,26.26,25.25,25.61,25.66,26.81,25.95,25.8,25.86,25.93,25.82,25.44,25.74,26.5,26.67,26.89,25.97,26.92,27.63,27.33,26.55,27.48,26.24,25.94,26.04,25.13,26.25,26.18,25.39,25.57,25.26,25.58,25.75,25.85,26.16,25.68,26.15,26.11,26.13,25.98,26.14,26.3,26.07,25.81,25.94,25.95,26.15,25.88,26.21,26.39,27.2,26.51,27.12,27.53,25.93,25.22,25.14,25.7,26.05,25.79,25.57,25.73,25.98,25.59,26.09,25.74,25.12,25.75,25.15,26.31,26.12,25.85,26.26,26.57,25.94,26.1,26.43,26.02,25.92,26.52,26.25,26.15,26.42,27.09,27.04,27.17,26.25,25.96,25.5,25.33,25.71,25.19,25.45,25.67,25.09,25.8,26.01,25.44,25.41,25.23,25.97,26.37,25.01,25.44,25.82,26.32,26.29,26.18,26.42,26.62,26.43,26.74,27.23,26.43,26.97,27.07,27.02,26.92,25.53,25.2,24.64,25.87,25.45,26.13,25.68,25.91,25.67,25.92,25.3,26.29,25.61,25.04,25.57,25.82,25.5,26.34,25.65,26.66,25.26,26.21,25.66,26.67,26.58,26.28,25.81,26.3,27.18,26.59,27.46,27.99,25.57,24.87,25.43,24.08,25.1,26.23,26.23,25.8,25.43,26.44,25.41,25.12,25.72,25.93,26.29,25.93,26.12,26.04,25.91,26.25,25.57,26.03,26.7,26.5,26.65,26.6,26.67,25.85,26.8,27.36,27.47,27.56,25.82,25.95,25.9,26.14,25.88,26.32,25.68,26.06,26.1,25.34,25.49,25.78,25.13,24.87,25.42,26.36,25.86,25.95,25.58,26.26,26.01,25.92,26.51,26.03,26.63,26.25,26.28,27.39,25.99,27.24,27.21,27.58,26.73,26.43,25.49,25.24,25.59,25.72,26.13,25.59,25.79,25.28,25.68,25.43,25.25,25.94,25.88,26.33,25.8,25.49,25.51,25.87,26.31,26.1,25.81,25.85,25.98,25.97,25.91,26.02,26.57,27.17,28.05,26.5,26.79,25.3,26.92,26.82,25.63,25.51,25.74,26.15,25.0,25.27,25.33,26.09,25.08,25.29,25.5,25.41,25.88,25.99,25.16,25.53,25.69,25.37,25.61,26.87,25.92,25.67,25.3,25.68,26.66,27.18,27.56,28.89,25.32,26.89,25.99,25.93,25.24,24.77,26.07,25.25,26.0,26.27,25.87,25.72,25.47,25.86,25.23,25.49,24.91,25.69,25.71,25.52,25.89,25.83,26.02,26.46,25.85,25.51,25.68,25.44,25.07,26.52,27.4,27.93
2020-06-29 16:09:09.0034,0,27.96,28.36,25.58,24.97,25.1,25.15,25.36,25.38,25.92,25.75,25.63,25.87,25.95,26.62,26.13,26.23,28.61,29.02,29.32,28.31,27.38,27.27,26.42,27.03,26.81,27.14,27.2,27.14,27.39,27.39,32.5,30.32,27.32,26.07,25.24,25.28,24.79,24.59,25.49,24.92,25.36,25.29,25.59,25.71,25.64,25.4,26.49,26.17,28.18,28.8,29.37,28.57,26.83,26.76,25.56,26.49,26.41,26.12,26.75,26.75,27.55,27.08,25.96,26.9,26.78,25.41,25.59,26.03,25.99,24.59,24.93,24.8,25.3,24.68,25.1,25.46,25.78,25.7,25.95,25.63,27.42,27.73,28.61,28.78,27.0,25.95,26.55,25.89,26.03,26.89,26.75,26.69,27.1,26.82,27.48,29.43,26.1,26.06,25.87,25.38,25.36,24.23,25.14,25.14,24.96,24.94,24.83,25.74,25.0,25.18,25.64,25.6,27.0,27.69,28.37,27.95,26.76,25.71,25.89,26.26,26.31,26.42,26.31,26.19,26.14,26.04,26.54,27.62,26.93,25.84,24.46,24.46,24.99,25.11,25.02,25.07,25.26,25.55,25.27,25.75,25.83,25.52,25.99,25.68,27.15,26.47,26.35,26.57,26.35,26.26,26.01,26.18,26.53,26.07,26.78,26.48,26.52,27.0,26.62,27.0,26.97,26.15,25.12,25.21,24.82,24.54,24.86,25.31,25.8,25.03,25.13,25.32,25.0,25.28,25.8,26.08,25.6,25.72,25.95,26.68,26.15,25.65,26.22,26.56,25.72,26.21,26.01,27.09,26.21,26.64,27.35,27.81,27.17,25.96,25.37,25.14,24.61,25.47,25.05,25.49,25.95,25.45,25.78,25.0,25.03,25.22,25.22,25.05,25.15,25.9,26.12,26.18,26.45,26.47,25.91,25.88,26.76,26.65,26.46,26.53,27.0,26.45,26.35,26.89,26.45,26.99,24.65,24.64,24.91,25.91,25.67,24.71,25.77,24.97,25.6,25.42,24.45,25.14,26.03,25.34,25.45,25.71,25.83,25.99,25.78,26.57,26.61,26.37,26.14,26.89,25.97,26.96,26.8,26.38,26.39,27.45,26.49,26.34,25.34,24.87,25.46,25.84,24.96,25.46,25.41,25.42,25.7,25.61,25.65,25.62,25.84,25.8,25.76,25.63,25.98,25.8,25.93,26.36,26.15,26.83,26.44,26.51,26.62,26.58,26.63,26.45,27.66,27.11,26.64,25.6,25.89,25.41,26.12,25.35,26.07,25.58,25.59,25.84,25.46,25.12,24.82,24.92,25.63,26.3,25.56,25.89,26.1,26.11,26.29,26.46,26.34,26.16,26.88,27.03,26.73,26.36,26.58,27.41,26.55,27.22,27.25,27.51,25.1,25.73,25.45,25.27,25.96,25.46,26.19,25.71,25.08,25.38,25.53,25.78,26.18,25.94,25.6,25.51,25.98,26.14,26.2,26.45,26.05,26.97,27.19,26.61,26.15,26.51,26.7,26.87,27.34,27.34,25.75,25.52,25.66,25.96,25.79,25.43,25.79,25.5,25.7,25.63,25.41,26.16,25.0,25.23,25.84,26.4,25.68,25.48,26.01,25.93,26.24,26.27,26.24,26.69,26.16,26.34,26.5,26.61,26.93,26.11,26.88,27.12,26.44,26.74,25.4,25.32,26.3,25.99,25.26,26.21,26.17,25.67,26.02,25.64,25.47,25.29,26.5,26.19,26.57,25.46,25.99,26.19,26.26,26.35,26.16,27.07,26.53,26.9,26.43,26.77,27.3,27.28,26.9,26.0,26.61,26.39,26.08,25.69,25.4,25.53,25.39,25.41,25.37,25.91,25.62,25.38,25.43,25.65,26.12,26.22,26.66,25.99,26.71,25.9,25.81,26.03,26.15,25.82,26.33,26.4,26.24,26.69,27.21,27.32,28.03,27.21,26.54,25.6,25.62,25.69,26.51,25.48,26.35,26.04,25.81,25.56,26.28,25.57,25.75,25.73,26.71,26.0,26.08,25.74,26.46,26.24,25.84,26.16,26.28,25.98,26.46,27.02,26.73,26.79,28.46,26.45,27.18,27.27,26.37,26.24,25.41,26.61,25.84,25.91,26.12,26.05,25.81,25.06,25.47,25.77,25.52,25.9,25.81,26.32,25.97,26.0,25.98,26.52,26.29,26.64,26.06,26.4,26.73,26.59,26.46,26.38,27.32,26.92,26.76,27.66,25.87,25.7,25.59,25.05,25.9,25.91,25.44,26.22,26.22,26.26,25.89,25.86,25.24,25.67,25.86,25.94,25.86,25.68,26.19,26.19,26.27,26.22,26.45,26.25,26.86,26.41,26.77,27.1,26.98,26.91,27.51,27.13,25.84,26.09,25.15,25.46,26.25,25.72,25.07,25.92,26.02,25.26,25.38,26.3,25.43,25.55,25.6,26.19,25.62,25.86,26.04,26.34,26.61,25.99,25.89,26.19,26.2,26.75,26.15,26.55,26.8,27.04,26.8,27.22,26.8,26.44,25.6,25.68,25.57,25.97,25.81,26.17,26.15,26.27,25.76,25.42,26.36,26.0,26.31,25.73,26.14,25.96,25.99,26.16,26.45,26.34,26.02,26.79,26.7,26.28,26.92,26.86,26.69,26.88,26.86,27.57,25.9,25.75,24.88,25.87,26.1,25.64,26.36,26.45,25.8,25.98,25.76,25.58,25.63,26.16,25.79,26.26,25.42,25.95,25.51,26.06,25.81,26.6,26.24,26.27,26.15,26.73,26.66,26.71,26.62,27.02,28.14,27.12,26.99,26.28,25.29,24.87,25.85,25.99,26.09,26.05,25.71,26.1,25.62,25.18,25.26,26.22,25.77,26.49,26.42,25.29,25.93,26.49,26.48,26.16,26.26,26.16,25.83,26.24,26.55,26.44,26.45,26.68,28.51,28.53,26.02,25.55,26.0,25.9,25.88,25.38,25.97,26.43,25.79,26.43,25.32,26.04,25.96,26.06,26.23,26.0,25.93,25.95,26.44,25.76,26.67,25.99,25.94,26.23,26.51,25.68,26.19,26.3,26.37,27.12,26.78,27.72,25.93,26.32,25.86,26.37,25.24,25.47,25.71,25.97,26.66,26.36,25.59,26.22,25.59,25.42,25.26,26.16,25.64,26.23,26.16,25.91,26.07,26.29,26.29,25.58,26.62,25.95,25.76,25.82,27.5,26.37,28.39,27.62,26.05,25.82,26.54,26.65,25.9,25.92,25.89,26.01,25.57,25.55,25.86,25.98,25.99,25.09,25.86,25.1,25.54,25.69,25.72,25.52,25.89,26.49,25.32,26.15,25.53,26.55,25.14,27.3,26.5,26.84,27.01,28.07
2020-06-29 16:09:09.1316,0,26.04,29.18,26.64,25.88,24.92,24.78,24.68,24.86,25.47,25.75,25.64,25.87,25.69,25.94,26.14,26.23,26.79,29.66,30.0,29.67,28.78,26.99,26.89,26.56,26.99,25.79,26.29,26.95,25.97,28.24,28.04,29.0,26.49,26.44,26.59,25.94,25.52,24.25,25.99,25.43,25.66,25.31,25.45,26.0,25.91,25.95,26.23,25.93,28.81,27.43,29.24,29.76,28.17,27.73,26.3,26.81,27.18,26.79,26.75,26.4,28.17,26.14,28.59,28.12,27.38,25.89,26.0,25.44,25.16,25.09,25.25,25.25,25.18,25.5,24.85,25.84,26.03,25.45,25.97,25.88,26.73,28.09,28.51,28.43,27.26,25.95,26.16,26.31,26.76,26.74,25.8,26.69,25.87,27.58,27.5,28.37,26.85,24.98,26.25,25.4,25.36,24.08,25.43,25.74,25.63,25.09,25.47,25.5,25.47,25.43,26.11,25.84,27.0,26.33,28.26,28.66,27.0,26.21,26.16,26.15,26.17,25.57,26.46,26.05,26.83,25.69,26.06,28.22,25.9,26.44,25.76,24.98,24.7,24.5,24.89,25.34,25.4,24.67,25.28,25.16,25.07,25.52,25.78,26.01,26.29,26.25,26.59,27.46,26.7,26.14,26.14,25.93,25.88,27.15,25.77,26.02,26.21,26.66,26.64,27.22,26.15,25.78,24.94,25.4,24.97,25.6,25.55,25.46,25.43,24.93,26.06,25.45,24.89,25.29,25.25,25.88,25.92,25.74,26.28,26.59,26.37,25.89,26.1,26.33,26.23,26.49,26.01,26.66,26.85,27.15,26.77,27.02,26.62,26.33,24.88,24.31,25.5,26.31,25.06,26.01,25.36,25.8,25.57,25.11,24.83,25.01,25.54,25.46,25.56,25.6,25.42,26.18,25.82,26.47,26.71,26.81,26.17,26.9,26.34,27.24,26.56,27.08,26.37,27.44,26.82,25.73,25.46,24.82,25.19,24.69,25.55,25.49,25.88,25.1,25.6,25.0,25.17,25.36,25.73,25.35,25.84,25.52,26.43,26.11,26.51,26.17,26.06,26.84,26.96,26.41,26.49,27.25,26.95,27.02,27.08,27.47,26.33,26.85,25.83,24.87,25.2,25.97,25.23,25.34,24.97,25.86,25.71,25.61,24.89,25.03,25.66,25.7,25.58,26.1,26.09,26.19,25.94,26.56,26.69,26.51,26.34,26.27,27.15,26.84,26.5,27.04,28.01,27.45,27.16,26.13,25.11,25.43,25.44,25.5,25.22,25.48,25.81,25.42,25.57,25.54,25.59,25.51,26.1,26.03,25.56,25.24,26.19,26.31,26.87,26.57,26.23,26.82,26.09,26.11,27.11,26.77,26.86,26.99,27.21,27.41,26.57,26.49,25.59,25.27,25.86,25.66,25.98,24.99,25.33,26.03,24.89,25.68,25.16,25.4,26.01,26.31,25.98,25.79,26.36,26.52,25.92,26.35,26.16,26.76,26.65,26.61,25.92,26.77,26.29,26.73,27.84,26.5,26.27,25.02,25.35,25.83,26.44,26.09,26.03,25.75,26.34,26.17,25.71,25.08,25.29,25.34,25.84,26.04,26.05,25.59,26.48,26.5,26.62,26.28,26.75,26.49,27.03,26.69,25.88,27.01,27.89,26.7,27.2,27.46,26.97,27.25,25.57,26.35,25.27,25.61,25.87,25.63,25.76,25.88,25.53,25.34,25.29,25.86,26.23,26.47,26.04,26.48,26.09,26.09,25.79,25.96,26.89,26.35,26.54,26.67,26.57,26.26,26.76,26.86,27.73,28.16,26.27,26.58,26.38,25.85,25.79,25.3,25.75,26.0,26.43,25.41,25.32,25.99,25.62,25.48,25.94,26.42,26.02,26.1,26.07,26.19,26.2,26.14,25.94,26.35,26.22,26.3,26.36,27.21,27.35,26.49,27.7,27.06,26.03,26.29,25.64,24.94,26.39,25.86,26.0,25.69,25.82,25.78,25.48,25.57,25.19,25.54,25.7,26.37,25.99,26.3,25.99,26.62,25.85,26.46,26.19,26.94,26.47,27.25,27.0,26.92,27.63,26.88,26.86,26.93,26.01,25.92,25.86,26.32,26.64,25.41,26.47,26.07,26.03,25.93,25.57,25.68,25.52,25.73,26.09,26.43,26.71,26.58,26.36,26.53,26.39,26.25,25.96,26.52,26.73,26.02,26.33,26.92,27.47,26.94,27.09,27.18,26.62,26.23,25.29,26.29,26.32,26.04,25.58,25.61,25.44,25.82,25.37,25.97,24.75,25.77,25.77,26.33,25.48,26.07,25.61,27.18,26.58,26.62,26.14,26.03,26.06,26.41,26.52,26.83,26.56,27.66,27.35,28.0,26.38,25.22,26.12,25.48,26.67,25.87,25.95,26.19,25.67,25.49,25.81,26.21,25.43,25.27,25.7,26.01,25.72,25.28,26.04,26.35,26.31,26.11,26.0,26.65,26.78,26.28,26.95,26.98,26.95,26.76,27.32,27.93,26.06,25.51,25.29,26.32,25.16,25.27,26.09,26.3,25.57,26.5,25.77,26.19,25.43,26.53,26.32,26.35,25.74,25.85,26.0,26.16,26.89,26.01,26.03,26.55,26.1,26.41,26.24,27.0,27.02,27.19,27.96,27.93,26.48,24.83,25.39,25.56,25.52,25.95,26.09,26.34,26.87,25.64,26.1,26.16,26.06,25.75,25.58,26.07,25.83,25.87,26.04,25.86,26.45,25.95,26.47,26.64,26.4,27.0,25.95,27.01,26.62,27.35,27.6,28.27,26.18,26.08,25.86,25.57,25.86,25.22,25.82,27.02,25.08,25.59,25.87,26.02,25.61,25.78,26.56,25.93,26.1,26.18,26.39,25.92,26.03,26.98,26.27,26.03,25.84,26.64,27.32,26.28,27.13,27.54,27.36,27.72,26.66,25.78,26.0,25.03,26.51,25.72,25.83,26.31,25.79,25.81,25.81,26.18,25.73,25.28,25.89,25.44,26.26,25.63,26.1,26.71,26.55,26.24,26.84,26.12,26.11,25.28,26.34,26.96,27.69,26.97,27.98,27.31,25.7,25.88,26.08,25.59,25.09,26.13,25.41,26.12,25.42,26.08,25.47,25.29,25.86,25.54,25.64,25.79,25.54,25.87,25.8,26.16,25.7,26.42,26.71,26.72,25.77,25.65,25.94,25.64,27.34,27.12,29.34,28.18,27.16,25.86,25.72,27.47,25.72,25.77,25.89,26.19,25.85,25.57,25.86,25.19,26.5,24.99,25.48,25.76,25.53,25.09,26.1,26.06,27.05,26.24,26.99,26.32,25.83,26.12,25.98,26.64,26.31,25.71,27.54,28.77
2020-06-29 16:09:09.2597,0,27.99,26.72,27.66,25.89,24.54,24.42,24.51,25.9,25.63,25.16,26.38,25.59,26.65,25.81,26.14,25.97,27.05,27.08,30.26,30.22,29.74,28.69,27.64,27.65,27.31,27.32,26.66,26.58,27.88,27.12,31.97,28.38,27.33,25.75,26.38,26.15,24.99,23.89,25.67,25.27,25.82,25.16,25.6,25.86,25.78,25.55,26.76,26.97,26.8,26.92,29.51,29.63,28.98,28.95,27.62,27.85,26.42,27.27,27.12,26.77,27.15,28.52,30.33,28.1,26.22,25.42,25.61,26.81,25.67,24.6,25.1,25.56,25.46,25.11,25.51,25.47,26.03,25.46,26.09,25.53,27.08,27.39,28.5,29.62,28.72,26.97,26.96,26.32,27.19,26.31,26.61,26.7,26.41,26.64,28.33,30.47,26.11,26.3,26.07,26.33,25.21,26.02,25.3,25.89,24.7,25.22,25.86,25.75,25.24,25.43,25.89,25.96,27.01,27.14,27.69,28.08,27.84,27.31,25.77,26.41,25.9,26.87,26.0,26.7,26.67,26.6,27.99,28.79,26.53,26.05,26.12,25.88,25.32,24.82,25.04,25.49,25.65,25.18,25.4,25.53,25.52,25.09,26.11,25.58,26.4,26.69,26.81,26.91,27.38,26.04,26.74,26.31,26.15,25.95,26.79,26.04,26.38,27.01,26.03,27.45,26.17,26.36,25.84,25.74,25.14,25.6,25.56,25.46,25.07,25.3,24.91,25.68,25.22,25.73,24.94,26.42,25.4,25.74,25.85,26.91,26.38,26.78,26.47,26.82,26.5,26.49,26.45,26.96,26.22,26.33,26.21,28.03,25.66,25.6,25.38,24.98,25.21,25.34,25.85,25.5,25.6,25.24,25.13,25.23,24.62,25.33,25.54,24.96,25.96,25.3,26.13,26.5,26.36,26.48,25.81,27.05,26.89,26.28,27.28,26.54,26.71,25.99,27.08,27.27,26.28,25.18,25.8,25.46,25.35,25.79,25.43,26.0,25.66,26.11,25.4,25.98,25.18,25.46,26.04,26.06,25.36,26.32,26.04,25.81,26.21,26.58,26.4,27.29,26.62,26.66,26.63,27.52,27.11,27.17,27.78,28.01,26.87,26.35,25.19,25.19,25.75,25.45,25.35,25.72,25.31,25.65,25.81,25.62,25.09,25.53,25.86,25.81,25.68,25.54,26.38,26.29,26.14,26.37,26.79,27.06,25.88,26.75,27.02,27.64,27.08,26.76,27.84,27.81,26.47,26.47,26.37,25.43,25.32,26.28,25.35,25.96,25.71,25.75,25.37,25.95,25.5,25.51,25.74,26.41,25.67,25.81,26.3,26.41,26.3,26.37,26.66,27.03,26.66,26.93,26.74,27.55,26.87,26.69,27.23,27.75,26.74,25.99,25.9,25.89,25.59,26.05,25.38,25.82,25.99,24.88,25.6,25.69,25.45,24.84,25.82,26.05,26.07,26.26,25.8,26.43,26.5,26.36,26.68,26.77,26.21,26.17,26.78,26.78,26.99,26.46,28.16,27.01,26.11,26.21,26.14,25.68,25.8,25.83,25.33,26.21,25.49,25.96,25.92,25.48,24.92,25.06,26.21,26.41,25.88,25.68,26.49,26.79,26.53,26.47,26.35,27.23,26.61,26.69,26.75,27.26,27.49,27.12,27.05,27.95,26.97,25.57,25.87,25.92,25.8,25.75,26.11,25.76,25.97,25.58,26.23,25.05,25.58,25.3,26.23,26.39,26.22,25.66,26.37,25.82,26.08,25.87,27.0,26.57,26.54,26.46,26.57,27.16,27.17,26.87,27.89,27.68,25.59,26.07,26.39,26.0,25.8,26.31,25.28,26.23,25.7,25.72,25.43,26.28,25.53,25.95,26.04,26.96,26.03,25.91,26.18,26.28,26.11,26.63,26.47,26.96,26.45,26.3,27.37,27.21,26.25,27.47,27.07,28.05,26.02,25.44,26.72,26.0,26.12,25.36,25.88,26.05,26.25,25.57,25.88,25.98,25.38,25.55,26.16,26.29,26.27,25.84,26.56,25.67,26.25,25.87,26.29,26.63,26.69,26.56,26.36,26.8,27.77,27.04,27.68,27.78,26.2,26.43,26.03,26.47,25.58,25.93,26.01,25.95,25.5,26.04,26.19,26.39,26.2,25.82,26.38,26.52,25.8,25.93,26.56,26.34,25.4,26.05,25.87,26.73,26.62,26.96,26.86,26.92,27.05,27.95,27.92,28.18,25.89,26.94,26.08,25.84,25.5,25.52,26.2,25.74,25.89,25.72,26.11,25.66,25.85,25.68,26.16,25.95,25.68,25.59,26.2,26.4,26.18,25.92,26.57,26.26,26.64,26.06,26.78,27.11,26.7,27.07,27.35,28.18,25.85,25.93,25.65,26.72,26.26,25.87,25.96,26.31,26.03,25.38,26.47,26.42,25.24,25.57,25.61,26.11,25.83,26.36,25.85,26.55,26.62,27.13,27.1,26.65,26.79,26.16,26.7,26.84,26.37,27.36,27.33,28.1,25.68,26.08,25.45,25.2,26.02,26.82,26.35,25.79,25.92,26.05,26.1,25.98,26.06,25.7,25.91,26.26,25.74,25.87,26.1,26.58,26.57,26.35,26.61,26.8,26.71,26.67,26.52,26.73,27.17,26.89,28.67,28.32,26.49,26.14,26.42,25.73,25.53,26.37,26.76,26.08,25.69,26.11,26.11,26.16,25.86,26.18,26.01,26.17,26.15,26.38,26.37,25.97,25.6,26.5,26.83,26.4,26.29,26.61,26.67,27.01,26.32,27.19,27.97,27.89,26.59,25.9,26.22,25.59,25.71,25.69,26.53,25.64,25.59,25.73,25.75,25.79,25.61,26.01,26.23,26.5,26.1,25.75,26.73,26.39,26.38,26.05,26.52,26.17,27.03,26.11,27.62,26.91,27.12,27.21,28.52,27.33,26.04,26.38,26.2,25.92,25.41,26.33,26.41,26.31,26.06,26.06,25.7,26.06,26.2,25.74,26.13,26.58,25.94,26.42,26.68,27.05,25.85,26.24,26.59,26.5,25.85,26.25,25.9,26.95,26.71,27.84,27.59,28.39,25.7,26.56,26.48,25.8,25.77,25.65,25.88,25.67,26.4,25.82,25.74,25.44,25.98,25.55,25.89,25.55,25.41,25.52,26.42,25.66,25.83,25.24,25.89,25.59,25.62,24.75,25.44,26.0,26.45,27.32,29.33,29.04,26.06,26.81,26.15,27.07,25.56,26.28,26.7,26.66,25.15,25.71,25.6,26.14,25.48,26.0,25.24,26.64,26.04,26.32,25.73,26.44,25.77,26.64,26.03,27.18,25.69,27.03,26.16,26.63,25.78,27.62,27.56,29.74
2020-06-29 16:09:09.3882,0,27.38,26.61,27.28,26.24,24.61,24.31,24.56,24.77,26.13,25.96,25.52,25.63,26.26,25.97,25.75,26.0,26.14,26.05,27.18,29.84,29.63,30.24,28.28,27.85,26.71,26.7,27.29,27.24,27.53,27.01,27.9,26.94,26.41,25.63,27.82,25.81,24.88,24.13,24.37,25.48,26.16,25.34,25.77,25.61,25.14,25.83,26.26,26.07,26.3,26.04,29.27,28.47,29.53,29.78,27.65,27.29,26.62,26.02,27.19,27.19,28.48,26.74,28.5,30.24,26.39,25.55,24.89,25.74,24.7,24.65,23.9,24.24,24.92,25.81,25.26,25.23,25.8,25.96,25.49,25.89,25.78,27.04,27.44,28.56,28.85,28.1,28.18,26.76,26.64,26.49,26.65,26.92,26.65,27.1,26.82,26.87,26.25,25.74,25.77,25.84,25.59,25.58,25.19,25.04,25.26,25.37,25.49,25.51,25.84,25.44,26.13,25.26,26.09,26.68,27.93,28.2,28.78,28.76,26.45,26.29,26.21,26.03,26.68,25.93,25.34,26.3,26.44,26.36,25.78,26.34,25.28,25.94,24.58,25.31,24.92,24.97,25.41,25.45,25.29,24.82,25.07,25.53,25.55,26.35,25.96,25.93,26.47,26.24,28.06,26.5,26.39,26.32,26.3,26.38,25.36,26.54,25.77,26.22,26.12,26.68,25.44,26.05,25.9,25.62,25.17,25.48,25.18,25.21,25.45,24.93,24.8,25.68,25.22,24.85,25.37,25.77,26.24,25.83,25.96,26.58,26.83,26.78,26.0,26.34,25.61,25.98,27.05,26.69,26.43,26.87,28.01,27.91,27.26,25.86,25.1,25.04,24.8,25.51,25.34,25.26,25.49,25.12,25.46,25.23,25.03,24.6,25.02,25.36,25.34,25.29,26.12,25.87,26.03,26.15,25.81,26.01,26.18,26.55,25.82,27.0,26.44,26.35,27.14,27.16,26.35,25.98,25.52,25.18,24.38,25.26,25.32,25.5,25.78,25.32,25.71,25.64,25.07,25.74,25.83,25.84,25.34,25.51,26.33,26.3,26.41,26.36,26.94,26.61,26.27,26.42,26.52,26.16,27.0,27.05,26.81,26.62,26.39,25.19,24.6,25.39,24.94,25.33,25.86,25.12,25.31,25.97,25.06,25.71,24.87,25.32,25.45,26.08,25.56,25.43,26.07,26.28,26.12,26.65,26.36,26.62,26.68,27.11,26.78,26.61,26.1,26.8,26.89,27.7,26.71,26.18,25.95,25.31,26.02,25.25,25.73,25.0,24.93,25.85,25.26,25.32,25.2,25.01,26.37,25.82,25.84,24.94,26.19,25.91,26.29,26.85,26.65,26.49,26.66,26.35,26.76,26.65,26.33,26.43,26.45,27.46,26.1,26.39,25.78,26.08,25.61,25.81,25.98,25.82,25.44,25.19,25.58,25.98,25.14,25.01,25.8,25.84,25.68,25.59,26.43,26.04,26.0,26.15,26.46,26.77,25.98,26.05,26.42,26.28,26.6,27.47,27.24,27.4,26.86,25.76,25.72,25.26,25.43,25.07,25.33,25.86,25.92,25.74,25.41,25.76,24.99,25.22,26.1,26.02,26.03,26.03,26.28,26.01,26.23,26.46,26.34,26.59,26.5,26.46,26.52,26.38,26.97,27.42,27.1,28.0,26.16,26.64,25.75,26.11,25.16,26.01,25.64,25.76,25.43,25.78,25.62,25.54,25.08,25.76,26.12,26.09,26.2,25.36,26.16,25.61,25.77,26.35,26.37,26.56,26.86,26.57,26.7,26.92,26.64,26.9,26.96,27.73,26.68,26.46,25.98,25.73,25.56,25.3,26.48,25.54,25.48,25.71,25.42,25.77,25.7,25.26,26.11,26.49,26.01,26.44,26.43,26.17,25.61,26.22,25.84,26.23,26.56,26.87,26.39,26.33,26.69,26.65,26.79,27.27,26.44,25.85,25.37,25.89,25.87,26.15,25.41,25.94,26.13,26.41,25.26,25.77,25.65,25.72,25.96,26.36,26.34,25.82,26.36,26.14,25.74,26.26,25.97,26.41,26.92,26.68,26.63,27.72,27.65,27.07,27.4,27.51,27.33,25.45,25.61,26.06,26.27,25.81,25.78,25.83,25.39,25.81,25.67,26.07,25.61,25.61,26.27,26.03,26.06,26.18,26.55,26.22,26.09,26.33,25.86,26.83,26.74,26.37,26.75,27.45,26.51,26.68,27.48,26.55,25.59,26.13,25.49,26.04,25.66,25.81,25.46,25.51,25.78,25.61,26.21,25.76,24.94,25.67,25.75,26.23,25.37,25.87,26.47,26.29,25.96,26.22,26.35,26.91,26.41,26.31,27.07,27.0,26.88,26.96,28.09,27.55,25.18,25.81,25.37,25.83,25.74,25.89,25.6,25.7,25.57,25.6,26.03,25.99,25.83,25.35,25.7,25.6,25.42,26.44,25.84,26.24,26.61,26.1,26.44,26.2,25.98,26.64,27.25,26.04,27.73,26.94,28.6,27.29,24.98,25.6,25.5,25.25,25.62,25.87,26.23,26.46,26.04,26.17,25.77,26.2,25.63,25.48,25.69,25.94,26.03,25.85,25.99,26.57,25.28,26.13,26.38,26.45,26.72,26.31,26.12,26.62,26.9,27.71,27.3,28.39,25.22,25.83,25.29,25.61,26.0,25.97,26.12,25.96,25.22,25.99,25.77,25.82,25.96,25.95,25.59,25.95,25.73,25.75,26.68,25.85,26.35,26.05,26.26,26.28,26.8,25.85,26.56,26.6,26.36,27.55,27.86,27.96,26.06,26.38,25.92,25.82,25.59,26.19,25.7,25.94,25.74,26.75,24.91,25.44,26.06,25.11,25.67,26.05,25.55,25.52,26.05,26.28,26.03,26.18,26.28,26.69,26.65,26.68,26.9,26.96,26.52,27.27,27.44,27.21,26.14,25.45,25.9,24.73,25.3,25.75,25.87,25.76,25.82,25.82,25.34,26.06,25.51,25.39,25.34,25.55,26.5,25.74,25.88,26.01,26.21,26.37,26.23,26.13,25.87,26.27,25.94,26.05,27.09,27.2,26.68,28.7,27.07,26.89,25.16,26.46,24.28,25.04,25.13,25.87,25.44,26.26,25.49,25.33,25.74,25.32,24.78,25.32,25.91,26.01,25.43,25.93,25.71,26.18,25.91,25.76,25.5,25.09,25.49,25.89,27.05,26.83,27.59,27.81,25.95,26.45,25.63,26.36,25.8,24.97,24.99,26.07,26.32,26.16,26.17,25.61,25.37,24.74,25.51,25.64,25.43,25.71,25.23,25.55,26.82,26.26,26.06,26.77,26.03,26.0,26.71,26.17,26.4,26.16,27.72,28.96
2020-06-29 16:09:09.5168,0,23.37,25.76,27.01,23.94,22.65,24.86,24.72,25.44,26.12,25.5,25.51,25.62,24.72,25.56,25.19,25.99,25.59,26.18,26.2,28.35,29.06,30.24,29.46,28.46,27.5,26.53,27.08,27.23,27.03,27.85,26.13,31.49,26.39,26.63,25.59,24.94,24.13,24.11,25.04,25.13,25.11,24.88,25.91,25.59,25.8,25.95,25.86,25.79,25.92,25.51,27.44,27.67,29.39,29.5,29.09,28.76,26.3,26.33,27.71,25.9,26.41,27.91,28.48,26.77,25.49,26.75,26.06,26.12,24.51,24.65,24.03,24.99,25.04,25.67,24.85,25.22,25.05,25.96,25.23,25.65,25.41,25.97,26.95,27.24,28.35,28.22,28.3,28.25,26.63,27.23,25.66,27.09,25.73,25.95,27.36,27.21,26.75,25.28,25.76,25.64,25.25,24.11,24.44,24.73,24.45,24.42,24.98,25.24,25.48,24.82,25.89,25.94,26.09,26.32,27.92,28.07,28.31,28.62,27.75,27.47,26.07,26.45,26.2,26.89,26.21,27.19,28.1,28.64,25.55,25.53,25.26,25.23,24.1,25.15,25.19,25.23,24.63,24.94,24.67,25.29,24.83,25.42,25.31,25.68,25.62,26.14,26.57,27.36,27.71,27.3,25.77,25.95,26.15,26.37,26.22,26.53,25.75,26.39,26.7,26.67,26.66,25.04,25.72,24.74,24.87,25.02,25.72,25.46,25.2,24.79,25.26,25.43,24.57,25.59,25.48,25.75,25.39,25.71,26.5,27.22,26.93,25.98,26.23,26.08,25.74,26.35,26.62,26.38,26.26,27.18,26.67,27.28,25.52,25.29,24.07,25.68,24.78,25.37,25.32,25.26,24.87,25.47,25.11,25.45,24.49,25.22,25.1,24.84,24.73,25.29,25.8,25.77,26.01,26.47,25.91,26.36,25.8,26.17,25.12,27.13,26.42,26.35,26.59,27.34,25.03,25.23,25.36,24.68,25.09,25.38,25.82,25.74,25.9,25.19,25.28,25.19,24.86,25.33,25.53,25.02,25.34,25.19,26.03,25.88,26.1,25.93,26.4,26.48,26.5,26.16,26.78,26.28,26.09,25.95,26.8,26.78,25.65,25.88,25.53,25.54,24.93,24.93,25.72,25.36,25.07,25.32,25.15,25.61,24.37,25.61,25.82,25.69,25.07,25.05,26.15,25.89,25.61,26.35,26.35,26.94,25.52,26.52,27.53,26.21,25.8,26.64,26.7,28.38,26.53,26.67,25.63,24.83,25.34,25.36,25.97,25.34,25.26,25.4,25.77,25.1,25.58,25.38,25.9,25.9,25.74,25.3,25.81,25.99,26.57,25.75,26.13,26.68,26.32,26.21,26.5,26.77,26.33,25.82,26.78,26.76,25.2,25.53,25.29,25.93,24.79,25.29,25.25,25.47,24.54,25.19,24.96,24.97,25.12,25.2,25.69,26.21,25.49,25.87,25.76,26.22,26.08,26.05,26.24,26.66,26.52,26.05,25.91,26.41,26.02,26.2,26.74,27.56,26.16,25.57,25.56,25.99,24.9,25.44,25.8,25.38,25.27,25.62,25.11,25.54,24.99,24.83,26.01,26.28,26.12,25.37,26.19,26.09,26.23,25.86,26.54,26.68,26.49,26.33,26.76,25.85,26.83,26.28,26.94,27.65,25.97,26.13,25.58,25.36,24.75,24.99,25.26,25.99,25.2,25.78,25.4,25.24,24.78,25.38,25.82,26.09,26.0,25.82,25.87,25.8,25.95,25.66,25.84,26.55,26.19,26.34,25.94,27.29,26.21,26.19,26.45,27.06,26.51,25.93,25.82,24.97,25.55,25.16,25.76,25.64,25.9,25.48,25.61,24.96,25.42,25.72,26.29,26.2,25.92,25.87,26.25,25.87,25.71,25.72,26.35,26.32,26.56,25.6,26.51,26.95,27.52,26.49,27.6,26.75,25.17,25.32,25.04,26.03,25.45,25.37,25.51,26.29,25.37,25.88,25.34,25.77,25.16,25.63,25.48,26.55,25.96,25.82,25.67,25.85,25.92,26.26,25.44,26.19,25.66,25.98,26.74,26.29,27.21,26.63,27.22,27.16,26.44,25.08,25.3,26.04,25.87,24.75,26.25,24.98,25.92,25.16,26.18,25.75,25.8,25.12,26.08,26.21,25.96,25.89,26.35,26.4,25.79,25.82,26.17,25.95,26.39,26.36,26.61,26.79,26.79,26.37,26.82,27.37,25.57,25.42,25.15,25.72,24.53,25.4,25.45,25.25,25.08,25.39,25.13,25.76,25.12,25.27,25.74,26.03,25.45,25.58,25.77,25.89,25.94,26.42,26.11,26.58,26.16,26.54,26.25,26.72,26.28,26.8,27.04,27.37,26.83,24.89,25.37,25.34,26.42,24.79,25.47,25.3,25.34,25.69,25.6,26.08,25.53,25.03,25.4,25.98,25.62,25.64,25.83,26.02,26.1,26.18,26.88,26.19,26.68,25.9,26.45,27.25,26.7,26.16,27.04,27.44,24.57,25.41,25.48,25.41,24.58,25.59,25.95,25.8,25.55,25.59,25.75,25.86,25.09,25.48,25.78,26.14,25.2,26.16,25.66,26.26,26.34,26.01,25.9,26.57,25.47,25.54,26.66,26.9,26.57,25.99,27.1,27.09,26.18,25.06,25.62,25.75,25.85,26.24,25.98,25.55,26.05,25.38,26.11,25.8,25.42,25.94,26.0,25.93,26.24,25.94,26.25,26.04,25.81,25.37,25.55,26.27,25.54,26.48,26.27,26.0,26.83,27.06,26.95,27.56,26.45,26.37,25.17,25.99,24.46,25.42,25.68,26.91,25.72,25.74,25.02,25.68,25.59,25.56,25.87,26.27,25.75,25.41,25.92,26.16,26.01,26.41,26.14,26.68,25.71,26.4,26.28,26.8,26.0,26.75,27.42,27.41,25.27,25.43,26.45,24.89,25.45,25.42,25.29,25.6,25.55,25.54,25.34,25.92,25.51,25.26,25.56,25.77,25.82,25.61,26.11,26.46,25.85,25.99,26.6,26.63,26.14,25.98,26.24,26.66,26.92,26.48,27.67,27.82,25.3,26.21,25.14,25.87,24.09,25.03,26.06,26.02,24.58,25.57,25.34,25.72,24.83,24.94,25.39,25.56,25.52,25.53,25.67,26.18,25.18,25.78,26.03,25.9,25.63,25.24,25.14,25.71,25.59,26.83,26.85,26.94,26.21,26.18,26.43,27.12,25.44,25.46,25.94,25.42,25.74,25.43,25.07,25.86,24.84,25.36,25.38,25.49,25.68,25.69,25.48,25.79,25.78,25.97,26.74,26.46,25.12,25.51,25.87,26.14,26.02,26.52,28.23,28.27
2020-06-29 16:09:09.6448,0,26.37,27.0,25.72,24.16,24.79,24.84,24.2,25.77,25.18,26.84,26.54,26.19,26.25,25.96,25.73,25.57,26.13,26.17,26.61,27.1,29.88,30.36,30.93,29.66,27.66,28.36,26.53,27.41,27.51,27.27,26.72,28.22,28.4,27.65,25.12,25.37,24.49,25.0,25.2,24.97,25.55,26.06,25.61,26.01,26.19,26.08,26.11,25.79,26.29,26.15,26.63,26.6,29.64,29.77,29.36,29.78,27.22,26.49,26.99,27.36,26.81,27.44,29.76,26.2,26.95,27.22,25.47,27.25,24.85,25.3,24.65,24.37,25.46,25.11,25.25,25.6,25.9,26.07,25.23,25.4,26.24,26.79,27.31,27.83,28.23,29.19,29.09,28.64,27.34,27.07,26.48,25.89,27.16,27.46,26.8,28.6,27.23,25.5,25.75,25.26,25.73,24.76,25.32,25.02,24.44,25.09,25.48,25.12,25.47,26.02,25.99,25.48,25.85,26.32,27.45,27.25,28.89,29.22,28.38,27.74,26.47,27.16,26.03,26.24,28.08,27.01,28.09,27.79,26.82,26.52,25.08,25.4,24.41,25.59,24.05,25.49,24.5,25.18,25.15,25.04,25.16,25.63,25.43,25.78,25.62,26.57,26.57,28.45,28.84,28.19,27.58,26.68,26.15,26.23,25.93,26.67,26.24,26.71,26.5,27.54,26.44,26.62,25.18,25.26,25.46,25.31,25.16,25.06,25.18,25.29,25.13,24.85,25.53,24.83,25.47,25.21,25.81,25.28,27.02,27.44,28.13,26.77,26.22,25.84,26.5,26.88,26.04,26.68,27.2,25.53,26.85,26.26,26.29,26.02,24.92,25.18,25.51,25.77,25.19,25.37,25.59,26.26,25.11,25.66,24.91,25.2,25.82,25.75,25.13,25.48,25.8,27.0,26.44,26.24,26.25,26.92,26.04,26.53,26.48,26.98,26.27,26.65,26.94,25.64,26.52,25.78,25.83,24.69,25.22,25.11,25.56,25.36,25.88,25.98,25.59,25.52,25.26,24.92,25.51,26.12,25.62,25.49,26.51,26.28,26.19,26.35,25.95,26.36,26.73,26.4,26.51,26.84,26.83,26.57,27.31,27.69,25.65,26.22,26.17,26.15,26.02,25.72,25.47,25.84,25.75,25.63,25.58,25.7,24.76,25.5,25.63,25.78,25.55,25.7,25.86,26.26,25.61,26.74,26.56,26.82,26.1,26.39,26.51,26.07,26.8,26.93,28.04,27.68,26.69,25.82,25.62,26.06,25.86,25.89,25.59,25.47,26.13,25.08,25.55,25.1,24.89,25.19,25.42,25.99,25.73,25.49,26.36,25.99,25.69,26.24,26.33,26.68,26.53,26.33,26.99,26.37,27.02,26.85,27.26,27.44,26.44,26.71,24.82,25.46,25.06,26.44,25.61,25.81,25.31,25.81,25.37,25.96,25.32,25.38,25.88,26.2,25.85,25.67,25.86,26.21,26.37,26.23,26.65,26.22,26.85,26.15,26.28,26.39,26.3,27.17,27.06,27.38,26.67,26.59,25.85,26.29,25.8,25.31,26.03,26.2,25.69,25.52,25.4,25.74,25.27,25.3,25.9,25.91,25.75,25.55,26.08,26.28,26.22,26.54,26.33,26.25,26.92,26.11,26.5,26.75,27.09,26.84,27.56,27.33,26.83,26.12,25.89,25.94,25.92,25.49,25.5,25.75,25.09,25.45,25.8,25.42,25.83,25.65,25.92,26.53,25.82,26.27,25.87,26.07,25.95,25.84,26.56,26.34,25.85,26.56,25.94,26.65,27.59,26.18,27.11,26.88,26.15,26.61,25.36,25.12,26.06,25.29,26.34,25.29,25.15,26.01,25.5,25.46,25.69,26.01,25.91,26.2,26.0,25.5,26.14,25.69,26.08,25.72,25.83,26.32,26.32,26.74,26.62,26.44,27.51,27.2,26.94,27.75,26.07,25.83,25.81,25.87,25.05,26.26,25.15,25.81,25.8,25.87,25.55,26.26,25.64,25.71,25.94,26.44,25.87,25.53,26.06,26.41,26.02,26.24,26.16,26.5,26.34,27.01,25.85,26.67,27.64,26.91,26.73,26.81,26.25,25.61,25.44,25.44,26.39,25.66,25.88,25.46,25.91,25.37,25.76,25.85,26.07,25.78,26.25,26.02,25.76,26.07,26.91,26.21,26.17,26.02,26.05,26.49,26.95,26.71,26.98,26.53,27.21,26.8,27.79,27.04,26.67,26.29,25.79,25.4,26.05,25.39,25.7,25.86,25.65,25.81,25.77,26.17,25.22,25.75,26.03,25.92,25.64,25.95,26.17,26.77,26.35,26.3,26.22,26.57,26.28,26.89,27.05,27.39,27.3,27.39,27.73,27.53,26.45,25.97,25.68,25.34,25.44,25.33,25.58,26.3,25.78,25.58,26.23,25.76,25.71,25.83,25.88,25.58,25.7,25.84,26.22,26.02,26.39,26.7,26.54,26.74,26.32,26.27,26.97,27.12,26.83,27.53,27.2,27.45,25.15,25.76,25.32,25.72,24.87,25.57,25.95,25.92,26.38,26.04,25.86,26.51,25.83,25.68,25.78,25.93,25.81,26.15,25.97,26.04,26.12,26.0,26.25,25.5,26.09,26.8,26.1,26.74,27.04,25.81,27.46,28.74,26.55,26.19,25.95,25.26,25.69,26.24,26.37,26.47,26.04,25.74,25.87,26.03,26.05,25.72,25.57,26.25,26.12,26.25,26.13,25.83,26.23,25.71,26.24,26.39,26.53,26.86,26.4,26.15,27.28,26.74,27.3,28.13,26.45,25.96,25.54,25.45,25.88,26.17,25.12,26.07,25.72,25.86,25.62,25.66,25.93,25.77,26.1,25.58,25.97,25.73,26.15,26.26,26.83,26.51,26.39,26.17,26.11,25.85,27.04,26.63,26.33,27.59,27.81,27.6,26.75,26.24,25.88,25.07,25.6,25.73,25.56,25.89,25.54,25.8,25.69,25.56,26.53,25.49,26.22,26.34,26.14,25.72,26.44,26.22,26.08,26.23,26.59,26.37,26.26,26.12,26.22,26.03,26.24,27.01,28.06,28.25,26.55,27.08,26.54,26.83,25.64,24.85,26.37,26.31,25.57,25.97,25.61,26.1,25.6,25.42,25.26,25.79,25.89,26.12,26.17,26.17,25.95,26.3,26.03,26.31,25.48,25.68,25.31,25.87,26.31,26.63,26.86,28.06,27.87,27.15,26.61,26.53,24.73,26.14,25.93,25.89,25.16,26.0,25.47,25.6,25.61,25.1,25.36,25.62,25.79,25.45,25.72,25.79,26.29,25.84,26.04,26.32,26.01,25.98,25.35,25.97,26.92,27.1,28.75,28.93
2020-06-29 16:09:09.7726,0,26.87,27.0,26.25,25.54,23.63,23.73,24.9,25.77,25.19,25.33,25.22,26.33,25.01,25.14,25.88,25.85,26.79,26.17,26.06,27.1,28.1,30.78,30.49,30.12,27.67,27.53,27.64,27.03,26.8,27.84,28.46,28.88,25.96,25.27,26.7,26.65,24.49,24.3,25.7,25.3,26.14,25.62,25.9,26.01,25.92,26.48,26.11,25.93,26.54,25.9,26.77,27.14,29.65,30.7,29.79,30.22,27.68,26.98,27.52,27.72,28.05,27.44,28.47,29.09,26.67,26.74,24.27,26.1,25.37,24.3,24.2,25.13,25.47,26.2,24.59,26.24,25.05,25.7,25.48,25.76,25.29,26.44,26.59,27.22,28.96,28.95,29.23,29.04,27.35,26.33,26.16,26.74,26.28,26.51,26.25,28.25,25.47,25.29,25.94,25.83,25.41,23.95,24.87,24.73,25.65,25.23,25.48,25.37,25.47,25.55,25.76,25.48,25.73,25.97,26.99,26.9,28.42,27.91,28.89,28.92,27.44,26.31,26.97,25.92,26.02,25.92,26.9,27.51,25.77,25.12,25.26,25.75,24.73,24.69,24.62,25.22,24.38,24.93,25.28,25.05,25.61,25.74,25.99,25.56,25.95,25.36,26.24,27.24,28.17,27.85,26.74,26.55,26.02,25.69,26.37,26.82,26.09,26.88,25.7,27.76,26.04,26.43,25.35,24.75,25.46,25.02,25.43,25.73,25.06,24.92,25.13,25.55,25.1,25.49,25.47,25.22,25.81,25.29,26.27,26.9,28.02,27.1,26.93,26.21,26.37,27.14,26.33,26.38,26.57,26.03,26.46,27.7,26.68,25.47,24.75,25.83,25.37,25.22,25.2,25.76,25.12,24.99,24.9,24.88,24.71,25.1,25.31,25.65,24.93,25.58,26.11,26.48,26.87,25.81,26.25,26.23,26.53,26.03,26.35,26.56,26.28,26.65,27.48,27.51,26.33,25.24,25.02,24.53,25.08,25.25,25.17,25.11,25.18,25.53,25.8,25.2,24.75,25.43,25.71,26.13,25.62,25.89,26.31,26.19,26.5,27.18,26.17,26.94,25.43,25.79,26.51,26.57,26.68,26.42,26.62,26.79,26.38,25.87,25.38,25.53,25.62,25.59,25.72,25.71,25.97,25.74,25.05,25.39,24.86,25.21,25.64,25.78,25.74,25.8,25.58,26.27,25.91,26.34,26.77,26.82,25.76,26.39,25.87,26.86,26.38,25.74,27.05,26.81,25.63,26.17,25.15,24.99,25.33,25.76,25.47,24.99,25.69,25.51,25.24,25.62,24.99,25.19,25.7,26.09,25.92,25.31,25.6,26.09,26.37,26.44,26.54,26.9,26.31,26.34,26.49,26.64,26.74,27.87,28.08,27.11,26.44,25.52,25.46,25.15,25.47,25.15,25.25,25.81,25.21,25.81,25.57,25.66,24.84,25.28,25.79,25.74,26.04,25.39,26.24,26.12,26.18,26.43,26.24,26.11,26.85,26.73,26.28,26.78,26.44,27.03,26.75,26.88,26.33,26.08,26.01,26.0,25.94,25.32,25.67,25.73,26.12,25.83,25.6,25.25,25.84,25.21,26.09,25.82,25.66,25.56,26.08,26.47,26.22,26.25,26.33,26.79,27.14,26.45,26.13,26.37,26.82,27.55,26.28,27.33,26.15,26.12,26.04,25.79,26.58,25.87,25.98,25.52,25.2,25.14,25.2,25.42,24.88,25.65,26.11,26.26,25.82,26.18,25.41,25.69,25.57,25.84,26.46,26.65,26.3,26.9,26.44,26.9,27.04,27.17,26.95,26.72,25.98,25.77,26.26,25.72,25.8,25.29,25.27,25.18,25.47,25.49,25.7,25.46,25.59,25.92,25.54,26.11,25.81,25.51,26.51,25.88,25.79,26.21,25.73,26.12,26.11,26.29,26.87,26.45,26.54,27.2,26.94,27.59,26.78,26.52,25.36,25.72,25.19,25.75,25.76,26.16,25.37,25.87,25.55,26.16,25.83,25.14,25.67,26.44,25.68,25.81,26.35,25.84,25.43,26.24,25.75,27.03,26.34,26.55,26.23,26.54,27.36,26.91,26.56,26.81,26.6,25.78,25.75,26.19,26.12,24.76,26.12,25.11,25.37,25.48,26.67,25.96,25.69,25.5,26.07,25.74,26.14,25.8,25.86,26.12,25.77,25.92,26.26,26.5,26.27,26.36,26.47,26.79,27.35,26.95,27.63,26.53,25.39,26.11,24.99,26.02,25.51,25.79,25.58,25.98,25.65,25.38,25.02,25.64,25.53,25.55,25.65,25.43,26.03,25.86,26.36,26.27,26.76,26.41,26.23,26.46,26.74,26.17,25.72,26.57,26.72,26.64,27.22,27.36,25.9,24.9,25.03,25.66,25.3,26.42,26.08,25.81,25.44,25.48,25.48,25.55,25.51,25.14,25.98,25.38,25.6,25.45,26.22,26.33,26.29,25.68,26.65,26.3,26.67,26.03,27.37,26.85,26.54,26.78,27.38,27.63,25.93,25.95,24.14,24.74,25.46,26.0,26.09,25.66,25.91,25.57,26.2,26.4,26.04,24.94,25.68,26.13,25.82,25.64,25.45,26.56,25.81,25.89,26.13,26.44,26.46,26.16,26.11,27.17,27.19,26.29,27.29,27.82,25.78,26.38,24.76,25.76,25.98,25.96,26.1,25.69,26.04,25.15,25.53,25.92,25.41,26.05,26.4,26.25,25.92,26.46,26.34,25.84,25.91,25.82,26.36,26.39,26.28,26.74,27.11,26.74,26.97,26.75,27.66,27.95,26.25,25.37,26.27,25.98,25.73,26.33,25.83,25.65,25.72,25.48,25.14,25.54,25.48,25.55,25.66,25.92,25.87,25.73,25.59,26.38,26.14,26.28,26.9,26.79,26.51,26.26,26.14,27.25,25.68,26.74,26.44,28.0,26.96,26.04,25.7,25.43,25.44,25.74,26.28,26.46,26.19,25.55,25.08,24.7,25.73,24.92,26.0,25.66,26.03,25.95,26.21,26.23,25.96,26.11,26.46,26.12,25.17,26.26,26.38,26.67,27.24,27.01,27.46,27.18,25.81,25.76,25.15,25.86,25.3,25.35,25.44,25.7,25.15,25.97,25.21,25.31,26.11,25.68,25.14,25.92,25.29,25.52,25.55,25.66,25.96,26.43,25.63,26.46,25.93,25.99,25.48,26.04,26.14,27.19,27.1,28.63,27.04,26.19,26.21,25.95,25.6,25.47,25.93,25.11,25.3,25.44,25.88,24.65,25.48,25.49,25.49,25.75,25.29,25.2,25.47,25.53,26.16,25.57,26.04,26.04,26.16,25.83,26.36,26.67,26.38,26.73,27.69,28.95
2020-06-29 16:09:09.9019,0,25.43,28.65,25.76,24.16,23.27,25.22,24.05,25.09,25.06,25.94,25.83,25.32,26.28,25.82,26.17,26.39,26.15,26.04,25.95,26.54,28.54,28.98,30.51,31.61,28.01,27.53,27.11,28.17,27.54,27.84,26.18,30.18,26.78,25.65,26.25,26.46,25.04,23.43,25.37,24.34,25.4,26.38,25.76,26.17,26.19,25.98,25.33,25.96,25.26,25.8,25.56,26.5,29.12,29.93,30.77,30.82,28.14,27.33,26.99,27.39,27.23,26.76,28.9,29.14,25.82,26.02,26.1,24.94,24.72,24.64,25.76,25.28,24.66,25.39,24.35,25.21,25.32,25.7,25.99,25.64,26.51,25.84,26.13,26.74,27.64,28.7,30.16,28.77,27.23,26.92,26.5,27.07,25.95,26.51,27.67,27.54,27.23,25.54,24.2,25.48,24.92,24.63,25.17,24.76,24.71,25.12,25.22,25.4,26.06,25.81,25.76,26.21,25.97,26.0,26.4,26.81,28.65,28.77,29.4,28.94,26.61,26.48,26.19,26.76,26.37,27.23,26.9,27.54,26.22,25.72,25.47,24.51,24.75,25.59,24.51,24.54,24.66,24.8,25.42,25.64,25.08,25.63,25.79,25.34,25.87,25.59,26.38,26.68,28.52,28.08,27.72,27.41,26.97,26.63,26.25,26.67,26.44,26.21,26.94,26.88,26.04,24.88,25.88,24.61,24.86,25.64,25.71,24.96,25.68,25.32,24.9,25.23,25.1,24.97,25.47,25.46,25.91,25.63,26.59,27.25,28.35,27.79,26.69,27.08,26.5,26.91,26.33,26.41,26.57,27.7,26.85,27.32,25.94,25.84,24.95,25.18,25.1,24.94,24.96,24.73,25.86,25.22,25.14,24.88,24.42,25.31,25.75,25.45,25.86,25.28,26.13,26.48,26.36,26.24,25.71,25.88,26.07,26.41,27.05,26.41,26.76,26.02,26.62,26.39,26.15,26.18,25.51,24.24,25.08,25.28,25.17,25.26,25.77,25.22,25.16,25.22,24.95,25.46,25.41,25.45,25.43,25.82,25.62,26.81,26.6,26.27,26.39,26.17,26.26,26.8,25.85,27.42,26.38,26.3,27.14,26.82,25.87,25.52,25.25,25.84,25.1,25.05,24.5,25.35,25.32,25.52,25.4,25.28,25.18,25.31,25.47,25.88,25.57,25.32,26.18,26.56,26.13,26.54,26.58,26.39,26.35,26.15,26.53,26.33,25.68,26.48,27.07,27.33,26.69,25.34,25.31,25.17,25.33,25.39,25.35,25.38,25.25,25.54,25.35,25.54,24.8,25.03,25.99,25.45,25.54,25.52,25.98,26.12,25.89,26.17,26.12,26.71,26.31,26.25,26.74,26.8,26.18,26.3,26.43,26.96,25.94,25.86,25.48,25.76,26.15,24.89,25.52,25.69,25.56,25.6,25.39,25.26,25.05,25.29,25.91,26.01,25.61,26.23,26.07,26.12,25.63,26.43,26.68,26.33,26.21,26.16,26.55,26.39,26.88,26.61,27.58,26.72,26.33,26.62,26.01,25.57,25.41,25.34,25.32,25.99,25.58,25.96,25.5,25.47,25.75,25.42,26.0,25.85,26.02,25.58,26.18,26.5,26.03,26.66,26.84,27.02,26.48,26.14,26.75,26.27,26.54,26.87,27.41,27.36,26.35,25.95,25.77,25.05,25.82,24.72,25.65,25.29,25.44,25.66,25.23,25.62,25.19,25.75,26.31,26.44,26.21,26.0,26.27,25.79,25.88,25.94,26.38,26.23,26.1,26.45,26.72,26.14,26.93,26.74,27.14,27.22,25.98,26.48,25.66,26.19,25.41,25.32,25.15,25.67,26.0,25.83,25.6,25.98,25.12,25.56,26.1,26.59,26.18,25.63,26.33,25.9,25.7,25.94,25.73,26.35,26.22,25.97,26.75,27.1,27.23,27.37,25.96,27.12,26.28,26.52,25.54,25.28,25.48,25.75,25.3,26.05,25.82,25.45,25.88,26.06,25.38,25.43,25.97,26.44,26.08,25.9,26.18,25.93,26.05,25.95,25.98,26.29,26.59,26.67,26.39,26.8,26.96,26.33,28.23,26.3,26.07,26.33,25.13,25.77,25.72,25.95,25.88,25.96,25.8,25.93,25.56,25.68,25.59,26.19,25.6,26.23,26.04,25.45,26.63,26.62,25.58,26.05,26.05,26.41,26.72,25.57,26.6,26.82,27.06,26.84,27.13,27.41,26.15,25.76,25.5,25.56,25.67,25.66,25.1,25.61,25.79,25.16,25.8,25.75,25.45,25.16,26.16,26.02,25.77,25.76,26.1,26.27,26.38,26.1,26.25,26.24,26.88,26.41,26.82,26.98,26.89,26.94,26.9,28.05,25.53,25.47,26.0,26.15,25.86,25.91,25.21,25.96,25.79,25.61,26.02,25.9,25.11,25.76,25.29,25.81,25.8,25.77,26.22,26.05,26.19,26.32,26.1,26.44,26.9,26.54,26.3,27.56,26.69,26.5,27.03,27.83,26.15,24.46,25.35,25.07,25.92,25.15,25.46,25.66,25.58,25.69,26.0,25.41,25.64,25.57,25.81,25.52,25.43,26.05,26.21,25.63,25.83,26.22,25.81,26.32,26.36,26.17,26.13,26.74,27.06,26.45,27.85,28.37,25.39,25.48,25.1,24.96,25.25,25.99,25.44,26.11,25.8,25.89,25.87,26.28,26.36,25.65,25.16,25.96,26.02,25.97,26.45,26.39,26.01,26.07,26.36,26.65,26.41,25.74,26.4,26.47,27.13,26.93,27.3,27.79,26.7,25.77,25.75,24.93,25.13,26.02,25.86,26.21,25.62,25.73,25.89,25.18,25.4,25.66,25.46,25.92,25.89,25.84,25.5,26.15,26.28,25.57,26.29,26.67,26.0,26.12,25.71,26.94,27.02,26.74,28.03,26.99,26.32,25.26,26.06,26.17,24.48,25.61,25.71,25.78,25.67,25.44,25.45,25.34,25.61,25.86,25.66,25.57,25.81,25.98,26.44,26.02,25.72,26.14,26.59,26.15,26.53,25.6,26.22,26.06,26.58,25.99,27.66,26.77,26.59,25.53,26.17,25.86,25.33,24.85,26.09,25.7,25.6,25.83,26.04,25.71,25.37,25.3,25.17,25.79,26.16,25.64,26.2,26.17,25.98,25.91,25.79,25.89,25.22,25.53,25.51,26.38,25.98,26.63,27.13,27.78,26.19,26.23,25.4,25.98,25.43,24.64,25.45,25.61,25.73,25.61,25.61,24.95,24.96,25.01,25.24,25.65,25.91,25.6,25.47,26.21,25.9,26.01,25.9,26.21,26.01,26.17,26.19,25.84,26.19,26.76,27.95,28.98
2020-06-29 16:09:10.0287,0,25.53,27.59,26.63,25.24,24.34,24.45,25.02,25.76,25.15,26.69,25.63,25.91,25.96,26.38,26.54,26.27,26.12,26.32,26.18,25.72,27.8,28.99,30.9,30.86,28.59,28.18,28.86,27.37,28.35,27.15,31.41,30.4,28.18,26.77,25.51,26.56,25.02,24.95,25.19,25.42,25.55,26.04,25.91,26.27,25.67,25.81,25.87,25.39,26.18,26.02,25.72,26.99,29.0,28.81,31.34,31.35,28.75,28.07,27.15,27.48,27.8,26.13,27.34,30.36,25.62,27.14,25.8,26.07,24.13,24.46,25.24,25.14,25.31,24.99,25.9,24.85,25.78,26.1,25.84,25.91,26.13,26.7,26.71,26.52,28.95,30.07,30.39,29.99,27.75,27.66,27.56,26.73,25.68,26.86,27.77,27.73,26.9,26.29,25.91,25.2,25.24,25.37,25.03,25.44,25.27,25.48,25.25,25.37,26.21,25.31,25.68,25.95,26.0,26.32,26.55,27.25,29.26,28.99,29.29,30.07,28.14,27.0,26.34,27.35,26.7,26.41,27.54,27.35,26.1,26.08,24.84,25.38,24.69,25.6,25.03,25.65,24.63,25.46,25.63,25.55,25.29,26.0,26.22,25.49,25.63,26.39,26.47,27.49,28.73,28.45,28.53,27.93,26.67,26.92,26.49,27.13,26.21,26.7,26.83,27.71,27.41,26.36,25.51,24.87,25.01,25.44,25.31,25.45,25.46,25.04,25.4,25.55,25.35,25.5,25.07,25.55,26.38,25.73,26.42,27.12,28.82,28.65,27.54,28.36,27.29,26.74,26.34,27.69,27.36,27.31,27.58,27.82,24.88,26.18,25.54,25.34,24.76,26.2,25.71,25.78,25.12,25.49,25.68,25.48,25.14,25.35,25.54,25.49,25.55,25.63,26.43,27.35,27.52,26.5,27.04,26.61,26.77,26.68,27.54,26.57,26.55,26.96,27.6,27.49,26.12,25.72,25.99,25.29,25.66,25.37,25.33,25.74,25.57,25.31,25.74,25.86,25.31,25.05,25.56,25.85,25.87,25.81,25.97,27.01,27.06,26.68,26.21,27.17,26.41,26.53,26.66,26.13,26.39,27.01,27.81,27.64,26.14,26.37,26.29,24.9,25.46,26.0,25.22,25.87,26.32,26.0,25.6,25.54,25.08,25.65,25.85,26.02,25.28,25.56,26.66,26.32,25.63,26.69,26.36,26.54,26.33,26.66,26.37,26.35,26.21,26.93,27.17,27.14,27.03,26.29,25.62,26.18,26.02,25.49,25.74,26.07,25.62,25.52,25.19,25.74,25.43,25.02,25.95,26.21,25.31,25.99,26.41,26.11,26.61,26.27,26.89,26.91,26.46,26.92,26.26,26.63,27.32,26.83,26.59,27.57,26.91,26.53,26.05,25.31,24.52,25.95,25.85,25.49,25.44,25.32,25.29,25.61,24.86,25.53,26.28,26.25,25.79,26.37,26.26,26.17,26.3,26.96,26.57,26.58,26.75,26.53,27.02,26.67,27.12,27.19,27.03,27.54,26.31,27.38,26.93,26.27,25.43,25.69,25.11,25.97,25.73,25.54,25.65,25.77,25.89,25.52,26.14,25.85,25.9,25.67,26.32,26.4,26.55,26.08,26.88,26.8,26.74,26.35,26.77,27.25,27.24,26.97,27.08,28.11,25.58,26.44,26.01,25.35,25.53,26.02,25.86,25.9,25.43,25.5,25.92,25.87,25.38,25.89,26.13,26.32,26.12,25.96,26.18,25.84,25.88,26.19,26.99,26.38,26.64,26.59,26.31,26.93,27.3,27.18,27.89,27.87,27.5,26.23,26.57,25.99,25.83,25.79,26.14,25.3,26.36,25.61,25.55,25.49,25.65,25.85,26.43,26.23,26.23,26.18,26.11,26.37,26.13,26.23,26.18,26.34,26.47,26.3,27.02,27.33,27.52,27.04,27.58,27.55,26.02,27.35,26.25,26.03,25.31,25.64,26.0,25.49,25.49,26.13,26.28,25.91,25.38,25.95,26.34,26.5,26.45,26.42,26.37,26.18,25.95,26.19,26.28,26.33,26.12,26.82,27.11,26.82,27.76,27.78,27.84,27.64,26.23,25.91,26.21,26.46,25.61,25.27,26.27,25.94,25.74,25.39,25.5,25.87,25.93,25.72,25.84,26.52,26.19,26.1,26.49,26.33,26.22,25.94,26.1,26.72,27.1,26.72,26.88,26.91,27.5,27.22,26.63,27.84,25.51,26.27,26.24,25.55,25.49,25.94,25.32,26.01,26.33,26.07,26.0,26.32,25.35,25.51,26.06,26.37,25.96,26.1,26.38,26.42,26.47,26.45,26.45,26.61,26.52,26.32,26.78,26.86,26.99,26.95,27.85,28.38,26.79,25.92,26.0,25.62,26.01,26.27,25.74,26.05,25.71,25.93,26.17,26.2,25.57,25.36,25.73,26.4,26.14,25.96,26.07,26.85,26.34,26.72,26.58,26.64,27.28,26.63,26.59,26.97,26.99,26.6,27.02,28.27,26.62,25.92,25.78,25.23,25.0,26.57,26.34,26.2,25.8,25.84,26.1,26.33,26.37,25.41,26.11,25.87,25.73,26.29,26.51,26.3,25.71,26.91,26.94,26.12,26.34,26.57,26.65,26.75,26.39,26.76,27.41,27.98,25.95,25.57,25.78,25.39,25.85,26.08,25.73,26.59,26.55,25.87,25.91,26.26,25.99,25.85,26.35,25.95,25.97,26.17,25.86,26.17,26.06,26.27,26.74,26.98,26.93,26.73,26.56,27.0,27.28,26.56,28.36,28.07,26.17,25.33,26.4,25.79,25.23,26.33,26.24,25.52,25.46,26.13,25.62,26.05,25.26,25.48,26.33,26.07,25.43,25.77,26.27,26.64,26.37,26.43,26.51,26.7,25.7,26.14,27.01,26.79,25.96,27.06,28.71,28.57,26.5,25.76,25.86,25.73,25.44,25.24,26.59,26.3,25.96,25.93,25.48,25.68,25.76,25.62,26.04,26.46,26.52,25.62,26.14,26.93,26.11,26.24,26.49,26.88,25.74,26.52,25.77,26.95,26.57,27.13,27.02,27.74,25.94,27.68,26.07,26.41,25.25,26.34,26.19,25.55,25.69,26.53,26.26,25.46,25.59,25.7,25.64,25.95,25.65,25.79,25.92,25.69,25.44,26.72,25.75,26.89,25.61,26.29,26.26,26.37,26.8,27.35,29.33,29.36,25.82,26.08,25.78,26.86,25.77,25.76,25.78,25.39,25.46,26.13,25.91,25.72,25.38,25.49,25.02,26.0,25.82,25.82,25.76,25.66,25.93,26.64,25.92,26.74,25.12,25.8,25.36,26.11,26.54,26.47,28.4,28.42
2020-06-29 16:09:10.1569,0,24.36,26.17,25.19,27.57,24.19,24.47,23.66,26.45,25.95,26.09,25.35,26.48,25.96,25.82,26.27,26.8,25.98,26.57,25.91,26.68,27.25,28.14,28.7,30.57,27.97,27.86,28.18,27.03,26.78,28.4,27.85,32.75,26.79,27.63,25.35,25.14,24.31,24.27,24.7,25.28,25.85,25.75,26.04,25.58,26.06,26.07,26.11,25.78,26.03,25.24,26.63,26.32,28.19,27.73,31.34,30.5,28.91,27.93,28.93,26.43,28.05,28.13,28.03,30.74,26.35,26.26,25.66,27.07,25.18,24.64,23.56,25.74,25.17,25.25,24.58,25.73,25.65,25.7,25.22,26.0,26.11,26.91,26.09,26.86,29.18,30.17,30.39,30.51,27.62,27.95,25.65,25.9,26.44,27.65,27.35,29.3,26.23,25.26,26.71,25.62,25.9,24.9,24.87,25.16,25.25,24.94,25.48,25.61,25.24,25.17,26.46,25.23,25.97,26.07,26.76,26.29,29.47,29.09,29.78,29.03,27.17,26.58,26.82,26.23,27.06,26.09,28.09,26.9,26.8,26.32,24.88,26.45,25.48,25.44,23.6,26.04,25.26,25.06,25.02,25.76,24.93,25.85,25.53,26.01,26.26,25.92,25.89,26.79,28.38,28.87,28.52,28.87,27.46,26.9,25.19,27.43,26.39,26.55,26.49,27.32,26.85,25.43,25.36,24.73,24.86,25.0,25.3,24.92,25.43,24.66,25.6,24.61,25.31,24.82,25.69,25.09,25.49,25.59,26.81,27.53,29.44,28.3,28.32,27.75,27.02,26.6,26.75,26.81,26.73,26.01,27.99,27.88,25.12,26.4,24.73,25.67,25.21,25.22,24.79,25.38,25.7,26.03,24.66,25.88,24.48,25.41,24.89,25.55,25.42,25.99,26.4,27.72,27.71,27.94,26.68,27.5,26.88,26.91,26.6,27.4,26.72,27.28,26.76,27.51,26.15,25.58,25.51,24.67,25.36,25.09,25.43,24.97,26.0,24.84,25.81,25.18,25.57,25.62,25.62,25.21,25.43,25.58,26.41,26.88,26.71,26.55,27.04,26.58,26.26,26.64,27.16,26.69,27.28,25.47,26.62,26.22,26.54,26.05,24.41,26.16,25.6,25.99,25.33,25.72,25.17,26.07,25.36,26.01,24.85,25.02,25.72,25.88,25.73,26.08,25.27,26.17,25.9,26.94,25.7,26.83,26.2,26.51,26.37,26.99,26.07,27.22,25.85,26.47,26.7,25.46,26.09,25.12,25.73,24.95,26.08,24.97,25.69,25.39,25.97,25.2,24.8,25.08,25.61,26.08,26.3,25.57,26.27,25.79,26.08,26.23,27.06,26.24,26.76,26.09,26.74,27.01,26.74,26.69,27.59,26.91,26.07,26.38,25.12,25.76,25.45,25.67,25.11,26.16,25.41,25.92,25.05,25.76,24.82,25.57,25.78,26.38,25.66,26.23,26.04,26.21,25.98,26.14,25.92,26.97,26.4,26.5,25.9,27.04,25.87,27.04,26.24,27.38,27.02,24.7,26.16,25.23,26.2,25.94,26.5,25.37,25.47,25.5,25.7,25.03,25.17,25.48,26.09,26.18,25.84,25.63,26.27,26.18,26.41,25.94,26.84,26.35,26.48,26.32,26.75,26.35,27.36,26.97,27.41,26.98,25.61,26.8,25.42,26.24,25.13,26.13,25.25,25.75,25.83,26.39,25.29,25.52,25.15,26.22,26.28,26.72,25.9,26.09,25.86,26.35,26.04,26.33,26.24,26.75,26.51,26.33,25.93,27.16,26.89,26.75,25.94,28.05,27.01,25.75,27.01,25.11,25.54,25.91,25.75,25.28,25.89,25.68,25.8,25.15,25.59,25.33,26.19,25.82,26.0,25.68,26.24,26.05,25.98,25.61,26.34,26.1,26.66,26.39,27.12,26.17,27.09,26.62,27.26,26.58,26.23,26.0,25.03,26.32,26.11,25.62,25.26,25.93,25.79,26.3,25.54,26.37,25.63,25.99,25.56,26.54,25.76,26.09,25.47,26.6,26.21,26.05,25.32,26.5,25.76,27.25,25.96,27.19,27.2,27.06,26.71,27.32,27.48,26.45,26.36,25.72,26.39,25.52,26.6,26.04,25.8,25.36,26.17,25.43,25.31,25.77,26.35,26.2,25.95,25.88,26.53,25.81,26.17,26.01,25.64,26.48,26.84,26.81,26.99,26.64,27.78,26.94,27.63,26.85,26.47,26.11,25.13,26.49,25.63,25.53,24.93,25.99,25.3,25.82,25.54,26.17,25.41,26.14,25.34,26.51,25.83,25.96,25.76,26.97,26.24,26.2,26.43,26.9,26.27,26.53,25.98,26.57,26.41,26.79,27.03,27.71,26.09,25.24,26.64,25.79,25.72,25.59,26.33,25.79,25.44,26.01,25.59,25.54,25.52,25.22,25.88,25.57,25.9,25.43,26.02,25.91,26.91,26.07,26.43,26.06,26.32,25.77,27.5,26.28,27.42,27.21,28.24,26.73,25.52,26.14,25.14,26.05,25.15,26.14,25.68,26.05,25.42,26.16,25.29,26.63,25.71,25.68,25.56,26.44,25.7,26.05,25.54,26.46,26.54,26.55,25.66,26.79,26.45,26.67,25.81,27.32,26.72,26.92,26.18,28.37,26.55,25.24,26.12,24.74,25.98,25.94,26.5,26.32,26.16,25.73,26.32,25.34,26.05,25.29,26.3,25.19,26.02,25.72,26.35,26.45,26.02,26.14,26.59,26.14,26.03,26.34,26.54,26.14,27.28,26.73,27.85,28.3,26.65,26.17,25.34,25.8,25.71,26.18,24.82,26.21,25.58,25.86,24.76,25.06,25.01,26.0,25.75,26.71,25.74,25.62,25.68,25.46,26.12,26.63,25.24,26.04,25.56,26.66,26.57,26.79,25.99,26.22,26.02,28.0,26.75,25.21,26.25,24.52,26.39,25.87,26.71,26.3,25.8,26.04,25.94,25.05,25.84,25.48,25.66,25.87,25.7,25.71,25.98,26.09,26.55,25.85,26.47,25.71,25.58,25.97,25.77,25.69,27.41,26.99,28.26,26.93,26.04,25.76,24.12,26.64,25.45,25.69,25.42,26.93,25.69,26.24,25.06,26.36,25.58,25.68,25.13,25.67,25.76,25.88,25.28,26.55,25.81,26.43,25.19,26.6,25.03,25.68,24.96,26.21,26.3,26.07,26.6,28.63,26.76,25.92,25.61,25.52,25.6,25.61,26.88,24.76,26.3,25.41,26.29,25.17,25.35,25.09,26.0,25.73,25.42,25.8,25.85,26.03,26.16,25.82,25.9,26.02,26.16,25.81,26.69,25.78,26.93,26.89,29.28,28.91
2020-06-29 16:09:10.2854,0,27.91,25.73,25.51,24.38,24.45,24.27,24.94,24.91,26.16,25.47,26.28,25.45,26.01,25.67,25.77,25.7,26.16,25.63,25.96,26.12,26.31,27.15,28.75,29.35,28.18,27.85,27.49,26.82,27.55,26.68,29.65,30.81,26.77,26.01,26.46,25.21,24.85,24.51,25.52,25.67,25.54,25.8,25.6,25.35,25.38,25.32,25.71,26.36,25.51,25.55,25.82,26.1,27.78,27.09,29.92,30.4,28.29,28.3,26.98,27.4,27.84,28.2,29.32,29.17,26.71,25.52,25.51,24.73,25.57,25.12,25.31,24.82,25.08,25.24,25.68,24.81,25.82,25.69,25.75,25.02,26.75,26.31,26.62,26.85,29.22,30.16,31.08,30.5,28.51,27.35,26.51,26.73,27.38,26.5,27.41,28.59,26.22,26.21,24.38,26.06,24.41,24.96,24.56,25.21,24.43,25.39,25.47,25.53,25.93,25.93,25.75,25.28,25.72,26.93,26.28,27.63,29.58,30.32,30.41,30.88,27.84,27.49,26.02,26.45,26.18,27.42,28.08,28.42,25.38,25.91,25.48,25.39,25.23,25.28,25.51,24.53,24.8,25.8,25.43,25.15,25.31,25.06,25.12,25.66,25.87,25.47,27.6,28.22,29.42,29.08,29.15,28.62,27.24,26.22,26.7,26.97,26.61,26.03,26.34,26.64,26.02,25.09,25.69,25.99,24.85,25.8,24.73,25.23,25.42,25.08,25.12,26.15,25.3,25.31,25.24,25.89,25.8,25.85,27.01,28.33,28.45,28.56,28.08,28.51,26.75,27.43,26.46,26.86,26.4,27.22,26.64,27.33,26.71,24.71,25.29,24.35,24.82,24.92,25.36,25.11,25.27,24.87,25.26,24.98,24.95,25.3,25.65,25.33,25.86,25.47,26.74,27.71,28.59,27.72,27.06,27.03,26.92,27.15,25.98,26.69,26.92,26.8,26.63,26.57,25.39,26.19,24.68,25.37,24.92,25.69,25.03,24.64,25.64,25.11,25.69,25.12,24.53,25.36,25.2,25.36,25.42,25.43,26.5,27.02,27.21,27.94,27.03,26.85,26.25,26.32,26.23,27.15,26.22,26.61,26.26,26.28,27.13,25.51,25.42,25.05,25.51,25.44,25.13,24.97,26.0,25.07,25.72,25.58,25.18,25.39,25.57,26.06,25.1,25.88,26.28,26.06,26.43,26.03,26.17,26.27,25.9,25.67,26.93,26.06,26.98,26.47,26.91,26.98,26.33,26.72,25.92,25.49,25.99,25.8,25.46,25.14,25.35,26.08,26.06,25.65,24.89,25.13,25.69,25.74,25.44,25.81,26.16,26.51,25.97,26.57,26.32,26.51,26.53,26.25,26.86,26.02,26.59,26.6,27.09,26.29,26.3,25.85,25.8,25.6,25.9,25.92,25.52,25.45,24.8,25.69,25.1,25.05,25.35,25.37,25.64,26.19,26.25,25.38,25.89,25.92,26.5,26.52,26.79,26.53,26.44,26.83,26.44,26.25,27.03,26.6,27.26,27.21,27.01,26.63,26.0,26.18,25.01,25.61,25.07,25.42,25.89,25.55,25.19,25.38,25.35,25.43,25.44,26.04,25.74,26.05,25.61,26.6,26.21,26.28,26.11,26.61,26.47,26.82,26.86,26.4,27.08,27.3,27.24,27.37,26.18,25.77,25.92,25.49,26.09,25.86,25.9,25.86,25.56,25.44,25.43,25.31,25.29,25.07,26.32,25.88,25.85,25.71,25.63,25.87,25.98,25.74,26.59,26.53,26.11,25.98,26.72,26.51,26.8,26.45,27.64,27.04,25.97,26.15,25.05,26.64,25.92,25.45,25.74,26.25,25.78,25.73,25.79,25.99,25.11,26.14,25.99,26.32,26.08,26.19,25.86,25.91,25.59,26.15,26.02,26.25,26.43,26.55,27.11,26.99,26.95,26.82,27.42,26.8,26.11,26.34,26.62,25.56,26.16,25.61,25.91,25.8,25.72,25.97,25.79,25.95,25.67,25.51,26.07,25.97,25.99,25.89,26.56,26.21,25.46,25.84,26.3,26.28,26.71,26.43,26.65,26.79,28.1,26.17,27.42,27.14,25.17,26.0,26.04,25.33,25.44,25.83,25.75,25.74,25.47,25.73,25.85,25.69,25.01,25.73,25.96,26.24,25.85,26.2,26.24,25.48,26.16,25.95,26.04,26.42,26.6,25.93,25.95,26.83,26.48,27.28,27.12,27.25,26.53,25.75,25.03,25.86,26.37,25.65,24.98,25.73,25.46,25.37,25.91,25.63,25.46,25.35,25.58,25.32,25.58,25.26,25.61,26.36,26.49,25.89,26.26,26.01,26.08,26.16,26.56,26.56,26.76,26.78,27.08,26.47,25.52,24.94,25.99,25.85,25.43,25.51,25.2,26.09,25.43,25.73,25.58,25.69,24.8,25.77,25.47,25.52,25.79,25.58,26.01,26.36,25.97,26.02,25.65,26.33,26.66,26.3,26.02,26.89,26.09,26.97,26.67,27.84,25.77,25.57,25.7,24.89,25.93,26.83,26.65,25.39,26.18,25.91,25.9,26.39,25.55,25.56,25.92,25.71,25.44,25.93,26.32,26.03,26.69,26.64,26.74,25.96,26.74,26.66,26.14,26.16,27.23,26.43,27.5,27.99,25.96,25.11,24.57,26.13,25.68,26.28,25.96,25.85,25.67,26.25,25.86,26.18,26.04,25.87,25.87,25.97,26.32,26.08,25.7,26.19,25.03,26.08,26.35,27.01,25.9,27.29,26.25,26.63,26.49,26.95,26.93,27.99,26.3,25.56,25.77,25.27,26.24,24.93,25.87,26.61,26.01,25.85,25.78,25.41,26.08,25.31,25.69,26.36,25.9,26.05,25.73,25.57,26.17,26.03,26.68,25.52,26.94,26.52,26.63,26.16,26.54,27.07,28.24,27.18,25.24,25.89,25.31,25.29,25.11,26.24,25.27,26.36,25.4,25.84,25.19,25.23,24.9,25.53,25.42,26.03,25.57,25.65,26.2,26.03,25.71,25.79,25.94,26.54,25.71,25.33,26.52,26.23,26.57,26.53,27.05,28.52,26.85,25.97,25.79,25.26,25.68,24.84,26.1,25.84,26.03,25.26,25.65,25.56,25.76,25.04,25.43,26.03,26.05,25.63,26.08,25.78,25.99,25.76,26.21,26.02,25.96,25.06,25.85,25.51,26.53,27.18,27.14,28.33,26.74,26.73,26.2,25.99,25.76,25.85,25.11,25.78,25.58,25.9,26.0,25.78,25.34,25.28,25.23,26.3,25.9,25.37,25.46,25.44,25.76,26.02,25.61,25.93,25.7,25.87,25.34,26.54,24.7,26.39,26.87,29.33
2020-06-29 16:09:10.4140,0,27.84,27.88,26.49,23.98,25.17,25.25,25.24,24.62,26.12,25.67,25.95,25.07,26.11,26.13,26.55,25.75,26.39,25.81,26.75,26.58,26.84,27.9,27.51,28.48,27.82,27.06,27.64,26.68,27.98,27.89,31.27,27.65,26.43,26.97,25.62,25.16,25.27,24.29,24.9,24.47,24.98,25.91,25.37,25.73,25.96,25.41,25.36,26.58,26.32,26.15,26.54,26.87,26.88,27.87,27.96,28.9,28.79,28.1,27.38,27.54,28.5,28.14,27.22,29.64,27.24,27.73,25.87,25.56,25.36,25.17,25.11,24.41,25.46,25.29,25.77,24.73,25.78,25.98,25.83,25.67,26.12,26.11,26.58,26.89,29.31,29.1,30.79,30.54,29.03,28.57,26.15,26.95,27.69,26.74,28.19,28.66,27.03,24.83,26.17,26.01,24.79,25.08,24.76,25.46,24.88,25.09,24.88,25.24,24.91,25.18,25.44,25.59,26.23,26.2,26.9,28.18,29.84,30.64,30.82,31.23,28.02,27.3,26.38,26.89,26.23,25.91,26.71,28.36,26.6,26.16,25.44,24.2,25.18,24.72,25.47,24.58,25.52,25.22,25.39,24.84,25.27,25.22,25.31,25.6,25.84,25.73,27.78,28.7,29.39,29.34,29.82,29.38,28.25,27.2,26.66,26.41,26.4,26.58,25.9,27.14,25.26,26.23,25.04,25.26,25.05,25.31,25.2,25.46,25.1,25.04,25.05,25.08,24.7,25.37,25.39,25.32,25.63,25.71,27.37,28.08,28.49,28.75,27.78,28.83,26.54,26.87,26.36,26.97,26.61,26.52,26.31,27.08,27.05,25.51,24.41,24.57,25.36,25.67,25.45,25.28,25.59,25.03,25.66,25.36,24.38,24.82,25.31,25.38,25.23,25.51,26.5,27.13,28.03,28.5,27.81,27.3,27.24,26.32,26.48,26.31,26.58,26.21,26.76,26.44,25.81,25.23,25.06,24.84,24.83,24.83,25.34,25.86,25.68,25.75,25.3,24.75,24.68,25.12,25.65,25.52,25.27,25.79,26.15,26.58,27.36,28.52,26.96,27.27,26.76,26.77,26.81,26.7,26.12,27.65,26.48,26.96,26.55,26.08,26.48,24.79,25.34,26.15,25.22,25.14,25.86,25.66,25.47,25.32,25.44,25.63,25.72,25.81,25.64,25.64,26.54,26.1,26.4,26.57,27.19,26.53,26.67,26.19,26.76,26.76,27.23,26.37,26.36,26.85,26.38,25.82,24.56,25.29,25.23,25.09,25.26,25.22,25.73,25.83,25.28,25.51,24.55,25.57,25.83,26.18,25.67,25.86,26.21,26.37,25.72,26.44,25.84,27.0,26.68,26.8,26.78,26.76,26.35,26.41,27.47,27.95,25.73,26.41,25.92,25.49,25.33,25.44,25.84,25.26,25.31,25.84,25.46,25.39,24.93,24.85,25.88,25.77,25.39,26.07,26.6,25.77,26.37,26.17,26.65,26.15,26.52,26.87,26.89,26.43,26.3,26.51,27.39,26.76,26.02,26.58,25.12,25.84,25.58,25.69,24.76,26.08,25.51,25.72,25.04,25.44,25.49,25.58,25.76,26.09,25.69,25.83,26.02,26.09,26.34,26.34,26.05,26.46,26.41,26.9,25.8,27.0,26.58,26.56,26.48,27.32,26.83,26.16,26.19,26.13,25.66,25.78,25.5,25.2,25.62,25.8,25.8,25.46,25.16,25.87,25.92,26.2,26.55,26.12,25.96,26.1,25.37,26.27,26.25,26.06,26.96,26.36,26.94,26.43,27.45,27.06,27.6,27.09,25.85,26.1,25.85,26.3,25.97,25.66,25.19,25.75,25.5,25.59,25.54,25.95,25.16,25.82,26.04,26.56,25.94,25.87,26.08,25.87,25.73,26.11,25.76,26.52,25.92,26.4,26.16,26.69,27.54,27.2,26.81,27.74,25.53,26.56,25.19,25.31,25.85,25.4,25.63,25.84,25.26,25.48,25.44,25.79,25.44,25.93,26.12,26.2,25.68,26.3,26.53,26.16,26.02,26.38,26.37,25.57,26.45,26.82,26.48,26.84,28.06,27.09,27.71,27.19,26.47,25.95,25.64,26.63,25.89,26.18,26.04,26.4,25.3,25.79,25.69,25.85,25.53,26.16,25.92,26.3,25.8,26.07,26.19,26.49,26.01,26.91,26.19,26.49,26.3,26.12,26.0,26.39,26.67,27.38,27.17,27.37,26.48,25.62,26.11,24.81,26.33,26.09,25.82,25.53,26.21,25.52,25.77,25.25,25.42,25.98,25.83,26.15,25.64,26.18,25.77,26.01,26.15,26.34,26.55,26.06,26.85,26.68,26.39,26.75,27.16,27.28,27.56,26.88,26.49,25.43,25.72,25.33,26.31,25.19,25.75,25.68,25.48,26.46,25.84,25.97,25.15,25.73,25.82,26.17,25.54,25.93,25.46,26.42,26.53,26.08,26.35,26.63,26.12,26.63,26.34,26.57,26.43,27.68,26.9,27.96,25.34,25.8,25.82,25.44,26.03,26.17,25.95,25.83,26.14,26.07,26.08,25.67,25.4,26.03,25.98,25.76,26.12,26.08,25.97,26.39,26.23,25.6,25.9,26.01,26.46,26.96,25.67,25.63,27.19,26.8,27.46,27.12,25.44,26.19,25.32,25.58,25.59,26.52,25.48,25.81,25.96,26.09,26.25,26.14,25.12,25.51,25.51,25.3,26.06,25.83,25.96,26.25,25.94,26.48,25.81,26.15,25.82,26.86,26.58,26.58,26.07,27.53,27.34,27.75,26.45,25.61,26.08,25.84,26.04,26.06,25.83,25.69,25.85,25.51,25.74,25.22,24.91,25.47,25.98,25.62,26.52,25.88,26.15,26.18,26.13,26.2,26.51,26.45,26.24,26.43,25.98,26.21,26.82,26.43,27.61,27.85,25.95,25.83,25.19,25.42,25.16,25.73,25.32,25.6,25.71,26.05,25.36,26.04,26.34,25.49,25.47,26.11,25.96,25.83,25.9,26.45,26.35,26.59,25.99,26.24,26.16,26.12,26.42,26.66,26.45,27.87,27.51,28.68,25.55,25.58,25.74,25.9,25.63,25.39,26.37,25.74,25.99,26.14,25.34,25.48,25.21,25.71,25.63,25.58,25.77,26.15,25.91,25.83,26.21,25.81,26.3,26.35,26.36,25.42,25.64,25.22,27.03,26.11,27.8,27.83,27.93,26.66,25.25,26.53,25.65,26.31,25.01,25.57,25.92,26.7,25.52,25.59,25.13,25.23,24.65,25.36,25.46,25.94,24.87,26.43,25.81,25.7,25.8,26.9,25.9,26.13,25.57,26.83,27.15,27.48,28.01,30.23
2020-06-29 16:09:10.5420,0,25.4,25.75,24.95,24.62,24.4,25.21,24.37,24.58,25.5,25.64,24.92,24.88,25.97,24.86,25.73,25.57,26.26,25.24,25.92,25.99,26.28,26.73,26.91,27.06,27.5,27.52,26.9,26.45,27.27,27.55,26.73,30.84,25.96,26.98,26.47,26.01,24.3,23.39,24.35,25.46,25.25,25.32,25.33,25.18,25.39,25.82,25.85,26.06,26.16,25.51,25.96,26.33,26.57,26.92,27.05,27.72,27.99,27.63,26.81,27.18,27.64,27.92,25.83,27.38,27.24,26.26,26.66,26.3,25.7,24.13,24.35,24.37,24.77,25.25,24.85,25.73,25.9,25.58,25.84,25.76,25.29,26.2,26.34,26.37,27.62,28.33,29.09,30.64,28.75,27.8,26.96,26.23,27.34,27.08,28.47,27.9,25.47,24.84,25.17,25.08,25.08,24.76,24.57,25.17,24.98,25.75,24.84,25.37,25.47,25.9,25.52,25.71,25.73,26.43,26.64,27.01,29.23,28.98,30.79,30.72,29.21,28.3,25.87,27.39,27.4,26.1,26.9,27.8,25.98,26.12,24.16,25.4,24.41,24.84,24.48,24.67,25.14,25.18,24.79,25.04,25.16,25.07,25.54,25.11,25.73,26.13,26.57,28.12,29.73,29.75,30.05,29.71,29.03,27.17,26.66,27.13,26.73,26.88,26.71,26.88,25.22,26.04,24.47,25.61,24.1,24.72,24.88,25.33,25.18,25.16,24.9,25.08,24.55,25.16,25.03,25.43,25.49,25.5,27.02,27.76,28.68,29.18,29.24,29.65,27.01,27.66,26.32,26.97,26.09,27.02,25.69,26.68,26.1,25.47,24.92,24.2,24.93,25.91,25.19,24.99,25.47,25.34,24.89,25.33,25.12,25.3,25.72,25.75,25.13,25.07,26.1,27.0,28.03,28.05,27.81,27.38,27.48,26.28,26.48,26.7,27.04,27.28,27.3,26.77,25.02,25.23,25.02,25.65,25.07,25.38,24.79,25.61,25.53,25.53,25.48,25.84,24.33,25.23,25.11,25.42,25.33,25.69,25.81,26.68,28.14,27.8,27.47,27.61,26.14,25.79,26.37,26.84,26.23,26.27,26.09,27.7,26.02,26.39,24.9,25.22,25.34,26.25,24.6,25.59,25.18,25.19,25.26,24.86,25.15,25.21,25.44,25.58,25.64,25.7,26.06,26.17,26.69,27.14,27.4,26.39,26.44,27.33,26.38,26.6,26.8,25.74,27.21,27.33,25.63,26.51,24.68,25.6,25.46,26.02,25.22,25.71,25.69,25.4,25.35,24.9,25.18,25.38,25.23,26.37,25.35,25.21,25.7,25.51,26.27,26.73,25.91,26.26,25.63,26.57,26.61,26.11,26.74,26.27,26.6,27.61,26.26,26.54,25.92,25.46,25.73,25.15,25.37,24.87,25.64,25.49,25.16,24.45,24.93,25.19,25.6,25.92,25.67,26.13,26.04,26.21,25.79,26.14,26.14,26.11,26.52,26.38,26.03,26.01,26.72,26.61,26.58,26.05,25.8,25.06,25.08,25.39,24.88,25.7,25.79,25.85,25.36,25.93,25.1,25.54,24.79,25.3,25.81,26.28,26.02,25.55,25.8,26.09,26.12,26.34,26.22,26.36,25.93,26.34,26.99,27.13,26.54,26.28,27.08,27.16,26.15,26.12,24.82,25.64,25.27,25.11,25.38,25.75,25.73,25.66,25.8,25.22,24.97,25.93,25.82,25.71,26.0,25.53,25.78,25.69,25.56,25.55,25.74,26.02,26.3,26.56,26.56,26.65,26.76,27.03,26.45,26.55,25.29,26.28,25.21,25.72,25.28,25.54,25.27,25.52,25.25,25.38,25.3,25.06,25.12,25.63,26.0,26.01,25.72,26.24,25.77,26.34,25.79,26.11,26.24,26.53,25.88,26.17,26.0,26.44,26.54,26.5,26.77,27.75,26.25,26.52,25.04,25.57,25.32,24.97,25.39,26.28,25.37,25.44,25.95,26.16,25.35,25.61,25.75,26.35,25.96,25.34,25.77,25.45,26.12,26.14,25.64,26.5,26.34,26.32,26.23,26.54,27.78,27.05,27.39,26.81,26.25,25.44,25.59,26.04,25.59,25.92,25.64,25.46,25.15,25.26,25.14,25.55,25.11,25.5,25.79,26.49,25.76,25.98,26.05,26.11,25.87,26.22,25.84,26.6,25.81,26.82,26.6,26.79,26.63,26.37,27.13,27.71,26.67,25.22,24.83,24.93,25.92,26.46,25.45,25.98,25.76,25.7,25.45,25.43,25.22,25.94,25.74,25.72,26.03,26.24,25.58,26.57,26.04,26.51,26.55,25.91,26.39,26.17,27.05,25.89,26.72,27.09,27.04,27.18,24.6,25.44,25.03,25.18,25.99,25.6,25.46,26.05,25.21,25.92,25.26,25.66,25.21,25.53,25.68,25.78,25.89,25.93,25.82,26.12,26.08,26.7,26.1,26.19,26.2,26.15,26.03,27.39,26.24,26.32,26.34,27.8,26.5,25.39,25.32,25.56,25.6,26.0,25.56,25.27,26.15,25.69,25.64,25.3,25.62,25.36,26.19,25.82,26.22,25.63,25.87,26.35,26.23,26.0,26.48,26.09,26.46,26.67,26.53,25.74,26.57,26.91,27.46,27.45,25.78,24.69,25.44,24.93,25.25,26.38,25.84,26.08,25.32,25.27,25.18,25.69,25.83,25.3,25.36,25.83,25.92,25.94,25.07,25.73,25.8,25.93,25.89,26.98,26.53,26.09,25.97,26.59,27.13,26.75,26.57,27.95,25.63,24.77,25.18,24.58,25.57,25.87,25.26,25.22,25.72,25.6,25.5,25.06,25.25,25.66,26.21,26.26,25.75,25.84,25.92,25.92,26.36,25.69,26.26,26.04,25.58,26.12,26.59,26.01,26.5,26.91,27.42,27.8,25.68,26.04,24.57,25.6,24.8,25.58,25.71,25.6,25.41,25.41,24.46,25.44,25.38,25.38,26.0,25.65,25.92,25.61,26.55,26.22,25.6,25.87,26.08,26.11,25.99,26.26,25.76,26.03,26.58,27.01,26.25,27.83,25.56,26.2,25.95,25.07,24.61,25.35,25.43,25.7,25.57,26.24,25.21,25.7,25.47,25.55,25.26,25.42,25.52,26.12,25.42,25.66,25.83,25.9,25.62,26.6,25.92,25.07,25.31,24.83,27.39,26.81,27.1,28.35,25.07,26.44,25.0,25.75,25.25,26.14,25.45,25.26,25.59,25.15,24.79,25.33,24.96,25.49,24.98,25.75,25.16,25.7,25.6,25.53,24.85,26.11,26.04,25.89,25.41,25.98,25.19,26.15,25.64,26.34,26.07,27.96
2020-06-29 16:09:10.6698,0,24.9,27.42,25.73,25.31,24.41,23.54,23.85,24.23,25.19,25.79,25.95,25.61,25.42,26.23,25.6,25.84,26.26,25.9,25.65,26.68,26.0,26.02,26.46,26.75,27.34,27.19,26.53,26.64,27.28,28.13,27.89,27.58,25.97,26.3,25.8,25.8,23.19,24.11,24.36,25.3,25.7,25.32,25.9,25.87,25.65,26.08,25.46,26.19,25.9,26.41,25.97,26.2,25.76,25.81,26.76,26.38,27.06,27.31,27.35,26.63,27.23,27.2,29.77,29.1,25.79,25.78,25.27,25.72,25.03,24.8,23.88,24.68,25.6,25.39,24.85,24.69,25.91,25.7,25.72,25.88,25.41,26.08,25.98,26.37,26.39,27.09,27.11,29.17,27.77,27.95,26.8,27.08,27.17,26.9,26.81,28.26,26.24,25.95,25.75,24.89,25.41,24.92,24.28,25.03,24.57,25.23,25.22,25.62,25.0,25.07,25.64,25.36,25.62,26.09,26.4,26.19,27.24,27.06,29.27,29.05,29.35,28.16,26.81,26.74,27.06,26.47,26.9,26.93,26.61,25.52,24.72,25.4,25.04,24.38,24.91,25.22,25.27,24.8,24.92,25.4,24.83,25.74,25.32,25.34,25.84,25.36,26.35,27.12,29.73,29.97,30.18,30.31,29.8,27.83,26.08,27.28,26.57,26.38,26.71,26.88,25.22,26.04,25.53,25.27,24.86,25.61,24.47,25.2,24.94,24.8,24.78,24.86,24.66,25.16,25.46,25.64,25.27,25.39,27.02,27.11,28.89,29.51,30.38,31.06,28.54,28.3,26.18,27.12,26.25,27.02,26.27,27.09,25.14,25.65,25.25,25.02,24.78,25.91,25.59,25.12,25.24,25.8,24.56,25.33,24.91,24.58,25.21,24.93,25.43,25.58,25.6,26.99,28.14,28.36,29.02,27.84,27.97,26.78,25.94,26.7,26.58,25.86,26.24,26.96,25.21,25.78,24.7,25.01,24.65,24.97,25.05,24.98,24.94,25.42,25.27,25.85,24.75,25.23,25.11,25.22,25.03,25.69,26.51,26.89,27.43,28.21,27.57,28.18,26.96,27.14,25.98,26.98,26.53,26.89,26.79,27.52,25.66,25.52,25.54,25.38,25.34,24.65,24.6,25.35,25.52,25.63,25.05,25.28,25.25,24.82,25.35,25.87,25.83,25.6,26.06,26.07,26.89,28.13,27.19,26.71,26.44,26.15,26.64,26.46,27.09,26.04,27.21,26.82,26.16,26.0,25.62,24.68,25.46,25.1,25.35,25.71,25.58,25.73,25.55,25.82,24.7,25.29,25.51,25.81,25.16,25.59,25.98,26.09,26.27,27.72,26.33,26.58,26.2,26.57,26.99,26.25,26.32,27.29,26.93,27.95,26.09,26.21,25.61,25.61,26.26,25.02,25.49,25.1,25.2,25.81,24.76,25.66,25.32,25.0,26.25,25.55,25.21,25.67,25.58,26.11,26.28,26.72,26.04,26.64,26.08,26.38,26.16,26.39,27.41,26.33,26.26,26.38,26.15,26.08,25.85,25.69,25.54,25.44,24.72,25.15,25.58,25.62,25.2,25.65,24.5,25.3,25.9,26.01,25.93,26.01,26.17,26.28,26.12,26.05,26.12,25.94,26.15,26.56,26.25,26.62,27.36,26.57,26.44,26.84,25.97,26.79,24.98,24.3,25.28,25.36,24.9,25.63,25.42,25.45,25.6,25.42,25.36,25.27,25.55,26.08,26.0,25.81,25.97,25.88,26.14,25.84,25.74,25.61,25.86,27.12,26.19,26.65,26.9,26.6,26.79,26.89,25.98,25.94,25.66,26.16,25.28,25.16,25.27,25.18,24.93,25.9,25.5,25.66,24.65,25.82,26.09,26.38,26.18,25.88,26.23,25.88,25.79,25.72,25.62,26.22,26.21,26.52,26.62,26.83,27.37,26.64,27.1,27.59,26.43,26.35,25.04,25.28,25.72,25.23,25.4,25.81,25.37,25.76,25.65,26.36,25.93,25.8,26.04,26.44,25.96,25.8,25.77,26.03,25.43,25.94,25.96,25.96,26.34,25.85,25.98,26.28,27.36,26.18,27.39,26.98,26.25,25.96,26.06,25.14,25.72,25.67,26.0,25.94,25.37,25.48,25.45,25.75,25.69,26.07,26.07,26.3,26.13,26.08,26.63,26.12,26.17,25.72,25.53,26.07,26.61,26.13,26.09,26.53,27.49,26.81,27.14,27.21,25.57,25.76,25.63,25.87,25.51,25.92,25.32,26.11,25.76,25.92,25.56,26.06,25.13,25.55,25.74,25.92,25.45,25.85,25.87,25.67,26.25,25.69,25.9,26.35,26.05,27.12,27.06,26.84,26.13,26.79,26.7,26.84,25.9,26.5,24.87,25.03,26.27,25.61,25.71,25.43,25.67,26.14,25.7,25.55,25.11,25.54,25.58,25.28,25.7,25.35,25.52,26.33,26.6,25.98,26.32,26.41,26.2,26.27,26.57,26.16,26.24,26.63,28.07,27.45,26.31,24.83,25.15,25.23,25.75,25.57,26.35,25.4,25.91,25.46,25.53,25.63,25.83,25.04,25.48,25.62,25.92,25.22,25.87,26.35,26.23,26.11,26.02,26.32,26.71,26.04,26.11,26.46,27.04,26.6,26.2,27.82,25.4,25.26,25.44,25.09,25.26,25.96,25.97,26.21,25.56,26.1,25.87,26.25,25.73,25.41,25.78,25.52,25.61,25.74,25.92,26.15,26.01,26.04,26.01,26.39,25.66,26.48,26.26,26.3,26.34,27.06,26.94,27.19,26.25,25.77,24.99,25.8,25.42,25.72,25.83,26.07,26.11,25.86,24.66,25.9,25.26,25.43,25.54,25.58,25.87,25.51,25.81,25.92,25.9,26.51,26.52,26.17,26.11,25.57,25.84,26.63,27.16,26.74,27.23,27.2,26.33,25.64,25.33,25.43,25.12,25.74,25.42,26.03,25.15,26.06,25.69,25.07,25.15,25.15,25.43,25.77,25.81,25.84,26.1,25.64,25.96,25.51,26.21,25.86,25.85,25.85,25.61,26.51,26.41,27.71,27.87,27.83,25.56,25.76,25.75,25.47,24.79,24.35,25.91,25.39,25.57,26.24,25.08,25.18,25.47,25.17,25.39,26.16,25.53,25.52,26.17,26.17,25.44,26.04,25.62,26.32,25.19,25.23,25.31,25.36,25.77,26.63,27.81,27.79,26.49,24.98,25.41,25.75,25.08,25.47,25.61,25.58,25.73,25.43,25.34,25.06,25.48,24.72,25.62,25.5,25.42,25.2,25.98,25.66,25.12,26.11,25.9,26.04,25.26,25.06,24.85,26.15,24.35,26.34,27.43,27.63
2020-06-29 16:09:10.7980,0,25.89,26.59,24.95,25.08,24.02,24.1,24.9,25.26,26.12,25.79,25.51,24.89,25.98,25.41,25.33,25.16,25.87,25.51,25.37,26.13,26.28,26.16,26.31,26.44,27.51,26.01,26.91,27.03,27.28,28.41,27.89,30.19,25.14,26.64,27.14,25.8,23.19,24.12,25.37,24.31,25.1,25.48,25.33,25.04,25.39,25.82,26.24,25.67,25.52,25.77,25.57,25.94,25.49,26.51,26.18,26.53,26.91,26.99,26.99,27.18,27.64,26.25,29.34,30.23,25.5,25.54,25.08,26.3,24.52,24.14,24.66,25.29,24.63,24.98,24.19,25.6,25.18,26.07,26.08,26.0,25.18,26.2,25.5,26.37,25.65,25.96,26.17,27.29,26.49,27.36,26.96,25.56,25.2,27.84,27.09,27.2,26.99,24.84,26.13,26.02,24.75,23.46,24.72,25.61,25.11,24.56,25.48,25.62,25.35,25.43,26.11,25.48,25.74,25.74,26.4,26.43,25.81,26.33,27.61,27.08,28.26,28.02,26.35,26.74,26.54,25.74,26.18,27.22,25.77,25.92,24.9,25.75,25.5,25.14,24.48,25.09,24.51,24.8,25.16,25.17,24.84,24.96,25.77,25.56,25.19,25.7,25.68,26.34,27.49,28.98,28.89,30.31,30.32,29.29,26.81,27.43,26.25,26.21,25.7,27.32,25.43,26.04,25.0,25.44,24.86,25.02,24.88,25.07,24.81,24.68,24.67,25.43,25.31,25.06,25.03,26.29,25.17,24.97,26.16,26.13,29.33,28.75,29.93,30.71,30.29,29.46,27.6,27.13,26.41,26.53,26.85,27.5,25.72,25.66,24.25,25.02,24.79,25.36,24.94,24.99,24.39,25.57,25.01,25.22,24.6,24.89,25.42,25.45,25.33,25.48,25.4,27.1,28.46,28.57,29.35,29.33,29.03,27.9,26.62,26.98,27.19,26.81,27.13,26.02,26.15,25.79,25.18,24.69,25.65,24.7,25.3,25.24,25.06,25.2,25.7,25.09,25.06,25.23,25.52,25.43,25.33,25.2,26.11,26.99,28.45,28.73,28.86,29.18,27.31,27.39,27.03,26.98,26.53,26.73,25.92,27.52,26.2,26.39,25.7,25.53,24.8,25.45,25.1,25.47,25.3,25.19,25.48,25.28,24.77,25.11,25.54,25.97,25.45,25.89,26.16,25.78,27.19,28.13,28.03,27.47,26.44,26.63,26.77,26.2,26.52,25.74,26.88,27.51,26.34,26.0,24.84,25.45,25.46,24.97,25.96,25.71,24.92,25.3,25.87,25.31,24.9,24.81,25.61,26.19,25.26,25.31,26.36,25.8,27.04,28.01,27.16,27.01,25.75,26.22,26.49,26.77,26.03,26.27,26.27,27.62,25.74,25.69,24.67,25.0,25.6,25.67,25.37,26.04,25.32,25.18,25.37,25.66,25.32,25.28,25.98,26.01,25.77,26.13,25.58,26.02,26.28,26.82,26.45,26.75,26.41,26.84,26.16,26.39,26.45,26.89,27.39,26.89,26.15,25.92,25.08,26.3,25.41,25.45,25.08,25.62,25.47,25.42,25.2,25.45,24.5,24.93,26.45,26.01,25.93,25.37,25.62,26.76,25.93,26.25,26.23,26.15,26.48,26.23,26.38,26.24,26.68,26.99,26.6,27.01,25.98,26.12,25.44,25.65,25.28,25.75,25.15,25.29,25.63,25.45,25.4,25.32,24.79,25.65,25.55,26.44,26.1,26.09,26.43,25.88,25.38,26.24,26.05,26.44,26.3,26.1,26.69,26.65,26.63,27.45,26.62,27.22,25.98,26.11,25.21,25.57,25.67,24.78,25.27,25.99,25.57,25.49,25.5,25.07,25.41,25.63,25.36,26.29,25.91,25.69,25.87,26.16,25.7,25.82,25.73,26.02,26.55,26.52,26.37,26.57,26.68,27.07,27.75,27.59,26.43,26.52,25.05,26.62,25.59,25.88,25.16,25.81,26.02,25.45,25.35,26.26,25.35,25.33,25.85,26.26,25.87,25.53,26.25,26.31,25.73,26.44,26.06,26.4,26.12,26.44,25.98,26.41,26.37,26.91,26.9,27.15,25.72,26.3,24.82,25.9,25.86,26.06,25.28,25.47,25.59,25.59,25.56,26.06,25.5,25.31,26.07,25.64,25.67,25.52,25.77,26.02,26.07,26.22,26.26,26.5,25.93,26.13,26.73,26.92,26.64,26.52,27.63,27.04,25.39,24.34,24.67,25.4,25.09,25.66,25.58,25.98,25.65,25.93,26.1,26.06,24.73,25.56,25.35,26.12,25.26,25.47,25.68,26.08,25.64,26.31,26.01,26.02,26.4,26.29,26.39,26.71,26.43,26.79,26.88,27.01,25.53,25.44,25.84,25.5,26.0,25.34,25.58,25.68,25.56,25.59,25.91,26.09,25.21,25.74,25.49,25.78,25.8,25.74,26.22,26.23,26.19,25.78,26.65,25.97,26.2,26.15,26.44,26.03,26.83,26.02,27.21,27.28,25.93,25.39,24.82,25.07,25.61,25.15,25.7,25.4,25.08,26.39,25.31,25.74,25.41,25.68,25.48,25.93,25.41,25.84,26.5,25.63,26.13,26.11,25.79,26.79,25.85,26.17,25.4,26.31,26.42,26.45,27.47,27.26,25.98,25.45,24.76,24.93,25.69,25.53,26.11,25.69,25.8,25.63,25.76,25.47,25.83,25.52,25.57,25.73,25.3,26.15,26.03,26.05,25.91,25.93,26.36,26.63,26.28,26.23,26.26,26.74,26.5,26.44,28.39,27.2,25.43,25.77,24.63,25.63,24.63,26.02,25.55,26.76,24.95,26.24,25.14,25.78,25.14,25.77,25.77,25.92,25.65,25.84,25.93,25.92,26.14,26.16,26.14,26.17,25.98,26.39,25.69,26.79,26.01,26.74,27.03,29.41,25.9,25.84,25.88,24.9,26.08,25.74,26.43,25.47,25.67,26.06,24.96,25.56,25.26,25.5,26.11,25.89,25.81,26.07,26.1,26.46,26.32,25.63,26.47,25.99,25.72,25.43,25.77,26.03,26.41,27.19,27.06,26.96,26.81,25.98,25.75,25.86,25.13,25.35,25.28,25.85,25.29,25.42,25.21,25.57,25.09,24.29,25.15,25.42,25.65,25.88,25.67,25.41,25.96,25.51,26.04,26.32,25.2,25.23,25.31,25.53,26.5,26.07,27.1,26.35,25.35,26.68,26.42,25.15,25.6,24.44,26.09,26.37,25.02,25.86,25.47,25.74,25.35,24.6,24.86,25.5,25.29,25.7,25.98,25.8,25.38,26.25,25.9,25.89,25.11,25.22,25.19,25.46,25.65,26.92,28.22,28.62
2020-06-29 16:09:10.9262,0,27.04,26.73,27.41,24.98,23.58,25.53,24.69,25.56,25.48,25.92,26.09,25.45,25.56,26.63,26.15,26.11,26.0,26.43,26.34,25.69,25.43,26.71,26.75,26.57,26.83,26.82,27.23,27.35,28.6,29.1,28.62,27.73,27.34,26.45,26.38,26.16,25.36,24.08,24.82,25.44,25.82,25.76,25.74,26.15,26.58,25.29,26.24,26.07,26.41,25.65,26.23,27.01,26.02,26.51,25.87,27.42,27.65,27.28,26.94,27.14,26.94,27.83,28.18,26.98,26.23,26.39,25.82,25.85,24.66,24.6,25.1,25.41,25.19,24.83,25.12,25.6,25.8,25.58,25.73,25.16,25.79,26.09,25.63,25.52,26.4,26.21,26.44,26.73,25.9,27.05,27.1,27.04,26.06,27.59,26.68,27.34,26.37,24.76,25.5,25.6,25.86,25.06,25.0,25.02,25.11,24.97,24.97,25.26,25.71,25.44,25.42,25.5,26.32,25.76,26.29,26.45,26.05,25.24,26.69,26.42,28.11,27.45,26.79,26.55,27.36,26.43,27.51,27.08,25.06,26.25,25.59,24.82,24.87,26.02,25.04,25.08,24.77,25.31,25.17,25.41,25.52,25.53,25.79,25.57,25.87,26.37,26.6,26.69,26.25,27.64,28.31,29.48,29.29,29.54,27.95,27.86,26.71,27.51,26.85,27.46,25.35,25.98,25.66,25.41,25.14,25.31,25.56,25.47,25.56,25.3,25.38,24.76,25.11,25.19,25.48,25.03,25.93,25.85,25.42,26.7,27.82,28.45,29.59,29.91,30.53,30.35,28.15,28.29,28.12,27.0,26.79,27.43,26.24,25.41,24.39,24.66,24.92,25.34,24.94,25.37,25.73,25.35,25.36,25.68,24.74,25.12,25.35,25.36,25.57,25.5,26.04,26.5,28.38,29.21,30.13,30.13,30.8,29.49,28.49,27.11,26.72,27.09,26.2,25.96,26.65,24.46,25.31,25.47,25.49,25.39,25.56,25.5,25.89,25.1,25.39,25.33,24.98,25.37,25.64,25.46,25.85,25.63,26.24,26.42,28.67,28.96,29.3,30.31,29.97,29.81,26.9,27.53,26.81,27.18,26.75,27.12,25.98,26.17,25.84,25.03,25.34,25.71,25.61,24.98,25.55,26.08,25.4,25.61,25.0,25.33,25.58,25.61,25.78,26.3,26.1,26.49,27.81,28.15,28.99,28.56,27.71,27.45,27.03,26.33,26.8,26.91,27.01,26.42,27.0,25.28,25.12,25.13,25.99,25.24,25.59,25.97,26.04,25.65,26.09,25.55,25.31,25.23,25.17,26.13,26.04,25.25,26.11,26.42,27.17,28.24,28.11,28.1,27.22,27.17,27.24,27.3,27.57,27.0,27.23,27.25,26.23,26.33,25.75,25.59,26.13,25.92,25.51,25.82,25.67,25.51,25.4,25.38,25.26,25.69,25.93,25.77,25.62,25.52,26.0,26.81,25.83,26.46,26.79,26.66,26.88,26.74,26.67,26.13,26.58,26.6,26.88,26.85,26.28,24.69,25.21,26.14,25.8,25.84,24.85,25.87,25.49,25.45,25.32,25.18,25.68,24.78,25.94,26.05,26.42,25.69,26.3,26.42,26.63,26.0,26.55,26.39,26.5,26.7,26.14,26.51,27.21,26.56,26.57,28.29,25.77,26.59,24.81,26.07,25.41,25.74,25.04,25.64,25.77,25.68,25.44,24.95,25.02,26.06,26.7,26.02,26.5,26.02,26.29,26.47,25.7,25.67,26.49,26.36,26.66,27.7,27.08,27.03,26.35,26.59,27.09,27.18,25.42,26.08,25.34,26.15,25.8,25.56,25.99,25.78,25.7,25.41,25.83,25.8,25.44,25.48,26.31,26.25,25.94,25.64,26.36,26.2,25.82,25.96,26.06,26.46,26.23,26.65,27.0,26.58,27.22,26.5,27.88,27.4,26.74,25.96,25.65,25.55,25.46,26.39,25.77,25.7,25.83,26.1,25.48,25.78,25.58,25.83,25.89,26.57,26.1,25.93,26.1,26.25,25.86,26.17,25.89,25.98,26.36,27.02,26.75,27.06,27.64,26.89,26.87,26.77,26.38,25.93,25.88,25.58,26.78,25.16,26.13,25.48,25.93,25.19,25.68,26.2,25.81,25.45,26.29,26.63,26.17,25.56,26.28,26.06,26.2,25.65,25.87,26.2,26.62,26.03,25.96,27.06,26.76,26.8,27.59,27.52,25.53,26.06,26.1,26.15,25.51,25.92,25.59,26.11,25.79,26.27,25.8,25.87,25.06,25.38,26.36,25.26,25.98,25.98,26.11,26.5,26.79,26.12,25.93,26.04,26.42,26.42,25.86,26.29,26.57,27.37,28.21,26.79,25.48,25.76,25.49,25.48,25.99,25.61,25.34,25.82,26.48,25.84,26.15,25.69,25.64,25.77,25.71,26.12,25.63,26.17,25.95,26.36,26.52,26.12,26.56,26.33,26.91,26.29,26.7,26.58,27.55,26.77,26.64,27.42,26.07,26.08,24.96,24.71,26.18,26.54,25.96,26.31,25.81,26.28,26.45,26.42,25.86,25.91,26.33,25.95,25.75,26.17,26.11,26.17,26.26,26.13,26.85,26.56,26.6,26.93,26.81,26.3,27.18,26.89,27.61,26.84,25.72,24.65,26.09,25.24,26.26,25.67,26.76,26.22,26.41,25.77,25.31,26.28,25.64,25.76,25.91,26.08,26.25,25.56,25.63,25.97,26.36,26.29,26.48,26.76,26.78,25.98,26.1,26.59,27.1,26.73,26.89,27.53,25.99,25.9,24.77,25.41,25.56,25.69,25.97,26.61,25.73,25.86,25.28,25.67,25.51,26.01,26.35,26.05,25.78,26.3,26.17,26.05,25.8,25.7,26.15,26.04,26.12,26.52,27.18,27.07,26.81,27.04,28.15,27.73,26.25,26.19,26.02,25.22,26.21,25.72,25.84,25.89,25.93,25.69,25.94,25.33,25.28,25.63,26.24,25.68,26.27,25.87,25.88,26.02,26.44,25.77,26.08,25.87,26.79,25.85,25.74,26.18,27.54,27.16,26.59,27.32,26.21,27.88,25.3,25.99,25.27,25.15,26.52,25.67,25.57,26.23,25.62,26.23,25.36,25.18,25.78,25.3,26.03,25.88,25.56,26.29,26.48,26.03,25.9,26.44,25.92,25.36,26.11,25.49,27.0,27.69,27.01,28.2,27.46,25.14,25.75,25.5,26.6,24.59,25.26,25.25,25.86,25.44,25.88,25.61,26.0,25.51,24.74,25.26,25.8,25.84,25.22,26.07,25.77,25.98,26.17,26.47,26.59,26.13,25.32,26.13,26.33,26.87,25.95,26.8
2020-06-29 16:09:11.0549,0,27.51,27.15,25.87,24.53,24.55,24.98,24.69,25.74,25.48,26.53,25.65,25.31,25.97,26.23,26.42,26.12,26.13,26.04,25.92,26.4,26.84,26.58,26.59,27.05,26.51,26.99,26.67,27.36,27.65,28.27,27.45,30.35,26.94,24.72,25.94,25.3,25.18,24.25,24.5,24.61,25.53,25.91,26.32,25.73,26.06,26.88,26.12,25.8,26.42,26.17,26.64,26.21,26.3,26.23,27.34,26.37,27.36,26.63,26.95,27.14,27.37,26.14,30.34,26.36,26.51,26.4,24.61,25.86,24.66,25.11,24.02,25.42,25.19,25.52,25.26,25.86,25.19,25.84,25.61,25.53,25.79,26.45,25.63,26.75,25.66,26.22,26.03,26.46,26.77,26.46,26.62,27.55,26.77,27.41,28.33,28.05,26.88,26.3,26.08,25.22,24.89,25.06,25.31,25.02,25.65,25.23,25.11,25.26,25.49,25.56,25.9,25.39,26.1,25.65,25.83,25.97,26.3,26.47,26.44,26.42,26.75,26.88,27.11,26.22,27.2,26.79,27.76,28.22,25.27,26.86,24.67,25.01,25.02,24.82,23.76,24.81,24.9,25.19,25.17,25.3,25.41,25.76,25.45,25.59,25.76,26.05,26.15,26.14,26.94,26.51,27.59,28.16,28.0,29.03,27.95,27.87,27.36,26.51,27.05,27.46,26.18,25.39,26.19,24.89,25.15,24.86,25.43,25.6,25.57,25.06,25.62,25.45,25.34,24.97,26.04,25.46,25.62,25.64,26.08,26.27,26.95,27.24,29.14,27.9,29.92,29.59,29.0,27.41,26.55,26.01,26.6,27.02,26.05,26.9,25.22,25.65,25.94,25.49,25.46,25.12,25.49,25.82,25.03,25.35,25.05,25.65,25.86,25.99,25.17,25.82,26.04,26.2,27.85,29.22,30.24,30.58,31.03,30.58,29.28,28.24,26.87,27.26,27.44,27.47,25.91,26.29,25.48,24.67,25.78,24.97,26.07,24.87,25.9,25.44,26.05,24.89,25.5,25.67,25.55,25.76,25.47,26.03,26.05,26.62,28.79,29.27,29.73,29.87,30.54,31.11,27.95,28.08,27.42,26.87,27.62,27.47,26.7,26.53,24.41,25.51,25.34,25.85,25.11,25.73,25.66,25.66,25.82,26.04,25.58,25.15,25.77,26.49,26.16,25.55,26.0,26.79,28.39,28.75,28.58,28.68,28.94,28.63,27.41,26.47,27.37,27.36,26.85,27.82,26.83,25.79,25.76,24.97,26.0,25.37,25.24,25.12,25.94,25.75,25.9,25.65,25.41,25.42,26.12,25.75,26.34,26.1,25.74,26.32,27.56,28.73,28.12,28.1,28.34,28.33,27.0,27.3,27.3,27.14,27.73,27.24,26.4,25.83,24.8,25.44,25.34,25.8,25.87,25.48,25.56,26.05,25.4,25.7,24.97,25.42,25.83,25.96,26.08,26.08,26.56,26.44,26.89,27.05,26.69,27.1,27.86,26.86,26.91,27.3,26.86,26.89,26.39,27.02,25.94,26.39,25.99,24.93,25.94,25.58,26.05,25.29,25.82,26.07,25.73,25.68,25.12,25.72,26.13,26.42,26.16,25.97,26.22,26.51,26.25,26.39,26.36,26.5,27.27,27.27,27.13,26.63,27.22,26.84,27.54,27.47,25.77,26.26,25.42,26.08,25.54,25.37,25.52,25.77,25.77,25.9,25.74,25.36,25.59,25.97,26.24,26.3,25.49,26.13,25.55,25.92,25.7,26.27,26.19,26.88,26.77,26.69,26.95,26.66,27.45,27.3,27.09,27.85,26.46,26.25,26.25,25.27,26.45,25.3,26.12,25.55,25.82,25.94,25.74,25.5,25.73,25.77,26.32,26.34,25.95,25.92,26.0,25.83,25.93,25.76,26.07,26.56,26.68,26.88,27.01,26.84,26.95,27.34,27.89,27.56,26.21,26.66,25.8,25.26,25.86,26.78,26.01,26.3,26.04,26.01,26.09,25.89,25.39,25.84,26.08,26.2,25.91,26.13,26.38,26.07,26.16,26.48,25.99,26.95,26.81,26.57,26.5,26.55,27.64,27.48,27.03,27.63,26.92,25.75,25.89,25.43,26.13,25.29,26.02,25.01,25.94,25.72,25.9,26.09,26.11,26.11,26.02,26.35,26.45,25.75,26.67,26.06,26.7,26.36,26.6,26.74,27.42,26.73,26.74,26.8,27.06,26.8,28.26,26.5,26.08,25.72,25.45,25.54,25.78,26.59,25.71,26.37,26.01,26.06,25.8,26.2,25.76,25.69,25.78,26.45,25.88,25.89,26.3,26.71,26.18,26.24,26.58,26.6,26.3,27.02,26.53,26.71,26.86,27.23,27.36,27.85,25.49,24.86,25.33,25.17,25.3,25.2,25.35,25.57,25.92,25.72,26.26,26.01,25.35,25.67,25.62,25.72,26.03,25.88,26.35,26.16,25.91,26.12,26.13,26.44,26.57,26.41,26.97,26.44,27.26,27.22,27.0,27.24,26.07,26.09,25.12,25.21,26.32,26.55,25.96,26.19,26.17,26.41,26.11,26.1,26.49,25.92,25.51,26.06,26.16,26.18,26.22,26.18,26.47,26.36,26.27,26.69,26.35,26.81,26.52,26.74,26.87,27.36,27.24,28.33,26.5,25.59,25.58,25.07,25.69,26.1,26.11,26.09,26.41,25.41,26.01,25.49,25.65,25.76,26.23,25.24,25.85,26.18,25.85,25.97,26.26,25.85,26.61,26.41,26.55,26.88,25.97,26.58,26.8,26.89,27.26,27.33,26.19,26.3,25.13,26.29,25.87,26.46,25.97,26.9,25.47,25.74,26.24,25.08,26.07,25.24,25.68,25.95,26.33,25.76,25.95,26.17,26.04,26.65,26.66,26.18,25.98,26.39,26.43,25.84,26.64,27.73,27.37,27.13,25.83,26.18,26.03,25.57,25.26,25.72,26.28,26.6,25.68,25.55,24.85,25.7,25.86,25.74,25.8,26.02,26.51,25.98,26.35,25.9,25.98,26.13,26.98,26.13,26.13,25.98,26.82,26.33,26.55,27.5,27.8,27.1,26.45,26.79,25.29,26.2,25.44,26.15,26.04,25.84,25.57,26.38,24.81,26.24,25.23,25.31,25.53,25.93,26.27,25.77,25.43,26.05,26.09,25.78,26.45,26.6,26.36,25.67,25.45,26.35,26.27,26.96,27.47,29.05,25.51,27.06,26.36,26.29,24.7,25.61,25.59,25.88,26.02,25.57,25.07,24.93,25.36,24.86,25.25,26.02,26.42,25.96,25.61,26.71,26.17,26.11,26.6,26.75,26.6,25.66,26.34,26.47,25.79,27.06,28.1,28.76
2020-06-29 16:09:11.1831,0,26.9,25.77,26.01,26.69,25.0,24.5,25.44,25.63,26.91,25.51,26.12,26.21,26.54,25.43,25.89,25.87,26.54,25.53,26.08,26.43,25.73,26.75,26.78,26.78,27.2,27.88,27.29,27.43,27.53,29.27,31.3,30.22,28.03,27.34,25.82,25.82,24.33,23.95,25.05,25.15,24.67,25.64,25.21,26.03,25.81,25.7,25.61,26.08,26.31,25.92,26.65,26.62,26.33,25.55,27.08,26.85,27.86,27.48,27.19,26.83,27.25,26.98,29.36,30.25,26.97,26.52,25.69,25.74,25.21,24.99,23.9,25.31,25.34,25.68,25.27,25.75,25.44,25.72,25.98,25.42,25.79,26.22,26.36,26.76,26.53,25.98,26.85,26.62,26.22,27.09,26.17,26.93,27.36,27.3,28.21,26.86,26.76,26.18,26.16,26.59,25.1,25.42,25.78,25.34,25.8,25.11,25.37,25.51,25.73,25.68,26.01,25.96,25.99,26.45,25.72,26.32,26.07,25.86,26.59,26.83,26.49,26.9,26.68,26.92,26.91,27.4,27.88,28.1,26.21,25.54,25.28,25.77,24.9,25.16,24.35,25.38,25.67,25.08,25.41,25.42,25.62,25.32,24.77,25.91,25.97,25.72,25.47,26.14,26.71,26.05,26.99,27.07,26.7,27.19,27.4,27.9,26.75,27.07,26.12,27.79,26.26,25.66,25.38,25.63,24.88,25.48,24.77,25.88,24.84,25.3,25.85,25.33,24.79,25.18,26.03,25.45,25.51,25.84,26.4,26.15,26.28,26.56,27.42,27.66,28.31,28.06,28.61,28.17,26.75,27.86,28.01,27.1,25.74,26.6,25.1,24.88,26.25,25.24,25.99,25.27,26.09,25.59,25.13,25.02,24.83,25.33,25.43,25.47,25.55,25.5,26.22,26.3,27.31,28.49,29.8,30.25,30.33,30.35,29.68,28.82,27.82,27.46,27.32,27.35,25.42,26.16,24.55,25.03,25.24,26.08,25.71,25.51,25.79,25.66,25.29,25.65,24.97,25.45,25.84,25.94,25.74,25.61,26.53,26.7,28.47,29.25,30.05,31.28,30.21,30.75,29.64,29.46,27.75,27.52,27.16,27.35,26.94,25.37,25.08,25.4,25.77,25.47,25.36,25.74,25.99,25.21,25.7,25.51,25.46,25.33,26.22,25.7,26.14,25.44,26.17,26.67,27.78,28.54,28.98,29.42,29.82,29.9,28.56,27.41,26.97,26.21,27.23,26.66,26.72,26.86,26.11,25.16,26.16,25.78,25.85,25.61,25.93,25.74,25.58,25.94,25.01,25.49,25.72,26.2,25.47,25.32,26.38,26.68,28.3,28.9,29.13,29.03,28.67,29.24,27.64,27.44,26.91,27.6,27.94,28.31,26.98,25.89,25.79,25.48,26.27,25.82,26.1,25.6,25.77,25.72,25.28,25.78,25.04,25.4,25.62,26.13,26.33,25.97,26.16,26.71,28.01,27.32,27.59,27.3,27.64,27.32,27.16,26.67,27.01,27.48,27.25,27.74,26.17,25.76,25.72,26.46,25.43,25.72,25.34,26.1,25.92,25.43,26.11,25.76,25.1,25.13,26.47,26.11,25.77,25.57,26.29,26.2,26.14,26.56,26.76,27.33,27.37,27.03,27.26,26.51,27.25,27.0,27.59,27.67,26.34,27.49,25.91,26.11,26.2,26.02,25.52,26.0,25.33,25.58,25.82,25.44,25.37,25.77,26.21,26.37,26.57,25.92,26.26,26.0,25.77,26.06,26.27,26.67,26.65,26.47,26.83,27.05,27.61,26.48,28.27,27.41,26.35,26.63,25.98,25.74,25.82,25.56,25.89,25.77,25.7,25.5,25.82,26.07,25.14,25.74,26.58,26.31,26.29,25.99,26.62,26.26,25.52,26.13,26.36,26.54,26.24,27.1,27.14,27.22,27.53,26.8,27.77,27.6,26.09,26.54,25.68,25.9,26.01,26.03,25.65,26.18,25.39,25.79,25.57,26.08,25.56,26.11,25.21,26.56,25.98,25.64,26.36,26.53,26.14,26.36,25.97,26.31,26.81,26.92,26.38,26.69,28.36,26.64,27.9,27.68,25.92,26.66,26.38,26.81,25.88,26.2,26.02,25.84,25.72,25.82,26.19,25.87,25.71,26.47,25.81,25.85,25.88,25.81,26.74,26.71,26.39,26.14,25.97,26.51,26.06,26.84,26.75,27.07,27.37,26.97,27.82,27.57,26.33,25.96,25.81,26.04,26.49,25.41,25.84,25.51,25.89,25.73,26.0,26.61,25.04,25.67,25.76,26.14,25.95,25.68,26.48,26.39,26.57,26.43,26.57,26.26,26.41,26.19,26.54,26.87,26.89,26.97,28.43,27.56,26.47,26.7,25.54,26.77,26.43,25.89,26.23,25.95,25.58,25.93,26.04,25.89,25.44,25.45,26.19,26.1,25.72,26.05,26.53,26.34,26.72,26.92,26.67,26.54,26.69,26.89,26.32,27.0,26.71,27.55,27.92,27.3,25.56,25.79,25.34,26.07,25.19,26.44,26.1,26.33,26.4,26.41,25.55,25.87,25.32,25.59,25.8,25.64,26.24,26.17,26.2,26.27,26.25,26.67,26.38,26.69,26.6,26.57,26.69,27.19,27.67,27.09,27.12,28.03,26.77,26.21,25.8,25.61,25.71,25.98,26.66,25.96,25.82,26.23,25.78,25.71,25.75,25.74,26.42,26.27,25.94,26.27,26.05,25.85,25.6,26.5,26.38,26.52,26.31,27.14,26.85,26.61,26.52,27.55,28.05,27.78,27.3,25.79,25.56,26.17,25.75,25.28,25.28,27.06,26.38,25.5,25.28,25.32,25.39,26.24,25.89,25.94,26.1,25.64,26.28,26.06,26.38,26.18,26.54,26.19,26.39,26.14,26.16,26.96,26.68,27.1,27.44,28.43,25.92,25.66,25.53,24.38,25.14,26.07,26.16,25.34,25.82,26.33,25.47,25.33,26.09,26.42,26.02,26.01,26.05,26.19,25.66,26.36,25.86,26.49,26.36,25.62,25.74,26.0,26.86,26.68,27.1,27.2,27.69,27.63,26.08,27.33,25.57,26.08,25.49,24.7,25.77,26.03,25.03,25.71,26.42,25.2,24.85,25.45,25.65,25.44,25.91,26.02,25.94,26.19,26.87,26.45,26.05,27.04,26.24,25.55,25.49,25.55,27.05,27.02,28.53,28.65,25.94,26.46,26.44,25.57,25.62,25.99,26.59,25.6,26.18,25.59,26.17,25.62,26.02,25.13,26.14,26.02,25.56,25.96,25.75,26.07,25.92,26.26,26.34,26.78,26.33,26.46,25.88,26.69,26.22,26.94,28.77,28.64
2020-06-29 16:09:11.3137,0,26.88,27.85,26.0,25.1,25.18,24.86,24.91,25.28,25.66,25.81,26.26,25.77,25.84,25.56,25.47,25.73,26.14,26.19,26.48,25.44,26.43,25.75,25.85,26.93,26.87,26.54,28.01,26.85,27.28,27.29,31.29,30.21,25.99,25.28,24.92,26.44,24.32,24.3,24.88,25.8,25.26,26.07,25.2,25.19,25.54,25.83,25.34,25.94,26.18,25.78,26.12,25.94,25.5,25.96,25.9,26.99,26.93,27.47,26.65,26.46,26.2,27.93,27.62,28.54,26.96,25.07,25.28,24.96,25.54,24.82,24.82,25.3,25.47,25.54,24.86,25.36,25.67,25.6,26.09,25.41,26.25,25.86,26.59,26.39,26.4,25.73,26.17,26.21,27.07,26.79,26.97,25.74,26.82,27.1,28.2,27.22,26.0,26.17,25.58,25.65,24.6,24.93,24.59,25.03,25.53,25.5,25.11,25.63,25.6,25.79,25.78,25.96,26.21,26.21,25.95,25.96,25.94,26.46,25.53,26.82,25.51,27.03,26.2,26.42,25.87,27.03,26.68,28.09,26.83,25.14,25.27,25.59,25.2,25.31,25.06,24.83,25.41,25.2,25.76,25.06,25.4,25.09,25.32,25.69,26.18,25.38,25.91,26.02,27.04,25.81,27.58,27.06,26.29,26.65,26.38,26.23,26.42,26.39,27.71,26.67,25.24,26.05,25.02,24.58,25.02,25.33,24.2,25.34,24.95,25.42,25.15,25.09,24.24,25.28,24.94,25.22,25.61,25.93,25.31,25.81,26.49,26.55,26.24,26.82,26.9,27.79,27.34,27.42,25.79,26.87,27.82,27.91,25.54,24.55,24.59,24.71,26.1,25.79,25.99,25.39,26.08,25.12,25.12,25.46,24.82,25.01,25.63,25.26,25.04,25.29,26.21,26.08,27.62,27.64,29.14,29.68,29.39,29.98,29.28,27.42,28.26,26.35,27.31,26.6,25.04,25.79,25.2,24.86,25.09,25.53,24.42,24.74,25.43,25.65,25.07,25.09,24.66,25.44,25.33,25.83,25.15,25.8,26.33,26.7,27.85,28.63,30.35,30.51,30.77,30.39,29.38,28.22,27.15,27.51,26.46,27.34,26.75,26.06,25.71,24.77,25.62,25.6,25.6,25.0,25.87,25.32,25.59,25.51,25.55,25.13,25.83,25.79,25.84,25.53,25.97,25.99,27.87,28.34,29.69,29.62,30.25,30.01,29.8,27.27,27.24,26.94,27.39,26.83,26.53,26.52,25.17,25.61,25.61,25.37,24.63,25.36,25.49,25.84,25.36,25.22,24.33,25.29,26.0,25.72,25.75,25.88,26.0,26.67,27.54,28.31,28.0,29.54,29.75,30.14,28.13,28.84,26.05,27.73,26.29,27.62,26.62,25.54,25.93,24.86,25.21,25.17,25.62,25.24,25.98,25.61,25.38,25.28,25.52,25.39,26.17,26.03,26.14,25.5,26.24,26.61,28.29,27.41,27.58,27.72,28.28,27.31,27.27,26.54,27.83,26.06,26.91,26.73,25.12,26.09,25.56,25.85,25.56,25.84,25.33,25.51,24.84,26.05,25.41,25.75,25.0,25.78,26.19,26.47,25.95,25.56,26.01,26.38,26.52,27.32,27.06,27.64,27.37,28.03,26.03,27.01,26.97,26.85,27.26,27.83,26.85,26.31,25.75,24.92,26.19,25.12,25.51,25.53,25.53,24.84,25.81,25.83,25.08,25.57,26.57,26.55,26.1,26.01,26.07,26.09,26.15,25.76,26.67,26.35,26.42,26.8,27.07,26.67,26.63,26.34,27.28,26.57,25.31,26.79,24.62,26.02,25.3,26.31,25.77,25.76,25.48,26.02,25.72,25.77,24.95,26.39,25.56,26.39,25.83,26.25,25.61,25.88,25.42,26.02,26.05,26.33,26.34,26.75,26.51,26.96,26.69,27.35,26.95,27.59,26.96,26.19,25.52,25.44,25.6,25.64,26.48,26.06,25.91,25.68,25.76,25.98,25.55,25.63,26.69,26.46,26.15,25.73,26.45,26.42,25.93,25.96,26.07,26.2,26.57,26.11,26.49,26.69,26.94,27.07,28.05,26.32,26.97,26.48,26.22,25.6,26.27,26.45,25.66,25.59,25.17,25.28,26.08,25.86,25.32,25.89,25.9,26.31,26.06,26.64,26.55,26.03,25.89,26.43,25.86,26.72,26.29,26.72,25.72,27.19,26.65,27.39,25.99,27.56,26.5,24.89,25.48,25.88,26.07,25.41,25.71,25.26,25.66,25.83,25.99,25.76,25.43,25.28,26.04,25.84,26.23,25.58,26.66,26.09,26.36,25.91,26.77,26.15,26.52,26.43,26.53,25.91,26.58,26.81,27.23,27.03,25.37,25.98,25.86,26.13,25.18,26.15,25.6,25.81,25.57,25.7,25.5,25.98,24.72,25.74,25.3,26.19,25.72,25.45,25.84,26.43,25.79,26.71,26.34,26.97,25.75,26.76,26.45,27.4,26.56,27.39,27.4,28.15,26.51,25.78,25.67,25.09,26.48,26.15,26.1,25.29,25.68,25.59,26.32,25.65,26.25,25.59,26.0,25.53,25.93,25.65,25.88,25.95,26.45,25.8,26.37,25.99,26.59,26.56,26.82,26.47,26.58,26.93,28.01,27.47,25.61,26.57,24.6,25.27,25.42,25.97,26.39,26.09,26.06,25.87,25.66,26.37,25.74,25.52,26.21,25.84,25.83,26.47,25.94,26.05,25.81,27.04,26.37,26.16,25.8,26.62,26.28,26.02,26.99,27.54,27.14,27.96,27.09,26.18,26.28,25.82,25.9,25.58,26.26,26.5,25.99,25.49,25.87,25.32,26.17,25.79,26.11,26.28,26.31,25.19,25.82,25.71,26.26,25.82,26.4,26.18,26.12,25.86,26.9,25.87,27.0,26.58,27.43,27.82,25.92,25.65,25.16,25.61,25.3,25.12,25.15,25.76,25.56,25.94,24.85,25.69,24.93,25.84,25.9,25.89,25.94,25.62,25.65,26.35,26.09,26.96,26.23,26.51,25.46,26.27,25.94,26.83,26.6,28.06,26.47,27.4,26.57,26.66,24.96,25.88,25.31,24.53,25.91,25.25,26.56,25.57,25.62,25.99,25.73,25.57,26.01,25.44,25.54,25.05,25.93,25.68,26.35,25.92,26.18,25.62,25.64,25.24,25.32,25.37,27.4,26.46,27.11,27.23,25.09,26.2,25.22,25.96,24.4,25.99,25.47,25.59,24.6,26.43,24.4,25.61,25.11,25.88,24.88,25.89,24.68,25.71,25.49,25.8,26.31,27.06,26.06,26.77,25.43,26.75,24.87,27.02,25.85,26.73,26.37,29.61
2020-06-29 16:09:11.4394,0,27.95,26.73,24.79,24.99,24.9,24.98,24.83,24.88,25.61,25.77,24.73,25.6,25.67,26.9,25.71,25.7,25.71,25.9,26.31,25.84,25.83,26.72,25.95,26.88,26.48,28.15,26.27,26.78,26.9,27.98,28.56,29.7,27.75,26.06,25.26,25.06,25.36,24.94,25.17,25.74,25.83,26.17,25.6,26.12,25.92,25.66,26.11,25.91,26.03,26.52,25.56,26.85,26.7,25.78,26.46,26.79,26.73,26.44,26.95,27.47,27.36,27.78,26.87,29.18,26.19,26.63,26.77,25.66,24.45,25.1,24.92,25.42,25.57,25.38,25.62,24.95,25.41,25.83,25.95,25.65,25.4,26.33,26.09,26.38,26.01,26.34,26.14,26.46,26.45,26.75,26.26,27.21,26.03,26.65,28.3,25.92,26.62,26.71,24.92,25.94,26.35,24.71,24.56,25.72,25.38,24.8,24.97,25.35,26.42,25.53,25.89,26.06,25.98,25.97,25.47,26.65,26.17,25.83,25.64,26.66,26.18,26.56,25.85,26.52,27.02,26.76,27.75,28.75,25.87,26.65,25.37,24.82,24.52,25.12,25.3,25.35,25.38,25.44,24.91,25.18,24.5,25.98,25.65,26.13,26.06,26.15,26.24,26.24,26.46,26.39,25.88,26.68,26.39,26.49,27.5,26.8,26.68,27.68,26.62,27.01,26.98,25.35,24.96,25.2,25.14,25.13,24.46,25.44,26.18,25.03,25.73,25.54,24.68,25.38,25.16,25.86,25.62,26.14,25.96,26.35,27.05,25.87,26.47,25.95,27.27,26.99,26.74,27.38,27.02,26.64,27.36,27.39,26.02,25.79,24.86,24.99,24.6,25.21,25.44,25.76,25.47,25.24,25.45,25.35,25.02,25.13,25.94,24.96,25.34,25.3,26.01,26.92,26.77,27.33,27.37,28.32,27.72,28.39,27.8,27.39,27.0,27.56,26.7,28.2,25.91,25.16,24.99,24.8,25.92,25.36,25.43,25.6,25.9,25.19,25.51,24.98,24.98,25.44,25.84,25.94,25.46,26.1,26.04,25.89,28.37,28.01,29.3,28.96,29.51,28.82,28.59,28.05,27.11,26.53,27.1,27.8,26.49,26.0,25.49,24.88,25.18,25.45,25.58,25.84,25.86,26.09,25.69,25.62,24.58,25.34,25.74,25.81,25.66,25.54,26.36,26.68,27.2,28.25,31.12,30.68,30.14,30.91,29.53,27.78,27.2,26.47,27.49,26.77,26.83,26.27,25.6,25.4,25.32,26.0,25.48,25.7,25.93,25.62,25.06,25.93,25.41,25.11,26.11,26.29,25.86,25.7,26.02,26.39,27.74,28.51,29.44,30.17,30.73,30.69,29.48,27.79,27.86,27.11,27.06,26.87,26.2,26.68,25.88,25.89,25.57,26.31,25.96,25.47,25.53,25.94,25.78,25.69,25.43,25.22,26.09,26.23,25.78,25.8,26.44,26.91,27.92,28.77,27.89,28.66,29.03,28.89,27.74,26.78,26.55,26.88,27.5,28.01,26.63,25.85,25.06,26.85,25.94,24.9,25.8,26.08,25.92,25.52,24.93,25.66,25.01,25.6,26.03,26.39,26.06,25.57,26.49,27.42,28.33,27.42,27.17,27.32,27.7,27.69,27.12,27.11,27.63,27.09,26.9,27.6,26.6,25.91,25.54,26.22,25.38,26.26,25.61,26.11,25.42,25.68,25.91,25.95,25.28,26.06,26.58,26.39,26.02,26.31,26.44,26.1,26.25,26.26,26.88,26.46,26.08,27.25,27.05,26.53,27.15,27.3,27.22,27.18,26.46,25.88,25.49,26.42,25.54,25.78,25.88,25.75,26.02,26.12,25.33,25.37,26.09,25.93,25.95,26.31,26.58,25.52,25.99,25.98,26.11,26.22,25.96,26.43,26.67,26.4,26.38,26.68,27.64,26.32,27.07,27.2,26.0,27.16,25.46,25.56,25.56,25.88,25.99,25.82,25.27,25.47,25.87,25.58,25.46,25.74,26.61,26.38,25.98,26.03,26.55,26.06,25.64,26.07,26.17,25.88,26.45,27.26,26.6,26.41,27.04,26.75,27.83,27.45,26.74,25.72,26.04,25.7,26.12,25.52,25.89,26.28,25.82,25.8,25.89,25.96,25.82,25.52,25.82,26.6,25.98,25.81,26.09,26.13,26.1,26.33,25.87,26.71,27.08,26.35,26.48,27.29,27.9,26.92,26.94,26.81,26.23,25.71,25.1,25.84,24.92,26.19,25.93,25.25,25.87,26.05,26.1,25.87,25.43,25.98,26.24,26.05,26.05,26.27,26.28,26.4,26.16,26.23,26.44,26.48,26.85,26.54,26.9,26.57,27.12,26.77,27.5,27.67,27.13,25.36,25.97,25.76,25.99,25.58,25.46,25.54,25.8,25.58,25.61,25.87,25.54,25.24,25.32,25.69,26.41,25.85,25.66,26.74,26.52,26.5,26.45,26.85,26.56,26.38,26.7,26.96,27.26,27.34,27.34,27.9,26.03,26.27,25.6,26.02,25.28,25.56,25.67,25.66,25.78,25.59,26.31,26.2,25.94,25.49,26.2,26.16,26.03,26.98,26.61,25.96,25.92,26.46,27.39,26.57,26.82,26.8,26.92,27.16,26.53,27.82,27.57,27.77,26.31,25.36,25.24,25.7,25.97,26.35,26.11,25.66,25.81,25.5,26.11,26.25,25.96,25.62,25.81,26.25,26.15,26.16,26.16,26.05,26.25,26.04,26.25,26.85,26.66,26.46,26.67,26.84,26.79,25.75,27.8,28.99,25.74,26.3,26.2,25.07,26.0,26.0,26.36,25.36,26.22,25.86,25.13,25.31,25.71,26.01,25.87,25.94,25.98,25.97,26.49,26.39,26.13,26.64,26.88,25.79,26.88,26.79,26.4,25.99,25.95,27.73,26.94,27.53,26.89,24.93,25.83,25.36,25.26,25.84,25.85,26.0,25.67,26.04,24.72,25.18,25.74,25.37,25.56,25.99,26.28,26.17,25.77,26.34,26.8,26.46,26.34,25.97,26.12,25.95,25.9,26.45,27.21,27.29,27.4,27.93,25.41,27.44,26.25,25.41,24.2,25.32,25.23,25.83,25.68,26.51,26.25,25.04,24.94,25.43,25.5,25.18,26.24,25.65,26.28,25.67,25.81,26.3,26.14,26.16,25.3,26.42,26.08,25.66,26.78,26.95,26.73,29.05,27.74,25.57,25.34,26.84,26.43,25.23,25.27,26.32,26.15,25.68,25.61,25.71,25.74,25.34,24.99,25.35,25.43,25.81,25.6,26.68,26.03,25.95,25.75,26.29,25.85,25.32,25.49,26.6,26.52,27.78,28.1,28.05
2020-06-29 16:09:11.5674,0,26.87,27.81,26.75,25.07,24.79,24.46,24.37,25.42,26.12,26.08,25.51,25.6,25.97,26.36,26.41,25.84,25.99,26.03,26.06,26.12,25.99,25.86,26.45,26.12,27.02,26.17,26.34,27.01,28.22,28.11,28.45,29.5,27.17,26.3,26.24,24.73,24.11,25.0,24.51,25.13,25.54,26.2,25.46,25.31,25.65,25.28,25.18,25.92,25.9,26.02,26.09,26.87,26.84,26.64,26.76,25.92,26.75,27.14,26.63,26.81,27.63,28.39,27.13,30.78,26.95,26.49,26.26,25.32,26.04,24.29,24.65,25.12,25.46,24.56,24.98,25.33,25.66,25.7,26.44,25.87,25.65,25.83,26.1,25.87,26.14,26.33,25.62,25.77,26.05,26.17,26.63,25.54,27.69,26.5,27.08,27.17,26.47,25.72,24.97,25.07,24.74,24.59,24.71,25.17,24.84,25.22,25.47,25.62,24.99,25.78,25.28,26.29,25.61,25.97,25.57,26.07,25.68,26.33,25.37,26.54,25.91,26.3,26.18,26.4,26.88,26.47,26.41,27.79,26.82,25.91,24.89,25.21,25.34,25.43,24.9,25.35,25.65,25.42,25.15,25.39,25.38,25.51,26.32,25.78,25.62,25.91,26.34,26.33,26.11,25.79,26.37,26.42,26.68,26.49,26.37,26.82,26.4,25.52,26.9,26.86,26.02,26.23,25.52,24.74,24.85,25.31,24.59,25.46,24.93,24.92,24.78,25.31,24.76,25.05,25.35,25.53,25.8,25.28,25.61,26.01,26.36,26.32,26.33,26.68,26.75,26.74,26.74,27.56,26.08,26.69,26.84,26.88,26.48,25.46,25.08,25.5,25.07,24.93,25.84,25.37,25.71,25.33,25.55,24.76,24.7,24.99,26.03,25.64,25.23,25.68,25.9,26.06,26.55,26.24,26.13,27.15,26.88,26.78,27.01,27.39,26.42,26.96,27.47,26.57,26.13,25.78,25.66,25.01,25.21,25.79,24.78,25.23,25.41,25.98,25.8,25.3,24.84,25.12,25.41,25.32,25.32,25.69,26.01,26.18,26.8,26.45,27.89,26.82,26.72,27.5,27.03,27.11,26.53,27.34,27.13,27.69,26.38,25.16,25.53,25.21,25.2,25.31,25.84,25.95,26.19,25.19,25.47,25.17,24.95,24.81,25.34,25.68,25.35,25.51,26.25,25.97,27.08,29.01,29.27,30.97,29.58,28.96,27.91,27.38,26.8,26.18,27.21,26.45,25.8,25.65,25.61,25.9,25.18,25.23,25.46,25.46,25.46,25.83,25.65,25.61,24.12,25.38,25.51,26.46,26.01,25.96,25.98,26.28,27.71,29.36,30.22,30.47,30.6,29.78,29.1,27.67,26.88,27.29,26.92,27.95,26.78,25.85,25.29,25.6,25.72,25.53,26.32,25.22,25.53,25.49,25.46,24.85,25.31,25.28,25.97,26.01,26.03,25.67,26.32,26.59,28.27,28.07,29.68,29.88,30.95,29.43,28.24,27.92,26.72,27.59,27.55,27.37,26.66,25.57,25.22,25.54,25.93,26.08,25.43,25.61,25.79,25.62,25.49,25.34,25.07,25.77,26.17,26.09,26.2,25.55,26.35,27.31,28.01,28.83,27.95,29.91,28.75,29.35,27.72,27.26,26.94,27.26,27.4,27.49,25.45,26.28,25.28,25.49,25.92,25.1,25.62,25.51,26.16,25.34,25.8,25.12,25.45,25.83,26.56,26.07,25.81,26.17,26.42,26.72,26.9,26.13,26.56,26.43,26.96,26.21,27.55,26.52,27.18,26.45,27.44,28.04,26.65,25.6,26.1,25.71,25.66,25.92,25.74,25.29,25.14,25.59,25.59,26.05,25.68,26.19,26.64,26.29,25.99,26.06,26.32,26.43,25.88,25.91,26.34,26.73,26.43,27.19,26.74,27.45,27.22,27.62,26.93,28.07,26.42,25.82,25.97,25.57,25.85,26.13,25.87,25.92,25.9,25.33,25.65,26.16,25.83,25.61,26.4,26.25,26.14,25.8,25.86,26.02,26.51,25.94,26.57,26.49,26.67,26.66,26.35,27.18,27.5,27.05,28.04,27.31,26.59,25.78,26.2,25.89,26.65,26.18,25.75,25.7,25.79,25.37,25.96,25.65,25.49,26.16,25.97,26.49,26.13,25.6,26.33,26.49,26.26,25.81,26.35,25.95,25.92,26.47,26.47,26.66,27.34,27.38,27.29,27.21,26.12,25.22,25.47,26.01,25.5,25.25,25.57,25.36,25.64,25.59,25.77,25.84,25.32,24.96,25.74,25.82,25.83,25.36,26.65,25.97,26.35,25.69,25.89,26.67,26.62,26.52,26.78,26.43,26.72,27.09,27.38,27.52,25.7,25.08,25.34,25.81,25.43,25.87,25.7,25.93,25.43,25.8,26.23,26.29,25.2,26.03,25.38,25.58,25.89,25.54,25.52,26.32,25.87,26.29,26.64,26.18,26.31,26.14,26.96,26.3,26.97,27.08,27.54,27.45,25.92,25.38,25.65,24.4,25.45,26.27,25.82,25.78,26.14,25.8,26.08,26.07,25.61,25.36,25.88,26.02,26.22,25.83,25.97,25.93,26.01,26.1,26.47,26.43,26.09,26.79,26.38,27.02,27.03,26.75,27.46,27.44,25.77,25.82,24.91,25.59,25.97,26.1,26.23,25.81,25.31,26.09,25.86,25.69,25.29,26.04,25.46,26.35,25.5,25.63,26.23,26.36,26.01,26.59,25.76,26.97,26.4,26.48,25.25,26.73,27.12,27.22,27.83,27.94,26.25,27.14,26.45,25.44,25.41,25.71,26.39,26.34,26.49,25.72,25.14,25.65,25.36,25.54,25.54,26.03,25.97,25.5,25.92,26.71,26.01,25.8,26.26,27.04,26.9,26.11,26.73,26.62,26.33,27.41,27.03,27.99,25.45,26.04,26.24,25.6,25.27,26.04,25.27,26.03,25.53,25.54,25.31,25.56,25.6,25.6,25.88,26.11,26.02,26.28,25.63,26.11,25.47,26.47,26.33,26.37,25.3,25.56,25.91,26.34,26.73,26.83,28.25,28.47,26.06,24.62,25.15,26.43,25.29,24.67,26.37,26.61,25.57,25.68,25.47,25.3,25.34,25.54,25.39,25.91,26.37,25.87,26.04,25.53,26.46,26.29,25.89,26.31,26.36,24.91,25.8,26.37,26.31,25.86,27.09,27.76,26.73,26.43,26.39,26.14,25.06,25.8,25.59,25.1,25.86,25.71,25.59,25.46,25.86,25.36,25.23,26.25,25.53,25.69,26.1,26.18,25.24,26.37,25.89,26.03,26.3,25.98,25.68,26.32,25.81,27.49,27.4,28.94
2020-06-29 16:09:11.6954,0,27.38,28.25,24.43,24.63,24.22,25.03,25.25,25.44,25.19,25.49,25.37,25.61,25.84,26.23,26.15,26.26,26.13,25.77,25.51,25.15,26.01,26.45,26.16,26.6,26.05,26.69,26.54,27.79,26.32,27.56,27.33,30.87,26.39,25.97,25.81,26.02,24.49,24.66,24.53,24.81,25.25,25.63,25.9,25.6,26.06,25.43,25.85,26.07,26.42,26.42,26.77,25.8,25.76,26.65,26.47,27.14,27.07,27.31,27.35,26.46,27.23,27.21,28.05,27.4,26.67,25.78,25.08,25.72,24.18,24.64,24.82,25.13,26.02,25.11,25.26,25.08,25.42,26.07,25.24,25.88,26.25,26.2,25.99,26.25,26.15,25.71,25.9,25.78,26.35,26.33,25.84,26.41,26.28,27.65,26.54,28.97,27.49,24.85,24.6,25.46,25.73,24.77,24.73,24.89,25.78,25.23,25.1,25.25,25.82,25.79,25.76,25.95,26.54,26.09,26.29,26.2,26.64,25.72,26.04,26.42,26.75,26.03,26.5,26.25,26.37,26.84,27.39,27.23,26.41,26.53,25.63,25.4,24.89,25.74,24.63,25.09,25.4,25.43,25.04,25.28,25.06,25.85,25.1,25.67,25.52,25.91,25.69,26.0,26.01,26.6,26.26,26.06,26.02,25.96,27.1,26.37,26.9,27.05,27.51,27.55,26.04,25.65,24.3,24.76,26.06,25.47,25.3,24.94,25.31,24.93,25.25,24.98,25.53,24.95,24.92,25.65,25.7,25.93,25.51,26.46,26.14,26.22,25.75,26.33,26.37,26.49,26.61,26.98,25.94,27.36,26.85,26.89,26.3,26.03,24.25,25.02,25.08,25.77,25.98,25.12,25.72,25.91,25.56,25.55,24.81,25.0,26.04,25.24,25.34,25.68,25.91,25.76,26.34,26.14,25.69,25.99,26.17,26.41,26.76,27.12,26.74,26.65,26.6,27.7,26.34,25.97,24.86,24.7,25.08,25.8,25.05,25.37,25.3,25.2,24.95,25.53,25.06,24.93,25.71,25.33,25.72,25.6,25.92,25.88,26.19,26.36,26.93,26.6,26.84,27.27,27.03,27.26,26.53,26.12,26.62,27.16,26.03,26.57,24.91,25.53,26.03,25.18,25.6,25.59,25.53,25.85,25.8,25.49,24.87,25.5,25.26,25.87,25.74,25.8,26.45,25.88,25.52,27.34,26.99,27.9,27.13,28.03,26.77,27.26,26.81,27.22,27.05,26.47,26.87,25.66,25.93,25.46,25.73,25.11,25.47,25.47,25.69,26.16,25.56,25.52,25.18,25.48,25.52,26.09,26.01,25.69,26.17,25.9,27.71,27.53,29.21,27.86,29.3,27.85,27.37,27.17,26.74,26.86,27.76,26.77,25.92,25.87,26.09,25.31,25.47,26.06,25.61,25.46,25.54,25.81,25.17,25.56,25.13,25.38,25.7,25.92,25.86,26.41,26.24,26.5,29.41,30.06,30.09,30.5,30.75,30.32,27.03,27.04,26.73,27.32,26.91,27.88,26.15,25.24,26.01,24.49,25.41,25.71,25.08,25.62,25.79,25.84,25.6,25.05,25.08,25.5,26.18,25.92,26.38,25.84,26.36,26.76,29.13,30.16,30.35,31.15,30.45,29.69,27.11,27.52,27.5,26.85,26.77,27.34,26.67,26.8,26.2,26.24,25.54,25.87,24.91,26.1,25.42,25.56,25.31,25.42,25.36,26.22,26.2,26.81,25.64,25.53,26.52,27.83,27.96,27.4,29.4,28.38,29.14,28.03,27.57,26.4,27.19,27.45,27.28,27.72,26.33,26.12,26.27,26.46,26.32,25.55,25.39,25.88,25.36,25.81,25.2,25.37,25.31,25.64,26.0,26.39,25.72,25.88,26.51,26.62,26.55,26.99,26.34,27.86,27.09,27.43,27.12,26.83,27.51,27.07,27.1,27.59,26.26,25.66,25.36,25.13,25.46,26.65,25.88,26.05,25.38,25.87,26.06,25.96,25.16,25.52,26.41,26.26,25.87,25.9,25.87,26.41,26.23,25.94,26.37,25.86,26.91,27.01,26.87,25.89,27.79,27.92,27.4,26.82,26.08,25.96,25.6,25.45,25.86,26.19,25.4,25.11,25.59,25.7,25.86,25.96,25.78,26.17,26.25,25.93,26.23,25.89,26.15,26.6,26.17,25.92,26.05,26.39,26.72,26.95,27.24,27.19,27.49,26.82,27.3,27.89,26.32,25.94,24.84,25.09,25.23,26.19,25.83,26.11,25.77,25.49,25.03,25.85,25.43,25.95,26.43,26.02,25.84,26.15,26.07,26.77,25.95,26.2,26.45,27.23,27.09,26.29,26.53,26.17,26.73,26.64,27.91,27.71,26.64,25.27,25.52,25.82,25.58,25.88,25.71,26.06,25.67,25.7,26.34,25.45,25.11,25.04,25.49,25.59,25.41,26.14,26.02,26.53,27.11,26.19,26.43,26.75,26.67,26.64,26.84,26.86,27.27,26.48,28.58,28.15,26.32,25.95,25.67,25.4,25.32,26.56,26.09,26.44,26.04,25.92,26.2,26.18,25.83,25.36,25.38,25.62,25.92,25.64,25.77,26.35,26.02,26.44,26.02,25.97,26.34,26.42,26.82,27.17,26.43,26.45,27.47,27.82,26.37,25.27,24.94,25.76,25.99,25.97,26.37,25.82,26.16,25.87,25.3,25.92,25.73,26.26,25.16,25.94,26.64,26.26,26.03,25.95,26.44,26.27,26.47,26.4,26.41,26.23,26.83,27.03,26.66,26.6,26.76,28.15,26.06,25.97,26.1,25.46,26.21,26.33,25.84,25.79,25.99,25.86,25.27,25.06,25.49,25.77,26.33,26.59,25.54,26.17,26.04,26.26,26.49,26.28,26.15,26.42,26.51,26.12,26.15,27.1,27.0,27.26,27.43,27.0,25.91,25.24,25.7,25.44,25.92,26.36,26.15,26.04,25.02,26.07,25.57,25.57,25.73,25.38,26.23,25.78,25.92,26.63,25.98,26.12,26.43,26.24,25.57,25.74,26.67,25.57,26.38,26.99,26.25,27.54,26.87,27.84,26.57,27.97,25.36,25.67,25.48,25.19,26.07,25.86,25.44,25.83,25.35,25.58,25.35,26.05,25.64,25.8,25.66,26.24,25.68,26.42,26.35,26.17,25.77,26.32,26.37,25.38,23.99,25.87,26.68,27.19,27.35,28.36,26.77,26.93,26.02,25.76,25.43,25.98,25.62,25.91,26.02,25.73,25.75,25.61,25.74,25.63,26.12,25.76,25.67,25.33,25.6,25.54,26.03,25.98,26.04,26.33,26.16,26.3,25.87,26.16,25.65,27.31,27.97,29.29
2020-06-29 16:09:11.8236,0,26.06,28.79,24.57,26.12,23.97,24.79,24.34,25.39,25.94,26.07,25.79,25.45,26.11,26.08,26.41,25.97,26.79,26.03,26.33,26.39,25.99,26.43,26.74,27.04,27.15,27.82,27.22,27.73,27.89,28.54,29.76,25.72,26.93,26.45,26.38,25.73,24.62,23.9,24.66,25.44,25.97,26.2,25.46,26.28,26.71,25.95,25.98,27.11,26.16,25.9,26.36,26.47,26.29,25.67,26.01,26.21,27.04,26.63,26.59,27.32,27.15,28.77,29.91,28.14,28.82,28.3,25.41,25.85,25.33,25.26,24.64,25.26,25.46,26.06,25.25,25.6,26.16,26.32,25.73,26.0,26.49,26.68,26.47,26.5,26.27,25.96,26.02,25.9,26.33,26.9,27.25,27.2,26.23,28.16,28.61,27.69,26.87,26.74,25.88,25.78,24.88,24.58,25.15,25.45,25.91,25.1,25.86,25.88,25.95,25.08,25.65,25.5,25.97,26.45,26.06,26.79,25.93,25.97,26.3,26.41,26.87,26.01,26.79,26.38,27.19,26.61,27.27,29.66,25.9,25.45,24.67,25.17,25.48,26.17,25.18,24.8,25.15,25.81,26.0,25.41,25.41,25.53,26.12,25.69,26.19,26.15,25.7,26.13,25.67,26.15,26.02,26.18,26.68,26.62,26.21,26.19,27.03,26.67,26.64,26.57,26.17,25.19,25.66,25.4,25.59,25.01,25.29,25.73,25.93,25.42,25.84,25.22,25.54,25.18,25.59,25.88,25.61,25.84,25.85,26.26,26.49,26.45,26.58,26.34,26.88,26.62,26.31,26.22,27.33,27.49,27.55,27.84,27.0,26.71,24.38,24.98,25.21,26.31,25.33,25.89,25.49,25.69,25.58,25.34,24.62,25.53,25.75,25.77,25.46,25.91,26.23,25.88,26.15,26.79,26.26,26.0,27.02,26.53,26.48,26.97,27.47,27.56,27.08,26.9,27.2,26.1,25.15,24.67,25.06,25.11,25.81,25.62,26.24,25.66,25.93,25.54,25.28,25.16,26.14,25.86,25.55,25.82,26.04,26.72,26.62,27.21,26.07,26.72,26.97,26.54,26.77,26.97,26.51,26.87,27.27,27.48,26.87,26.17,24.88,25.03,26.29,25.98,25.85,25.72,26.21,25.76,25.71,25.3,25.18,26.2,25.86,25.9,26.15,26.11,25.7,25.71,25.94,26.96,26.58,27.06,26.68,26.63,26.9,27.12,26.94,27.2,27.01,27.64,27.18,25.62,25.9,26.2,25.72,24.84,25.59,25.6,25.93,25.75,25.78,25.54,25.12,25.42,25.73,26.31,26.32,25.72,25.73,26.41,26.69,26.87,27.18,27.03,27.33,26.93,27.62,27.29,27.01,26.85,27.88,27.58,27.27,26.67,25.75,25.59,25.99,26.18,25.86,25.7,25.99,25.51,25.8,25.79,25.35,25.78,26.29,26.04,26.35,25.98,26.64,27.19,28.21,30.0,28.51,29.59,28.07,29.11,27.03,27.16,27.4,27.02,26.71,27.68,26.63,25.88,26.29,25.53,26.58,26.09,25.56,26.21,25.81,25.44,25.82,25.87,25.2,25.81,26.12,26.14,26.24,25.87,26.76,28.28,30.55,30.18,30.66,29.94,30.47,28.71,27.12,27.52,27.62,27.12,27.85,27.14,26.46,27.09,25.27,26.36,25.8,26.12,25.51,25.87,25.97,25.79,25.83,25.75,25.11,25.68,26.42,26.48,25.95,26.3,27.28,27.68,29.57,29.81,31.6,31.4,29.9,29.04,26.95,26.78,28.13,27.01,27.25,28.01,27.14,27.09,26.24,26.74,26.44,25.81,25.4,25.89,25.91,25.51,25.33,25.89,26.28,26.23,26.4,26.42,26.57,25.91,27.0,28.13,27.72,30.07,29.99,31.57,28.95,28.0,27.62,27.21,28.04,27.06,27.72,27.4,26.03,27.16,25.95,25.25,25.99,26.64,26.01,26.17,25.5,26.1,25.99,25.88,26.25,26.12,26.44,26.19,26.55,26.02,26.0,26.44,26.25,26.57,28.03,27.37,28.37,27.48,27.88,26.93,27.77,27.33,28.34,27.28,27.26,25.92,26.34,26.03,25.85,26.45,26.13,25.95,25.71,25.4,26.19,25.99,25.91,26.2,26.19,26.71,26.81,26.3,26.66,27.01,26.49,26.35,26.18,26.84,27.19,27.08,27.49,27.18,27.33,27.09,27.26,27.86,25.71,25.18,24.97,25.99,26.05,26.32,25.46,26.36,25.67,26.27,26.01,26.08,25.55,25.87,26.26,26.24,26.26,26.56,26.39,26.79,26.38,26.33,26.35,26.26,27.22,27.01,27.05,27.38,27.29,27.97,27.69,27.49,26.77,26.47,25.49,25.95,26.26,25.88,25.71,26.07,25.68,25.61,25.93,26.21,25.84,25.67,25.81,26.41,26.31,26.17,26.05,26.56,26.42,26.63,26.12,27.09,27.26,26.16,26.96,27.8,27.25,27.37,26.64,28.11,26.45,26.27,25.8,25.2,25.88,26.26,25.96,26.31,26.16,26.16,25.77,25.98,26.06,25.38,26.12,25.95,26.25,26.88,26.52,26.06,26.47,26.45,26.26,26.1,26.59,26.93,27.08,26.44,28.24,27.98,27.96,27.95,27.07,26.34,25.58,25.9,26.11,26.66,26.23,25.43,26.52,25.88,25.88,26.16,26.07,26.18,25.7,26.38,26.76,26.18,25.84,26.18,26.25,26.39,26.6,26.88,26.78,26.75,25.82,26.87,27.26,26.73,28.16,28.09,26.19,27.08,26.05,25.76,25.55,26.46,26.67,25.78,26.24,25.98,25.15,26.03,26.07,25.67,25.9,25.94,25.89,26.41,25.83,26.39,26.03,26.41,26.9,26.42,26.38,26.93,26.57,26.45,26.47,27.89,27.76,27.33,26.25,24.97,25.65,25.93,26.37,26.03,25.84,26.31,26.06,26.07,25.58,26.19,26.31,25.74,26.69,26.36,26.05,26.42,25.99,26.71,26.44,26.37,26.34,26.51,26.12,26.12,26.66,26.8,27.54,28.02,27.4,27.97,26.96,26.34,26.68,25.8,24.58,25.98,25.73,25.67,25.85,26.51,25.08,26.1,25.86,25.8,25.52,25.05,25.78,26.24,26.43,25.79,26.47,26.95,25.62,26.44,25.92,25.81,25.62,25.66,26.81,26.01,28.18,29.33,27.74,27.55,26.15,26.3,26.08,25.78,25.58,25.25,26.29,25.58,26.28,26.01,25.74,25.76,25.62,26.02,26.04,26.21,25.34,26.32,26.29,25.58,25.89,26.47,26.14,26.28,26.49,26.82,26.88,26.49,27.56,28.13
2020-06-29 16:09:11.9518,0,26.38,27.86,25.72,25.78,24.21,24.68,24.55,24.6,25.18,25.8,25.06,25.05,26.11,26.51,25.87,26.0,26.26,25.92,25.78,25.72,26.28,26.03,26.3,26.92,26.21,26.53,26.34,26.28,27.51,27.3,28.45,27.63,27.63,26.29,24.92,25.58,24.88,24.29,24.03,25.13,25.41,24.58,25.63,25.73,25.0,25.55,25.34,25.93,25.66,25.38,25.04,26.47,26.32,26.36,25.75,25.47,26.77,26.0,26.83,26.45,26.62,26.96,26.31,27.94,25.78,25.56,25.27,24.37,24.17,24.15,24.65,24.69,24.63,25.13,24.98,24.97,25.66,25.47,25.59,25.17,25.29,25.73,25.13,25.28,25.89,25.98,25.48,25.79,26.05,26.64,25.83,26.25,25.56,25.96,28.19,27.23,25.5,25.28,25.19,25.07,24.93,24.43,24.74,25.17,24.72,25.22,24.6,25.12,25.72,25.06,25.07,25.36,25.52,25.97,26.18,25.83,25.82,25.96,25.26,26.14,25.93,25.87,25.57,25.75,26.21,26.28,25.96,26.63,25.34,25.94,25.08,24.53,24.72,24.85,24.9,24.0,24.89,24.94,25.15,24.82,25.49,25.64,25.65,25.46,26.06,25.6,25.68,25.9,26.11,26.04,26.01,25.58,26.68,26.24,26.66,26.54,25.75,26.9,26.1,27.12,25.85,25.24,25.2,25.26,25.02,25.31,24.76,25.19,24.95,24.67,24.8,24.74,24.89,24.83,25.15,24.78,25.39,25.28,25.2,25.8,26.16,25.87,25.64,26.32,26.13,26.09,25.77,26.53,25.95,26.36,26.67,26.67,25.52,25.86,24.24,24.05,24.63,24.81,24.93,24.61,26.07,25.58,25.33,24.9,24.17,25.32,25.21,25.15,25.33,24.98,25.7,25.87,25.8,25.93,26.13,26.47,26.16,26.17,26.21,26.57,26.27,26.35,26.05,26.23,24.66,25.41,24.22,24.04,25.66,24.83,24.55,25.36,25.66,25.75,25.5,24.86,24.66,25.02,25.33,25.82,25.34,25.39,26.03,25.67,25.99,25.72,26.5,26.13,26.5,26.52,25.86,26.56,26.85,26.57,25.94,25.32,25.84,26.06,25.22,24.45,25.06,25.86,25.1,25.73,25.29,25.21,25.37,25.4,25.34,25.12,25.82,26.08,25.74,25.71,25.96,25.5,25.81,26.25,26.24,26.4,26.67,26.16,26.63,25.55,26.37,26.35,26.54,25.96,25.83,26.33,24.86,25.44,25.48,25.1,25.6,25.47,25.59,25.51,25.57,25.21,24.62,25.09,25.15,25.9,25.74,25.39,25.24,25.99,26.48,26.74,26.03,26.58,26.43,25.86,26.38,25.72,25.48,26.71,26.62,26.93,25.91,25.71,25.29,25.47,25.33,25.42,24.88,25.47,25.09,25.82,24.76,24.97,24.93,24.92,25.6,25.84,26.22,25.68,26.14,26.03,26.08,27.12,26.65,27.5,26.3,27.31,26.16,26.15,26.02,26.63,26.58,26.4,25.64,25.4,25.25,24.63,26.08,25.05,24.97,25.15,25.59,24.99,25.41,25.34,24.99,25.49,25.55,26.1,25.94,25.64,26.56,26.37,27.84,27.31,28.47,27.42,27.69,27.01,26.15,26.88,26.42,26.42,26.3,27.98,26.32,25.29,25.28,24.91,25.01,24.74,25.74,24.95,25.73,25.57,25.6,25.63,25.26,26.04,25.73,26.0,26.09,25.63,27.52,28.85,30.28,30.82,30.49,30.4,28.27,28.49,27.19,26.28,27.45,27.04,26.78,27.07,26.17,25.94,25.53,25.86,25.3,25.67,24.81,25.29,25.16,25.38,25.01,25.36,25.42,25.44,25.74,26.01,25.73,26.61,26.97,29.09,30.48,30.51,30.86,30.75,29.48,27.65,26.64,27.07,27.24,27.06,26.95,27.75,25.71,26.02,25.19,25.29,26.25,26.02,25.15,25.35,25.47,25.56,25.85,25.77,24.86,25.34,25.66,25.71,25.68,25.82,26.63,26.13,28.47,27.73,30.21,28.73,28.57,27.48,26.61,26.56,27.5,26.78,27.39,27.17,25.02,25.95,24.84,26.34,26.54,25.66,25.66,25.81,25.81,25.37,25.26,25.85,25.61,25.59,25.8,26.3,26.33,25.61,25.88,26.5,26.28,27.41,27.4,28.83,26.85,27.17,26.11,26.79,26.22,26.66,26.99,27.04,25.2,25.95,25.63,25.42,26.6,25.67,25.2,25.5,25.53,25.39,25.23,25.23,25.22,25.57,25.54,25.44,25.55,25.38,25.77,26.38,26.35,26.52,26.87,26.26,26.16,26.3,26.39,27.0,26.72,26.51,26.87,26.51,26.47,25.97,24.89,25.34,25.46,25.6,25.6,25.55,25.34,25.69,24.96,25.44,25.02,25.43,25.5,25.38,25.62,25.44,25.64,25.92,25.99,26.08,26.0,26.74,26.33,26.27,26.32,26.98,26.85,25.86,26.18,27.27,24.77,25.6,24.64,25.58,25.16,26.01,26.22,25.68,25.55,25.94,25.53,25.98,25.62,25.58,25.47,25.73,26.12,25.75,25.55,26.05,26.02,26.23,25.9,25.87,26.21,26.43,26.67,26.19,26.88,26.77,26.38,28.02,26.38,24.88,24.44,25.42,25.71,25.53,25.72,26.07,25.22,25.74,24.97,25.8,26.06,25.72,25.28,25.72,26.14,25.73,25.62,25.94,26.03,25.7,25.44,26.15,26.3,26.35,25.99,26.44,26.52,26.59,27.68,28.13,25.83,25.98,24.99,24.6,24.78,25.58,26.11,25.52,25.2,26.0,24.89,25.68,25.25,25.45,25.43,25.71,25.75,25.41,25.47,25.59,26.95,26.06,25.89,25.55,25.71,25.86,26.44,26.65,27.16,27.61,27.42,27.01,25.5,25.63,24.98,25.42,25.46,25.26,24.87,25.89,24.77,25.41,24.97,25.43,25.39,25.72,25.45,25.65,25.37,25.27,25.31,25.29,25.97,25.99,26.1,26.24,25.87,25.56,25.78,26.34,26.27,26.13,26.88,27.17,24.55,26.0,25.35,26.08,24.95,25.87,25.9,25.1,24.86,25.98,25.07,25.46,25.21,25.06,24.89,25.56,25.4,25.41,25.04,25.55,26.21,26.31,26.44,26.19,24.89,25.7,25.47,25.37,25.41,27.76,27.33,28.09,25.67,26.19,25.23,26.14,25.11,25.63,25.31,25.1,25.61,25.71,24.67,25.46,25.11,24.59,25.01,25.24,25.31,25.57,25.74,25.79,25.92,25.84,26.06,25.89,26.03,25.05,25.21,25.8,25.48,25.56,27.45,27.62
2020-06-29 16:09:12.0799,0,23.87,26.99,25.97,24.85,24.78,25.03,24.71,25.09,25.18,25.48,25.5,25.32,25.69,25.54,26.14,25.84,25.99,25.77,26.33,26.54,26.41,26.01,25.99,25.97,26.2,26.01,26.34,26.06,26.54,26.98,27.86,26.88,27.19,26.96,25.57,24.94,25.04,24.1,23.84,25.29,25.24,25.9,24.75,25.72,25.25,25.14,25.72,25.66,25.9,24.86,25.69,26.19,25.76,26.36,25.59,26.07,26.75,26.32,27.52,26.26,28.05,26.23,28.46,26.76,26.65,24.31,24.86,24.93,25.02,24.13,23.87,24.37,25.46,25.38,25.9,24.95,25.29,25.7,25.95,25.27,26.47,26.2,25.12,25.63,25.76,25.71,25.34,25.63,26.62,26.03,25.98,26.4,26.62,28.02,26.52,26.48,26.48,25.71,24.97,24.12,25.07,24.26,24.87,24.72,24.57,25.61,24.45,24.48,25.23,25.3,25.76,25.36,25.5,25.38,25.93,25.71,25.44,25.34,25.64,26.27,25.63,25.87,25.55,25.91,25.84,26.09,24.47,26.33,27.23,25.92,24.71,24.33,25.18,24.68,24.75,24.95,24.5,24.29,24.79,25.16,25.05,25.07,25.64,25.67,25.4,26.24,25.56,25.21,26.57,26.37,25.4,26.18,26.28,26.09,25.93,25.75,26.73,26.2,25.49,26.87,24.8,25.83,24.47,25.08,25.15,24.71,24.74,24.79,25.43,25.03,24.43,24.85,24.66,24.93,24.7,25.64,25.38,25.06,25.61,26.01,26.59,25.75,26.1,25.71,25.98,26.09,25.17,26.22,26.57,27.01,26.84,27.07,25.32,24.53,24.57,24.03,25.36,25.07,25.19,24.85,25.35,25.34,25.0,25.1,24.91,25.51,24.68,25.03,25.22,25.78,25.79,26.27,26.44,25.92,25.9,26.22,26.28,25.65,26.47,26.69,26.57,26.17,26.58,26.39,25.96,26.32,25.01,24.84,25.21,25.38,25.43,25.1,25.29,25.18,24.73,25.08,24.74,24.92,25.11,25.22,25.33,25.88,25.32,25.77,26.08,26.24,25.94,26.02,26.72,26.27,25.98,26.14,26.38,26.1,26.61,26.23,25.65,24.64,25.69,25.53,25.47,25.31,25.09,25.59,25.63,25.3,25.04,25.49,25.05,24.62,25.72,25.87,25.64,25.51,25.86,25.87,25.9,25.94,26.23,25.95,26.21,26.27,26.37,25.66,26.65,25.89,26.53,27.16,26.16,26.16,25.15,24.51,25.86,24.69,24.98,25.46,25.36,25.39,25.34,25.41,24.99,24.99,25.32,25.89,25.26,25.77,25.98,25.89,26.08,25.64,26.64,26.79,26.2,26.56,26.23,25.97,25.89,25.97,26.6,27.26,26.08,26.2,25.13,24.69,25.19,25.02,25.24,25.34,26.07,25.17,24.96,25.36,25.69,25.56,25.32,25.92,26.12,25.95,25.85,26.02,26.17,26.13,26.34,26.43,26.29,26.04,26.4,26.0,26.16,27.31,26.57,27.38,25.09,25.56,25.69,25.68,25.28,25.43,25.67,25.61,25.25,25.93,25.0,25.24,24.88,25.29,25.99,25.91,25.75,25.55,25.71,25.9,26.5,26.53,26.43,26.88,26.48,26.78,26.01,26.36,27.36,26.7,25.63,26.33,26.14,26.29,24.97,25.34,25.27,25.49,24.77,25.16,25.94,25.55,25.39,24.72,25.54,25.46,26.0,26.26,25.81,25.81,26.51,27.92,29.16,29.59,28.39,29.09,27.5,27.24,26.93,26.01,26.62,26.17,27.6,26.38,25.11,25.76,25.51,25.86,25.15,25.41,25.15,25.05,25.25,25.27,25.4,25.65,25.4,26.0,26.09,26.1,26.08,25.68,28.13,28.54,30.38,30.32,30.16,29.26,28.18,27.19,26.99,27.07,27.23,26.77,26.77,27.41,26.42,25.83,24.56,25.42,26.38,25.75,25.75,25.33,25.58,25.66,25.85,26.06,25.63,25.61,26.03,26.25,26.32,27.01,28.31,28.01,29.91,30.33,30.4,30.48,28.01,27.93,27.11,26.8,27.77,26.62,26.89,27.65,25.89,25.25,24.97,25.58,25.85,25.79,25.04,25.93,25.69,25.58,25.55,25.54,25.49,25.49,25.88,26.11,26.78,26.81,26.91,27.25,28.03,30.44,29.72,30.49,27.73,27.17,26.09,26.78,26.77,27.09,27.13,27.7,25.56,25.58,24.49,25.24,25.91,25.52,24.81,25.24,25.41,25.37,25.66,25.53,24.92,25.75,25.34,25.53,26.03,26.14,26.55,26.27,26.96,26.5,28.05,26.79,27.2,26.53,26.12,26.43,26.71,26.94,27.04,27.18,25.53,25.07,25.35,25.64,25.3,25.6,25.33,25.55,26.12,25.8,25.37,26.07,24.81,25.23,25.28,25.87,25.6,26.12,25.92,26.52,26.19,26.79,26.53,27.06,27.01,27.1,26.43,26.84,27.12,26.46,27.2,27.44,25.91,24.64,24.81,24.57,25.45,25.0,25.68,25.27,25.55,25.57,25.52,25.18,25.5,25.78,25.77,25.72,25.4,25.53,25.76,26.14,25.9,25.78,26.7,26.2,26.21,26.54,26.24,26.74,26.88,26.13,27.64,28.18,26.35,26.37,25.27,25.08,25.83,25.38,26.1,25.67,26.04,26.32,25.52,25.57,25.94,25.29,25.46,26.14,25.81,26.14,25.71,25.72,26.01,26.25,25.77,26.14,25.65,26.34,26.4,26.29,26.65,26.1,26.39,27.75,26.24,25.96,25.53,25.45,25.56,25.56,25.25,26.06,26.1,25.6,25.37,25.54,25.25,25.77,25.64,26.03,25.86,26.06,25.92,26.15,26.24,25.8,26.51,25.91,26.9,26.79,26.58,26.47,26.66,26.21,27.02,27.39,26.53,26.83,24.94,25.24,25.75,26.04,26.14,25.45,25.4,25.79,25.07,25.43,25.03,25.37,25.77,25.3,25.58,25.72,25.98,26.1,26.43,25.38,25.69,26.24,26.53,25.28,25.91,27.12,26.91,27.17,26.65,26.72,26.54,25.98,25.54,25.86,25.29,24.68,24.79,26.16,24.72,24.85,24.66,24.91,25.21,24.92,25.38,24.92,26.13,25.15,25.66,25.53,25.56,25.64,25.34,26.88,25.77,25.83,25.63,25.52,27.2,27.56,27.56,27.49,26.47,26.18,25.19,25.33,24.55,24.94,25.28,25.09,25.44,25.28,24.78,25.45,25.86,25.48,25.11,25.61,25.16,25.93,25.72,26.69,25.76,25.69,25.89,25.73,25.71,25.51,25.35,26.31,26.01,26.71,26.88,28.92
2020-06-29 16:09:12.2082,0,25.53,27.12,25.6,26.1,24.34,25.88,24.86,25.72,25.32,26.05,25.94,26.59,26.24,26.61,25.59,25.82,26.52,25.62,25.77,26.93,25.85,26.27,26.28,27.02,26.83,27.47,26.48,27.14,28.12,28.24,29.17,29.66,29.33,25.41,25.92,24.44,24.97,24.25,24.81,24.61,25.66,26.34,25.73,26.82,25.9,25.28,25.96,26.45,26.4,25.77,27.28,26.33,26.55,26.08,26.15,26.66,26.56,27.27,26.75,26.77,27.76,26.62,28.15,29.81,25.63,27.33,25.21,26.6,24.99,24.08,25.25,25.55,26.15,26.04,25.51,25.97,25.91,26.3,25.61,25.63,25.66,26.91,26.47,26.73,26.4,26.58,25.89,26.17,26.04,26.14,26.77,27.52,25.87,27.2,26.66,28.37,26.85,24.97,26.25,25.77,25.36,24.57,25.28,25.01,25.09,25.62,25.46,26.13,25.7,25.43,25.87,26.42,26.19,25.64,26.75,25.96,26.4,26.21,26.15,26.54,26.59,25.86,27.08,26.7,26.66,26.97,27.73,28.79,25.47,25.84,24.48,26.56,25.01,26.46,24.75,26.01,25.27,25.29,25.4,25.87,25.07,25.52,25.78,25.9,25.97,26.14,25.7,26.23,26.24,26.26,25.9,26.67,26.28,26.48,25.48,26.33,26.38,27.33,27.44,27.66,26.36,25.58,25.64,25.57,25.42,25.15,25.41,25.59,25.55,24.31,25.13,25.45,24.99,25.51,25.69,25.45,26.24,25.63,26.49,26.04,26.59,26.0,26.81,26.33,26.49,26.88,26.3,27.25,26.21,26.99,27.73,27.83,26.23,25.77,25.38,25.46,25.06,25.33,25.19,25.62,25.84,25.45,25.24,25.33,24.52,25.62,25.85,25.97,25.46,25.49,25.93,26.49,25.82,27.1,26.04,26.46,26.53,26.65,26.07,27.23,27.32,27.23,26.19,27.07,26.63,25.37,26.1,25.14,24.76,24.83,25.8,25.37,25.88,25.77,25.81,25.0,25.17,25.66,25.53,25.45,25.74,25.42,26.03,26.01,26.51,26.79,26.39,26.38,26.49,26.53,26.62,26.28,27.69,25.93,27.25,26.37,26.51,26.16,25.19,26.58,25.2,26.23,25.6,26.07,25.2,25.74,25.5,26.43,25.18,25.32,26.24,26.08,26.15,25.72,26.38,26.67,26.43,26.15,26.05,27.05,26.46,26.97,26.64,26.58,26.65,26.3,27.34,27.96,26.81,26.13,25.42,25.58,25.17,25.76,25.7,25.48,26.24,25.85,26.08,25.75,25.3,25.51,26.38,26.22,25.66,26.0,26.38,26.6,26.09,26.37,26.75,26.49,26.87,26.58,27.11,26.51,27.0,26.4,26.72,27.07,25.51,26.66,26.21,25.88,25.46,25.78,25.74,25.69,25.44,25.18,25.9,25.97,25.25,25.96,25.45,26.31,25.98,26.15,25.99,26.51,26.21,27.03,26.78,27.29,26.54,26.84,26.41,26.64,26.85,27.15,26.55,27.33,26.27,25.02,25.66,25.82,25.53,25.96,25.9,25.51,25.91,26.38,26.0,25.57,25.38,25.34,26.29,26.5,26.31,25.31,26.2,26.13,26.9,26.47,26.64,26.49,26.81,26.47,26.74,26.88,27.47,26.84,27.36,27.62,26.97,26.4,25.72,25.31,25.67,26.11,25.87,25.86,26.18,26.09,25.43,25.93,25.2,25.86,25.95,26.74,26.59,26.2,26.74,27.3,27.23,28.47,27.71,27.89,27.2,27.35,27.44,27.27,27.31,27.28,27.24,27.0,27.46,25.9,26.23,25.7,26.3,25.67,25.86,25.54,25.69,25.72,25.91,26.38,25.89,25.57,26.02,26.78,25.93,26.19,27.35,28.4,30.31,29.41,29.38,28.69,27.97,27.1,27.23,27.08,27.48,26.91,27.7,27.88,26.2,26.63,25.79,25.39,25.99,25.6,25.77,26.63,26.03,26.09,25.98,26.58,25.86,25.92,26.44,26.56,27.01,26.01,27.98,29.71,30.89,31.11,29.94,30.39,28.48,28.04,27.0,27.17,27.63,27.31,27.35,27.94,27.07,25.57,26.32,25.87,26.37,26.06,25.87,25.95,26.56,25.82,26.08,26.39,25.8,25.34,26.46,26.24,26.34,26.11,28.62,29.08,29.79,30.95,30.93,30.62,28.96,27.88,27.22,27.05,27.32,27.52,27.41,27.51,25.52,26.23,24.8,26.45,26.05,26.04,26.08,26.22,26.23,26.37,25.9,26.18,25.05,26.06,26.26,26.23,26.16,26.84,27.75,27.08,28.9,28.43,30.81,29.27,28.47,27.24,26.52,27.09,27.29,27.36,27.52,28.17,26.38,25.39,25.63,25.32,26.11,25.87,26.07,25.56,25.9,25.6,26.03,26.0,25.83,25.26,25.89,26.11,26.4,26.16,26.92,26.65,27.53,28.15,27.85,28.4,27.94,27.48,26.95,27.25,27.24,27.66,28.18,27.93,26.44,26.07,25.62,25.35,26.02,25.83,25.95,25.91,26.16,26.38,25.99,25.97,25.85,25.48,26.22,25.63,25.74,26.56,27.04,26.67,26.47,26.55,27.18,27.13,26.71,26.91,26.09,26.86,26.86,26.56,28.49,28.67,26.28,25.39,26.07,25.06,26.97,25.95,26.48,26.21,25.91,26.23,25.98,25.71,25.84,26.07,26.31,25.96,26.54,26.28,26.56,26.28,26.45,26.39,27.05,26.87,26.9,27.0,26.8,27.01,27.09,27.51,27.96,28.46,25.97,26.48,25.86,25.57,26.33,26.29,25.68,26.32,25.59,25.34,25.15,26.14,25.84,26.11,26.23,26.48,26.33,26.18,26.96,26.38,26.03,26.28,26.52,26.53,26.37,26.23,26.27,27.51,26.3,26.85,28.33,27.92,26.23,25.57,26.37,25.74,26.67,25.87,25.68,26.45,26.31,25.55,25.32,25.81,25.49,25.85,26.34,25.79,25.7,26.75,26.21,26.12,26.43,26.36,26.96,26.12,26.1,25.98,26.49,26.64,27.19,27.66,27.78,27.09,26.2,26.54,25.88,26.56,24.4,24.96,25.57,26.28,25.42,25.94,25.61,26.08,25.47,26.29,25.52,26.15,26.51,26.23,26.05,26.66,26.09,26.41,25.62,26.85,26.35,26.4,26.27,26.66,26.81,26.93,28.64,28.46,27.99,25.85,25.93,25.88,25.02,25.6,26.21,25.87,26.42,26.41,25.59,25.33,26.75,25.37,26.23,25.88,25.41,26.08,26.22,26.18,26.92,26.11,26.01,26.46,26.12,26.57,25.81,26.11,25.95,25.9,28.34,29.41
2020-06-29 16:09:12.3363,0,27.52,25.88,26.39,26.57,24.36,23.85,24.87,25.9,26.11,25.31,25.95,25.88,25.98,26.36,25.88,26.52,26.54,26.03,26.35,26.81,26.71,26.43,27.06,27.04,27.33,26.65,27.79,26.96,27.18,27.68,29.19,30.32,26.51,26.79,25.7,26.37,24.06,24.8,25.33,26.1,25.22,25.92,25.46,26.02,25.65,25.96,26.89,26.47,26.16,26.05,26.76,26.35,25.75,26.65,26.16,26.83,26.73,26.81,28.35,28.05,26.94,27.83,30.75,30.39,27.68,26.15,26.81,26.42,25.18,23.93,25.57,25.26,26.03,24.97,25.79,25.34,25.93,25.83,26.23,26.37,25.91,26.68,26.97,26.38,26.54,25.71,26.98,26.87,27.2,26.6,26.95,26.7,27.13,26.64,28.07,29.43,25.86,26.09,26.83,26.35,25.7,24.91,25.59,26.19,25.11,25.24,24.71,25.52,25.24,25.45,26.35,25.98,25.98,26.35,26.18,26.69,25.33,25.86,25.77,26.83,25.9,26.45,26.31,26.39,26.5,26.44,27.98,28.52,26.55,25.85,25.59,25.88,24.56,24.66,25.34,25.62,25.42,24.42,26.02,25.88,25.86,25.76,25.69,25.91,26.09,25.82,26.16,26.02,26.6,25.81,26.28,26.06,26.69,26.22,26.95,26.8,26.72,26.5,27.45,27.67,26.77,25.6,25.66,26.78,25.29,25.17,25.56,25.74,25.19,25.07,25.84,25.69,24.68,25.2,25.59,26.54,26.04,25.54,26.18,26.49,25.94,26.69,26.7,26.35,26.37,27.02,26.45,27.71,25.9,26.51,27.74,29.05,25.87,25.97,25.23,25.96,25.08,25.34,25.86,25.76,26.1,25.23,25.37,25.57,24.64,25.43,26.07,25.88,25.28,25.5,26.05,26.61,26.38,25.83,26.28,26.82,27.03,27.03,27.43,27.25,28.1,26.78,27.45,27.46,25.53,26.11,25.79,25.32,25.35,24.85,25.81,25.64,26.01,25.56,25.82,25.78,24.67,25.68,25.74,25.97,25.16,26.04,26.44,26.63,25.69,26.5,26.73,26.85,26.62,26.8,27.03,27.13,25.45,26.72,27.95,28.03,27.06,26.17,25.84,25.97,25.76,25.98,25.86,26.09,25.67,25.54,26.46,26.34,25.97,25.33,25.97,25.81,25.98,25.73,26.4,26.39,26.15,26.37,26.6,26.84,26.13,25.92,27.42,26.86,27.24,26.46,27.52,27.63,26.82,24.94,26.37,25.6,25.59,25.38,25.72,25.86,25.49,25.87,25.27,25.76,24.83,25.14,26.3,26.23,26.14,26.11,26.58,26.71,26.11,26.98,26.87,26.94,26.55,26.6,26.99,26.92,26.59,27.0,26.73,27.93,27.11,26.84,25.6,25.43,25.88,25.41,26.23,25.94,25.24,25.83,25.61,25.69,25.37,25.5,26.58,26.69,26.0,26.07,26.56,26.34,26.23,26.36,26.69,27.2,26.55,26.74,27.29,26.78,26.87,27.16,27.86,27.84,25.93,26.23,26.44,26.74,25.67,25.2,26.39,26.11,25.71,26.19,25.62,25.69,25.01,25.26,26.21,26.34,26.06,25.98,26.02,26.99,26.06,26.01,26.35,26.93,26.61,26.26,26.87,27.41,27.62,26.99,27.05,27.15,26.47,26.42,26.49,26.22,25.55,25.24,26.01,25.88,25.77,25.16,26.75,25.95,25.69,25.49,26.71,26.48,26.6,26.21,26.84,26.94,26.19,26.85,26.4,26.67,26.89,27.02,27.33,26.4,26.36,27.29,27.91,27.84,26.11,25.92,26.54,26.16,25.54,25.31,26.35,26.36,25.59,25.53,25.93,26.0,25.25,25.59,26.59,26.53,26.03,26.12,27.18,28.14,27.72,27.13,28.19,27.39,26.56,27.12,27.25,27.6,27.91,27.21,27.71,27.9,27.28,26.13,26.43,25.85,26.67,25.75,26.38,26.05,26.05,25.04,26.2,26.59,25.59,25.55,26.46,26.48,26.66,25.93,27.43,28.8,30.24,31.03,29.85,30.29,27.61,27.71,27.52,27.44,28.63,26.75,27.86,27.61,26.02,25.93,25.88,25.74,25.72,25.94,26.48,26.2,25.71,25.73,25.89,26.41,25.53,25.93,26.47,26.26,26.08,26.13,27.79,29.19,30.18,31.16,30.34,30.63,28.42,28.01,27.49,27.59,27.48,27.24,27.43,27.53,26.09,25.71,26.26,25.68,26.48,25.52,26.46,26.6,26.25,25.39,26.02,25.87,25.77,25.78,25.98,26.44,25.89,25.59,27.67,28.17,29.41,29.43,31.24,30.77,29.39,27.49,27.2,27.24,26.57,27.37,27.71,27.83,26.03,26.3,26.13,26.12,25.29,25.48,26.33,26.08,25.8,25.84,25.72,26.33,25.54,25.78,26.01,26.13,25.83,25.89,27.91,28.06,27.84,29.36,30.1,30.99,28.18,28.57,27.23,27.4,26.37,26.47,27.68,27.95,26.07,25.71,25.97,26.01,26.33,26.12,26.1,26.31,26.06,26.17,26.23,26.42,26.39,25.59,26.23,26.05,26.17,25.97,27.46,27.2,27.22,27.1,27.99,27.96,27.47,27.43,28.35,27.44,27.64,27.35,27.97,29.41,25.72,25.97,25.57,25.91,25.53,26.25,25.83,26.36,26.4,26.13,25.77,27.07,25.85,26.3,25.49,26.29,25.32,25.68,27.0,26.72,26.03,26.96,27.18,26.89,27.28,27.4,26.95,27.46,26.94,27.21,28.69,28.1,25.78,26.09,25.69,26.28,26.35,25.54,26.12,26.05,26.25,25.6,26.01,25.55,25.86,25.79,26.02,26.05,26.23,25.64,26.41,26.39,26.74,26.64,27.29,26.92,26.26,26.52,27.48,27.07,27.14,27.21,27.96,27.52,25.82,25.59,26.93,25.93,25.09,25.73,25.98,26.04,25.93,25.82,26.19,26.8,25.62,24.95,26.13,26.6,25.82,26.1,26.68,26.84,25.85,26.38,27.1,26.91,26.25,26.41,26.35,27.13,27.37,27.68,28.19,27.33,25.96,26.33,25.9,25.99,25.62,25.48,26.52,26.14,25.72,25.68,26.16,26.23,25.75,25.43,25.66,25.55,26.52,26.0,25.57,26.04,26.36,26.16,27.0,26.87,26.07,25.66,26.77,27.19,26.46,26.76,28.42,28.76,27.17,27.55,26.74,26.5,25.73,25.79,26.7,26.05,26.29,25.58,26.41,26.15,25.09,25.51,26.0,25.78,25.54,25.97,26.24,26.2,26.03,26.53,25.89,27.2,25.99,25.98,25.99,26.82,25.96,27.45,28.08,27.79
2020-06-29 16:09:12.4645,0,28.92,28.39,26.87,25.23,25.09,24.81,25.53,25.92,25.92,25.48,25.62,25.9,26.64,26.24,26.39,26.26,25.98,25.92,26.45,25.71,26.25,26.16,26.57,27.21,27.78,25.82,27.94,27.36,26.91,27.71,26.25,31.64,27.35,28.77,25.73,26.34,25.19,25.47,25.52,25.41,25.99,25.88,25.05,26.12,25.67,25.8,25.74,26.83,26.82,26.52,26.38,26.45,26.45,26.48,26.62,27.39,27.52,27.42,26.78,27.11,27.58,27.55,28.19,31.45,27.35,25.44,25.98,25.86,25.98,24.28,24.77,25.13,25.3,24.99,25.76,25.23,26.02,26.09,25.35,25.9,26.59,25.63,26.09,25.91,26.63,26.36,26.01,26.34,27.31,26.47,26.75,27.39,26.92,27.04,26.92,28.41,26.38,27.8,24.94,25.57,24.41,25.04,25.02,25.29,25.79,25.21,24.99,25.73,25.5,26.01,25.2,26.06,26.23,26.09,26.08,26.66,26.31,26.69,26.19,26.79,26.2,26.28,26.49,27.01,26.34,27.13,26.57,28.19,27.56,25.47,25.38,25.55,25.3,25.14,24.88,25.78,25.38,25.45,25.63,25.43,25.39,25.33,25.99,25.82,26.06,25.62,26.46,26.26,26.57,25.6,26.73,25.96,26.0,26.24,26.63,26.06,26.68,27.36,27.62,27.25,25.37,25.75,24.8,26.23,24.86,26.02,24.48,25.58,24.96,25.28,24.93,25.08,25.13,25.28,25.5,26.19,25.85,26.04,26.2,26.46,26.4,26.32,26.25,26.68,26.39,26.47,26.76,26.79,26.24,27.79,26.61,28.61,26.79,25.43,24.86,25.66,25.33,25.22,25.57,25.65,25.83,25.37,25.23,25.36,25.24,25.25,25.53,25.49,25.44,25.52,26.32,25.9,26.88,26.49,27.03,26.6,26.52,25.93,26.46,26.98,27.15,26.48,27.59,27.29,26.11,25.53,25.49,25.28,24.65,25.5,25.58,25.98,25.33,25.64,25.63,25.74,24.69,25.44,25.86,26.14,25.57,26.2,26.06,26.5,26.12,26.25,25.87,26.93,26.28,26.89,27.18,27.09,26.23,27.15,26.94,27.45,26.49,25.67,26.28,25.68,25.59,25.33,25.09,25.86,25.97,25.45,25.69,25.53,25.46,25.45,26.22,26.11,25.95,25.66,26.27,26.02,26.22,25.98,26.78,26.64,26.44,25.94,27.01,26.35,27.06,26.48,27.32,27.82,26.49,27.47,25.46,25.72,25.61,26.0,25.74,25.82,25.51,26.05,25.8,26.14,25.04,25.69,26.04,26.39,25.5,25.32,26.41,26.2,25.93,26.75,26.47,27.01,26.46,26.8,27.51,26.62,26.04,27.4,26.75,27.39,27.08,26.18,26.66,25.91,26.11,25.43,26.32,26.07,25.32,25.21,25.28,25.71,25.72,25.24,25.35,25.97,26.06,25.54,26.16,26.26,26.49,26.48,26.66,27.0,26.96,26.76,26.64,26.67,27.25,26.76,27.34,27.03,26.3,26.36,25.54,25.81,24.77,26.2,26.06,25.85,25.62,25.74,25.34,25.76,25.51,25.42,26.14,26.49,26.08,26.13,25.95,26.68,26.17,26.94,26.78,27.11,26.63,26.68,26.52,26.74,26.55,26.96,26.75,27.77,26.78,25.93,26.3,25.79,26.43,25.38,25.26,25.66,25.85,25.39,25.92,25.57,25.56,25.51,26.77,26.5,26.3,26.05,26.36,26.68,26.35,25.79,26.16,26.27,26.41,26.13,27.42,27.05,27.15,26.47,27.39,27.36,25.96,26.73,26.26,26.13,25.69,25.66,26.01,25.98,25.19,26.02,25.55,26.17,25.08,26.03,26.42,26.31,25.68,26.18,27.38,27.29,26.51,26.71,26.69,26.54,26.47,27.31,26.64,27.44,27.38,27.17,26.6,28.03,26.0,26.49,25.78,25.72,25.83,25.64,26.11,26.31,26.13,25.27,25.66,26.31,25.56,26.04,26.52,26.49,26.54,26.05,26.93,28.16,28.39,29.51,27.3,28.86,27.13,27.5,26.73,26.56,27.47,27.34,27.83,26.28,26.4,25.89,24.82,26.3,25.6,26.55,25.67,26.29,25.73,25.91,26.01,26.17,25.64,26.0,26.21,26.6,26.28,26.1,26.87,27.94,30.0,29.88,29.56,28.94,27.88,27.06,27.38,27.81,27.07,27.35,27.28,27.32,26.05,25.55,25.59,26.32,26.58,25.54,25.56,26.13,25.88,25.85,26.31,26.1,25.74,25.8,26.54,26.36,26.34,25.71,27.44,27.89,29.87,29.94,30.8,30.36,28.91,28.8,27.03,27.4,27.57,26.49,27.84,28.37,26.05,26.44,25.51,26.08,25.73,25.58,26.35,25.8,26.05,26.03,25.52,26.51,25.36,26.05,25.93,25.7,25.36,25.85,27.05,27.73,28.66,29.93,31.28,31.38,30.01,28.77,27.25,27.51,26.83,27.34,26.83,28.08,27.18,25.73,26.27,25.38,25.72,25.72,26.85,26.33,25.55,25.95,26.2,26.0,26.05,25.72,26.2,26.28,26.03,26.09,26.5,26.81,27.09,27.87,29.87,29.58,29.73,27.7,27.34,26.89,28.22,26.75,28.65,28.15,25.55,24.99,25.08,26.2,24.67,26.5,26.65,26.84,25.71,26.33,25.79,26.81,25.87,26.16,26.13,26.57,26.17,26.26,26.07,26.47,26.38,26.92,27.77,29.07,27.18,28.38,26.97,27.28,27.27,27.33,28.17,28.99,27.19,25.92,26.2,24.91,26.31,26.47,25.23,26.63,25.83,25.5,25.62,25.93,26.16,25.69,25.43,26.52,26.31,26.1,26.83,26.29,26.83,27.01,27.75,26.94,27.28,27.08,27.0,27.39,27.27,27.57,28.12,28.35,25.2,26.96,25.29,26.6,26.07,25.85,25.72,27.14,25.56,26.17,25.6,25.8,26.22,25.49,26.03,25.88,25.96,26.29,25.9,26.92,25.87,26.95,26.87,26.74,26.0,26.65,27.13,26.78,27.06,27.47,28.01,29.44,27.16,26.35,26.65,25.42,25.24,24.16,26.17,26.46,26.38,25.98,25.46,25.33,25.58,24.95,25.75,25.94,25.52,25.9,26.41,26.44,26.45,26.05,26.69,26.89,26.62,25.53,26.57,26.7,27.14,26.96,26.97,28.22,25.8,26.78,25.36,26.06,25.06,26.76,25.92,25.22,25.45,25.83,25.35,25.44,25.5,25.22,25.01,25.99,25.94,26.06,25.75,26.81,25.92,26.36,26.19,27.01,26.6,26.4,26.34,27.47,26.16,27.22,27.84,29.38
2020-06-29 16:09:12.5927,0,24.89,28.24,26.24,25.31,24.02,25.4,24.55,25.43,26.12,26.84,26.25,26.19,25.56,26.36,26.01,25.43,26.26,26.56,26.06,26.4,26.28,26.73,26.0,26.44,26.7,26.52,26.9,27.22,26.56,27.84,29.59,30.18,29.21,25.61,26.69,26.44,24.86,24.83,25.2,24.97,25.55,25.77,25.19,25.73,26.19,25.15,26.24,25.8,26.29,25.26,26.76,26.74,26.3,26.09,26.03,25.93,27.37,26.66,26.63,26.45,28.05,26.72,29.33,29.66,26.37,26.74,25.07,25.33,26.04,25.3,25.43,25.74,25.05,25.52,25.91,25.34,25.79,26.19,26.32,26.12,25.53,26.2,25.86,26.62,25.9,26.09,26.03,26.46,25.91,27.07,27.28,27.58,26.1,27.46,27.92,28.6,27.23,25.28,25.94,25.46,25.73,24.44,25.32,25.17,24.98,25.36,25.6,25.25,26.29,25.54,26.23,25.72,25.62,25.97,26.05,26.43,26.52,26.21,25.78,26.02,26.75,26.74,26.97,26.41,26.71,26.29,26.66,27.22,27.24,26.12,25.26,25.04,25.81,25.89,25.19,25.22,25.53,24.8,24.68,25.99,25.28,26.07,25.77,26.55,25.84,26.13,25.91,26.45,26.35,25.68,26.14,26.8,26.02,26.09,25.5,26.82,26.57,26.54,27.51,26.2,25.83,26.04,25.53,24.92,25.01,25.17,25.16,25.86,25.68,25.17,25.71,25.09,25.42,25.05,25.03,25.97,26.23,25.71,25.73,26.02,26.03,26.1,25.99,26.21,26.63,26.36,27.04,26.23,27.68,27.19,27.42,26.27,25.14,26.21,24.42,25.51,24.93,25.35,25.59,25.37,25.24,26.26,25.78,25.77,24.81,25.41,25.31,25.44,25.33,26.09,26.0,26.17,26.13,26.56,26.47,26.23,26.41,27.03,26.89,26.41,27.19,27.12,26.77,27.88,26.14,26.33,25.5,25.01,25.79,25.11,24.92,25.49,25.06,25.76,25.27,25.3,24.95,25.33,25.61,25.73,25.72,25.5,26.01,26.29,26.5,26.46,26.27,26.14,26.61,26.28,26.77,27.12,26.98,26.73,28.0,27.33,26.38,26.73,26.01,25.69,25.07,26.12,25.35,25.35,25.64,25.52,25.37,25.59,25.44,25.6,25.54,26.16,25.17,25.89,25.96,26.26,25.81,26.64,26.67,26.5,26.44,26.86,26.77,26.2,27.23,27.52,26.71,27.33,27.4,25.83,25.62,25.6,25.46,25.76,25.34,25.23,25.58,25.4,25.97,25.82,25.18,25.38,26.26,25.81,26.29,25.49,25.7,26.0,26.27,26.54,26.22,26.69,26.98,26.57,26.49,26.25,26.88,27.0,26.77,26.93,26.61,26.71,25.77,25.76,24.93,25.54,25.37,25.46,25.75,25.81,25.47,25.56,24.74,25.85,25.98,26.1,25.86,26.41,26.24,26.12,26.28,27.01,26.86,27.39,26.41,27.07,27.02,26.65,26.44,26.61,27.23,27.38,26.15,26.76,26.47,25.09,25.54,25.31,26.14,25.97,25.69,26.04,25.2,25.35,24.98,25.21,26.09,26.1,26.11,25.65,26.27,26.0,26.5,26.35,26.12,26.79,26.26,26.79,26.38,26.24,27.36,26.99,27.24,27.66,26.32,25.78,25.89,26.38,25.8,26.13,25.86,25.52,25.74,26.18,25.6,25.52,25.36,26.22,26.47,26.35,25.73,26.18,26.06,25.88,26.14,26.23,26.36,26.65,26.08,27.01,26.94,27.28,26.63,27.17,27.77,27.55,26.32,26.45,26.26,25.87,25.8,25.67,25.75,25.99,25.79,25.8,26.0,25.96,25.59,25.92,26.65,26.84,26.72,25.97,26.6,26.71,26.08,25.92,26.34,26.32,26.43,26.86,26.99,26.7,27.92,26.64,28.39,27.42,26.6,27.37,25.35,26.17,25.59,26.52,25.64,26.16,25.91,25.76,25.86,25.86,25.35,25.99,26.5,26.63,25.87,26.09,26.63,28.39,26.52,26.94,26.27,27.14,26.68,26.9,26.87,27.06,27.5,27.63,26.73,27.49,26.95,26.47,25.59,26.34,25.99,25.41,26.0,25.23,25.8,25.59,26.06,25.55,25.5,25.88,26.25,26.3,26.41,25.7,27.01,28.21,28.62,27.42,27.7,27.03,27.4,26.83,26.86,27.44,27.77,26.81,27.96,27.21,26.31,25.58,25.47,25.4,26.06,26.46,25.82,25.98,25.88,25.6,25.77,26.17,25.13,26.24,25.94,26.51,25.94,25.76,26.85,27.85,28.77,29.9,29.54,29.59,27.78,27.72,26.66,26.71,26.87,27.39,27.73,27.53,25.53,25.97,25.84,25.81,26.0,25.61,25.96,25.93,25.9,25.92,26.02,26.4,25.41,24.93,25.68,25.88,25.99,25.84,27.0,26.83,28.82,29.22,30.93,30.21,29.53,28.07,27.23,26.99,27.27,26.93,27.38,27.8,25.54,26.32,25.99,25.88,26.04,26.28,25.17,25.92,25.68,26.27,26.31,26.29,26.04,26.31,26.19,25.82,26.33,25.94,25.66,26.25,26.76,27.73,30.76,30.79,29.86,29.55,26.81,28.31,27.65,27.38,27.29,28.37,26.36,24.88,25.95,25.43,26.42,25.82,25.97,26.34,25.92,25.51,25.64,26.14,26.05,26.05,26.09,25.52,26.33,25.63,26.45,26.26,26.98,27.14,29.34,31.24,29.97,30.27,27.95,27.31,27.9,26.75,28.2,27.76,25.84,27.54,27.0,24.93,25.42,26.63,25.69,26.07,25.72,25.98,25.38,26.02,25.94,25.55,25.88,25.81,26.42,26.5,25.36,26.26,26.37,26.63,28.14,27.67,27.95,27.34,27.34,27.09,27.16,27.42,27.62,28.4,26.54,25.64,25.32,25.78,25.91,25.89,26.14,25.75,25.8,26.06,25.57,25.07,25.38,25.61,26.22,25.66,26.14,26.06,26.32,26.11,26.31,26.35,26.85,27.4,27.2,26.95,26.53,26.66,26.41,27.53,27.46,28.04,27.05,27.52,25.75,26.25,25.64,25.85,26.37,26.62,25.85,26.65,25.21,25.7,24.58,26.17,25.64,25.92,25.53,26.24,25.54,26.54,25.83,26.83,26.31,26.31,26.51,26.29,25.97,26.21,26.67,27.19,27.57,28.62,25.63,26.91,25.6,25.55,26.11,25.97,26.41,25.42,25.59,25.29,24.92,25.19,26.25,25.24,24.98,25.75,25.91,25.58,25.98,26.44,25.9,26.51,26.73,26.62,26.45,26.74,25.35,26.5,26.92,28.44,28.22,28.94
2020-06-29 16:09:12.7233,0,26.03,27.14,25.86,25.66,24.15,24.6,24.33,25.39,25.94,25.46,25.35,24.57,26.65,26.08,25.87,27.05,25.99,25.76,26.33,26.11,26.13,26.14,26.74,26.88,26.83,26.14,27.4,26.96,26.69,28.25,29.74,27.72,26.93,26.44,25.48,25.3,24.8,24.96,24.99,25.76,25.07,26.19,26.45,26.0,25.78,25.68,26.37,25.8,26.54,25.77,26.22,25.52,25.61,26.22,25.86,26.36,26.57,26.63,26.76,27.13,26.94,28.52,29.04,26.94,25.34,26.15,26.0,26.04,24.65,24.93,24.63,25.26,25.04,25.78,24.85,25.47,25.43,25.83,26.09,26.0,26.25,25.61,25.87,26.13,26.4,25.96,26.29,26.18,26.9,26.3,26.61,26.02,26.76,26.26,26.38,27.33,26.62,26.08,24.92,25.96,25.21,24.57,25.29,25.59,24.84,25.09,24.71,25.5,25.71,25.55,25.53,25.49,25.4,26.45,26.06,26.32,25.45,26.21,25.77,26.54,26.04,27.01,26.16,26.05,27.18,26.78,27.27,27.06,26.32,26.85,25.58,25.35,25.32,25.11,25.18,25.21,24.76,25.43,25.4,25.41,24.74,25.31,25.78,25.57,25.86,25.93,25.92,25.9,26.36,25.69,26.75,25.93,26.15,25.54,25.48,27.1,27.51,26.5,25.63,27.45,26.77,25.58,24.78,25.57,24.53,25.0,24.73,25.59,25.43,25.66,25.37,25.22,25.44,25.18,25.48,25.34,25.4,25.63,25.96,25.82,26.16,25.78,26.23,26.33,26.37,27.01,26.31,26.81,26.38,26.49,26.59,27.62,25.47,25.41,26.21,24.49,25.2,25.62,25.85,24.85,25.36,25.0,25.57,25.23,24.62,24.6,25.75,25.06,25.36,25.4,26.13,25.36,26.57,25.94,26.04,26.35,26.78,26.41,26.48,26.54,27.17,26.62,27.08,26.9,26.09,25.0,25.31,25.62,24.49,25.92,25.68,25.49,25.42,25.77,25.61,25.54,25.08,25.46,25.54,25.85,25.16,25.92,26.14,26.41,26.62,26.37,26.07,26.72,26.73,26.53,25.84,26.83,26.66,26.55,26.75,27.1,26.15,25.13,25.19,25.5,25.61,25.44,25.97,25.47,25.54,25.1,25.39,25.2,24.99,25.04,25.86,25.81,25.77,25.44,25.99,26.0,26.23,26.46,26.58,26.29,26.57,26.87,27.02,26.19,26.65,26.31,27.17,26.94,26.11,26.81,25.9,25.73,25.99,25.76,25.23,25.36,25.48,25.85,25.58,25.24,25.02,25.51,25.92,26.03,26.14,26.18,26.29,26.12,25.62,25.98,26.45,26.49,26.55,26.7,26.61,26.9,26.58,26.69,26.4,27.91,26.04,26.16,26.21,25.58,25.46,25.79,25.86,25.46,25.66,25.3,25.5,25.98,25.93,25.41,26.38,26.14,25.8,25.61,26.36,26.05,26.31,25.97,26.68,26.77,26.54,26.62,27.03,26.9,27.4,26.45,27.52,26.51,26.1,25.87,25.83,25.67,25.8,25.7,25.68,25.86,25.49,26.17,25.82,25.67,25.39,25.53,26.21,26.32,25.87,26.05,25.83,26.69,25.96,26.86,26.45,27.02,26.6,27.03,26.63,26.63,26.39,26.84,27.53,27.46,26.1,26.58,25.56,26.07,25.4,25.1,25.27,25.76,25.76,25.89,25.43,25.64,25.3,25.87,25.95,26.56,26.13,26.12,26.37,26.0,25.6,25.97,26.9,26.15,26.1,26.91,27.32,26.9,26.89,25.88,27.24,26.84,26.45,26.58,25.04,26.0,25.54,26.68,25.64,26.23,25.91,26.14,25.52,26.28,25.43,26.04,26.13,26.6,25.84,26.1,26.08,26.47,26.01,26.04,26.06,26.76,26.45,26.76,26.62,26.95,28.04,27.05,26.74,27.06,26.02,26.81,25.79,26.0,25.99,25.74,25.89,25.23,26.03,25.89,26.09,25.88,25.48,26.02,25.79,26.56,26.64,26.21,26.85,27.29,26.74,26.46,26.39,26.62,26.92,26.68,26.74,27.05,28.75,26.74,27.68,27.45,26.38,25.91,25.57,26.02,25.98,26.06,26.12,25.95,25.5,25.82,25.68,26.39,25.72,26.39,26.38,26.71,26.26,25.83,26.27,27.29,27.57,26.95,26.69,26.52,26.28,26.84,25.96,27.18,27.19,26.65,27.43,27.34,26.26,25.35,25.93,25.37,25.63,26.05,25.7,25.86,26.12,25.83,25.9,25.66,25.25,25.68,25.48,26.05,25.48,26.08,26.3,26.99,28.9,28.83,28.29,28.21,27.33,27.37,26.79,27.38,26.7,27.22,28.03,26.96,26.21,26.46,25.32,25.47,25.43,26.14,25.58,25.94,25.91,26.27,25.71,25.89,25.34,25.46,25.21,26.31,26.02,26.26,25.75,26.95,28.64,29.25,29.89,29.48,28.4,26.76,27.49,27.52,26.67,27.81,27.16,27.06,25.48,25.34,25.12,25.2,25.3,26.4,26.09,25.4,26.04,26.05,26.44,25.87,26.06,25.7,25.6,25.95,25.54,25.86,26.31,26.27,27.1,28.17,30.45,31.25,29.99,29.42,27.64,27.3,27.17,26.26,28.13,28.13,25.14,25.2,24.89,25.72,25.82,25.81,27.03,26.34,25.33,25.76,25.2,26.05,25.64,26.49,25.39,26.48,25.63,25.87,26.05,26.18,27.21,27.05,29.91,30.8,29.97,29.9,28.07,26.87,27.1,27.19,27.07,28.64,27.01,25.3,25.31,25.41,25.86,25.69,26.53,26.19,25.72,25.6,25.75,25.19,25.84,25.67,25.67,26.27,25.55,26.08,26.39,26.04,26.5,26.64,28.76,29.39,30.91,28.93,28.51,27.37,27.13,27.21,28.53,27.32,26.88,26.18,25.46,24.67,25.57,26.18,25.55,25.59,25.54,25.55,25.45,26.06,25.51,26.19,25.9,26.13,26.16,26.19,25.76,26.47,26.44,26.72,27.48,28.79,27.99,28.99,27.57,27.42,26.71,27.84,27.19,28.82,25.95,26.55,25.48,25.4,24.75,24.98,26.04,25.36,25.14,25.54,26.01,26.36,25.73,25.55,26.26,25.8,25.78,25.28,25.42,26.29,25.44,26.03,25.62,26.58,26.78,26.26,25.94,26.0,26.81,27.13,29.1,29.32,26.34,26.33,26.35,26.48,25.56,25.09,25.42,26.19,26.0,25.71,25.19,26.27,25.48,25.62,25.37,26.14,25.67,25.95,25.85,26.7,26.03,25.97,25.47,27.89,26.29,27.03,25.99,25.94,26.69,27.05,27.29,27.77
2020-06-29 16:09:12.8510,0,28.48,28.39,25.08,25.9,24.91,25.17,25.71,26.59,26.09,26.83,25.34,27.04,25.95,25.95,25.72,26.25,26.38,25.91,26.18,26.54,26.26,26.72,26.88,26.89,26.98,27.83,27.58,27.93,29.05,28.55,31.42,31.01,26.53,27.11,27.94,25.71,25.55,25.13,25.17,25.75,25.83,25.3,26.74,25.99,25.39,25.27,26.11,26.83,26.29,26.02,26.23,26.59,26.84,26.49,26.31,27.1,27.04,27.1,27.83,27.48,28.19,28.04,29.49,31.5,28.8,25.92,25.99,27.01,25.49,24.77,24.93,26.32,25.86,25.93,25.5,26.37,26.02,26.2,26.44,25.89,26.36,26.45,26.58,26.14,26.14,26.1,26.01,26.19,26.32,26.76,25.79,27.55,27.99,27.03,28.6,28.41,26.38,26.29,26.84,25.58,25.38,24.72,25.45,26.46,25.65,24.68,25.61,25.49,26.07,25.42,26.01,26.41,26.21,25.74,27.12,26.07,26.06,26.08,26.04,26.27,26.19,26.86,27.42,27.18,27.19,27.14,27.76,28.21,26.73,26.86,25.2,26.06,25.16,25.58,25.03,25.49,25.26,25.69,25.27,26.0,25.17,25.54,25.99,26.36,26.39,26.37,26.35,26.81,26.12,26.62,26.13,26.32,26.53,26.09,26.49,26.96,26.53,27.35,27.43,28.34,27.59,26.36,25.14,24.53,24.69,25.44,25.84,25.72,25.57,25.65,25.15,25.55,25.34,25.28,25.49,25.44,25.73,25.72,26.51,26.25,26.61,26.1,26.94,26.44,26.76,26.35,26.89,27.1,26.39,26.98,27.37,27.42,25.84,26.16,26.04,25.97,25.34,25.49,26.23,26.02,25.35,25.59,25.78,25.9,25.24,25.13,25.43,25.37,25.55,25.61,26.02,26.2,26.67,26.37,26.7,27.29,26.64,26.79,27.0,26.83,27.16,26.79,27.6,28.21,26.1,25.91,25.8,25.77,25.35,24.96,26.33,25.99,26.37,25.87,26.36,25.96,25.19,25.45,25.95,25.64,25.76,26.01,26.05,26.2,26.73,26.26,26.84,26.94,26.04,26.65,27.3,26.68,26.82,26.23,27.62,27.28,27.22,25.31,25.34,25.98,25.6,25.45,25.96,26.46,25.75,25.76,25.91,25.93,25.46,25.63,26.04,26.01,25.76,25.74,26.56,26.11,26.32,26.47,26.68,26.96,26.56,26.99,26.76,26.73,26.06,26.77,27.83,26.95,27.18,26.46,26.84,24.95,26.54,25.48,26.09,25.83,25.93,26.06,26.0,25.84,25.41,25.5,26.4,26.21,25.77,25.61,26.59,26.4,26.11,26.66,26.88,26.91,27.23,26.22,27.25,26.5,26.45,26.83,28.38,27.74,26.91,26.17,25.58,26.35,25.58,25.67,25.61,26.06,25.76,26.26,25.18,26.09,25.34,25.32,26.28,26.7,25.6,26.26,25.98,26.63,25.91,26.85,26.56,27.2,27.08,26.63,26.89,26.78,26.7,27.03,28.15,28.02,26.98,26.04,26.3,26.27,25.81,25.82,25.57,25.97,26.04,25.74,26.22,25.96,25.4,25.89,26.04,26.77,26.42,26.13,26.31,26.31,26.16,26.56,26.77,26.9,26.83,26.46,26.76,26.87,27.09,27.25,26.9,27.45,26.79,26.25,26.01,26.22,25.66,26.13,25.98,26.23,26.17,26.0,25.72,25.85,25.76,25.69,26.59,26.48,25.75,26.4,25.62,26.48,26.07,26.56,26.68,26.78,26.53,26.8,26.68,26.66,27.02,26.88,27.23,27.52,26.8,25.89,27.0,25.99,25.68,26.04,26.59,25.87,25.81,25.92,26.33,25.97,25.54,26.03,26.14,26.77,26.04,25.81,26.73,25.9,26.31,26.03,26.27,26.34,26.68,26.75,27.38,26.69,27.09,27.74,27.89,27.55,26.55,27.0,26.09,26.01,26.38,26.27,26.23,26.18,25.81,25.68,25.67,26.29,26.42,26.12,26.24,26.76,26.54,25.66,26.36,26.45,26.63,26.37,26.28,26.63,26.46,27.03,26.98,27.19,27.76,27.04,28.0,27.29,27.1,26.59,25.73,26.01,26.26,26.05,26.61,26.17,26.15,25.49,26.5,26.18,25.82,25.9,26.2,26.7,26.17,26.01,26.57,26.23,27.97,28.12,27.32,26.93,27.08,27.06,26.61,27.43,27.34,27.22,28.09,26.32,26.06,26.25,25.11,26.16,26.18,25.93,25.57,26.73,25.99,25.95,26.42,26.09,25.24,26.08,25.96,26.25,26.05,26.57,26.58,27.2,27.79,28.64,28.38,28.11,27.32,26.78,27.04,27.52,27.57,27.23,28.36,27.67,26.41,25.56,26.3,26.09,25.99,25.73,26.59,25.93,25.58,25.48,26.37,26.1,25.55,25.15,26.5,26.0,25.93,25.56,26.74,26.84,28.75,28.34,29.79,28.71,27.61,26.75,27.64,27.24,26.97,27.96,27.52,28.44,26.43,26.09,25.78,27.15,26.16,25.99,25.81,25.8,26.62,26.06,26.21,26.98,25.84,25.81,26.21,26.47,26.24,26.58,26.3,27.1,27.62,28.18,30.32,31.26,28.66,27.94,27.35,27.31,27.47,27.36,27.77,28.88,26.5,25.39,26.26,25.55,26.41,25.22,26.9,25.94,25.94,25.75,26.12,26.15,26.39,25.95,26.85,26.26,26.36,25.96,25.95,26.48,26.79,27.69,29.92,30.68,30.7,28.89,27.8,27.87,27.42,27.34,28.52,28.26,27.41,26.7,26.21,26.29,26.63,26.0,25.95,26.9,26.1,26.24,25.86,26.51,26.17,25.91,26.22,26.39,26.09,26.53,26.27,26.28,26.72,27.0,29.36,30.49,30.52,30.39,28.79,27.38,27.12,27.56,28.32,28.95,26.9,26.57,26.58,26.44,25.9,26.02,25.85,26.72,25.81,26.05,25.83,25.56,25.51,25.96,26.47,26.35,26.17,26.3,26.58,26.58,27.39,26.47,28.62,30.16,29.85,30.45,28.03,28.04,27.54,28.0,28.8,29.24,25.94,26.57,26.47,25.81,25.25,26.48,25.87,26.61,25.69,24.99,25.86,26.1,26.1,26.19,25.51,26.79,26.13,26.37,26.29,27.18,26.2,27.09,27.52,28.0,27.5,27.32,26.59,27.03,27.87,27.33,27.93,28.49,26.36,28.24,26.56,27.06,25.4,25.93,26.39,26.65,25.44,25.7,26.15,25.59,25.62,25.61,25.76,26.0,25.68,25.82,25.99,26.31,26.17,26.23,26.87,26.74,26.59,27.02,26.67,27.14,27.25,27.05,28.37,30.71
2020-06-29 16:09:12.9780,0,26.83,27.41,25.7,24.62,23.8,25.02,24.7,25.43,25.63,25.33,25.78,25.75,25.95,26.63,25.58,25.02,25.84,25.63,26.32,26.12,26.12,26.01,25.97,26.44,26.35,26.34,27.06,27.02,27.72,27.26,27.26,29.53,25.96,26.26,26.47,25.35,24.85,24.09,24.69,25.28,25.69,25.89,25.89,25.71,25.11,26.19,25.58,25.64,26.28,26.26,25.96,26.04,26.03,26.62,26.03,26.2,26.44,26.63,26.45,26.43,26.6,27.89,28.46,29.61,25.76,26.49,25.85,25.9,25.51,24.63,24.79,24.98,24.75,24.97,24.83,25.59,25.52,26.18,25.94,25.87,26.22,26.43,26.08,26.37,26.12,26.21,25.87,25.63,26.18,26.17,24.99,26.23,26.43,26.51,26.78,26.47,27.48,26.14,26.32,24.86,25.07,24.25,25.31,25.73,24.97,25.2,25.09,25.35,25.46,25.52,25.99,25.69,25.96,25.14,26.05,26.05,26.28,26.19,25.64,26.13,25.91,26.0,26.81,26.38,27.22,25.53,26.17,26.89,26.37,26.12,24.87,25.22,25.32,24.53,25.17,25.22,24.48,24.67,25.25,25.04,24.7,25.51,25.41,25.78,25.93,25.91,25.32,26.0,26.1,25.56,26.23,25.43,25.73,26.36,25.91,26.51,26.71,26.2,27.48,27.53,26.23,26.01,25.17,25.41,25.0,25.14,25.43,25.04,25.43,25.02,24.9,25.41,24.87,25.25,25.35,25.52,25.27,25.69,26.05,26.0,26.58,26.3,26.57,26.42,26.5,26.47,26.6,25.91,26.25,26.67,25.88,26.65,26.08,25.46,24.56,24.69,25.49,25.63,24.91,25.63,25.33,25.56,24.54,25.66,24.47,24.78,24.78,25.23,25.21,25.37,25.37,25.96,26.53,26.13,25.89,25.87,26.63,26.28,25.78,26.12,26.71,26.33,25.67,26.76,26.33,25.94,25.01,24.34,24.93,25.22,25.3,25.59,25.06,24.94,25.48,25.17,24.64,25.21,25.11,25.1,25.52,25.47,26.21,26.16,25.76,26.33,26.38,26.0,26.25,26.38,26.76,26.12,26.68,25.93,26.09,27.13,26.36,25.69,25.36,24.9,24.77,24.91,25.45,25.22,25.5,25.73,25.45,25.79,25.13,25.3,25.52,25.68,26.01,25.32,26.14,25.68,25.69,26.04,26.12,26.27,26.31,26.15,27.26,26.59,26.78,26.33,27.36,26.81,26.33,26.31,25.46,25.58,25.32,24.68,25.22,25.57,25.24,25.7,25.86,24.88,25.18,25.07,25.98,25.78,25.73,25.85,26.26,26.07,26.36,26.13,26.11,26.24,26.19,26.2,26.36,26.62,26.59,26.39,26.26,27.59,26.77,26.54,24.96,25.45,25.44,25.4,25.71,25.45,25.51,25.91,25.25,25.25,25.01,25.47,25.77,26.01,26.11,26.03,25.93,26.21,26.16,25.94,25.91,26.0,26.94,25.57,25.64,26.52,26.56,26.6,27.69,26.38,25.62,25.55,24.76,25.52,25.41,26.06,25.67,25.36,25.57,25.6,25.19,25.72,25.07,25.0,26.17,25.8,26.02,25.72,25.61,25.88,26.02,26.32,26.53,25.91,26.69,26.43,26.25,26.22,25.98,26.68,26.6,27.3,26.47,25.78,25.41,25.04,25.64,24.97,25.12,25.4,25.61,25.86,25.28,25.71,25.81,25.36,25.62,26.35,26.26,25.71,25.95,26.25,26.03,25.74,26.03,26.23,26.83,26.67,26.3,26.9,27.43,27.16,26.93,27.38,26.49,26.59,25.81,26.28,25.8,25.65,25.86,25.5,25.57,25.88,25.89,25.64,25.12,26.18,26.27,26.45,25.9,26.04,25.86,26.04,25.69,25.99,26.03,26.3,26.54,26.38,26.74,26.93,27.09,27.18,27.42,27.06,25.87,26.0,25.48,25.87,25.97,25.36,25.5,25.8,25.89,25.44,25.22,25.55,25.71,25.89,26.02,26.06,25.94,25.99,25.66,26.21,25.81,25.84,25.52,26.28,26.88,26.43,26.21,26.79,27.76,26.76,27.04,26.8,26.24,25.93,25.43,25.87,26.38,25.38,25.75,24.84,25.47,25.24,26.06,25.63,25.3,26.15,25.97,26.0,25.94,25.59,25.86,25.81,26.36,26.0,26.56,26.58,26.26,26.92,26.34,26.51,27.06,27.07,26.63,27.69,26.65,25.04,25.13,25.86,25.48,25.92,25.18,25.73,25.52,25.15,25.86,26.27,25.5,25.75,25.72,25.92,25.92,25.75,25.95,26.76,27.15,27.41,27.5,27.22,26.03,26.4,26.24,26.29,26.85,26.33,27.19,27.53,26.26,24.69,25.67,25.63,25.57,25.85,25.58,25.91,24.98,25.23,25.37,25.64,24.9,25.61,25.77,25.66,25.7,26.31,26.31,26.2,27.61,27.8,28.59,27.6,27.01,26.73,26.96,26.41,27.27,26.9,27.72,27.42,24.93,25.76,24.28,25.39,25.58,25.85,26.06,25.79,26.13,25.57,25.28,25.85,25.07,25.36,25.76,26.23,25.69,25.73,26.16,26.04,27.48,27.72,29.52,30.67,27.67,27.05,26.51,27.02,26.55,26.91,27.44,27.44,25.77,25.42,24.92,25.73,24.81,25.93,25.7,25.92,25.79,25.96,25.52,25.67,25.4,25.6,25.57,25.81,25.81,26.02,26.13,26.55,26.76,27.55,30.35,30.66,29.24,28.24,27.24,26.42,26.81,26.41,28.38,27.73,26.02,25.96,25.15,25.1,24.76,26.02,25.95,25.92,25.44,25.47,25.24,25.66,25.69,25.88,25.52,26.03,25.73,25.72,26.13,26.14,26.81,26.39,30.2,29.87,29.49,29.46,27.61,26.93,27.63,27.25,26.81,27.79,25.89,26.01,26.06,24.69,24.79,25.86,25.85,25.86,25.53,25.65,25.44,25.54,25.49,25.58,25.88,25.4,25.8,25.93,26.55,26.32,26.31,25.48,29.48,30.27,30.1,28.83,27.58,27.27,27.4,26.98,27.86,28.01,26.53,26.42,25.12,25.85,25.27,25.01,24.94,26.46,25.27,26.1,24.78,26.09,25.45,25.8,24.62,26.16,25.75,25.63,25.27,25.78,25.93,26.16,26.83,27.58,27.79,27.18,25.28,27.22,26.47,27.0,27.07,28.62,26.47,27.12,26.41,25.91,25.94,24.92,25.6,25.39,25.15,25.12,25.19,25.57,25.6,25.34,25.23,25.73,24.91,26.04,25.85,26.67,25.63,26.35,27.28,27.45,27.19,25.65,26.19,26.47,26.74,26.31,27.68,29.55
2020-06-29 16:09:13.1060,0,26.37,24.87,24.94,25.06,24.01,24.45,23.84,25.07,25.96,25.62,25.35,25.3,25.96,25.8,25.45,25.55,26.25,25.49,25.64,25.83,26.13,25.71,25.83,26.27,27.01,27.0,26.34,26.04,27.5,27.25,26.13,24.82,25.94,28.65,26.23,26.0,22.98,23.74,24.5,24.8,25.53,25.61,25.59,26.0,26.04,24.88,25.31,25.52,25.37,25.5,25.68,25.92,25.88,26.36,26.16,26.37,26.27,26.81,25.9,26.08,27.21,28.14,28.0,28.51,26.65,26.24,25.06,24.92,25.19,24.62,24.8,24.96,25.73,24.41,25.37,25.84,25.53,24.95,25.35,25.62,26.47,25.58,25.49,25.62,26.14,25.18,25.61,26.45,26.62,25.86,25.17,25.87,27.51,26.11,27.08,27.52,26.21,26.59,24.96,24.88,24.4,24.91,24.7,24.87,25.23,25.61,24.18,24.48,25.33,25.18,26.33,25.59,26.41,25.73,26.03,25.47,25.55,26.2,25.63,25.6,26.18,26.44,26.64,25.74,25.65,27.01,26.88,26.63,26.6,24.69,25.07,24.49,24.72,24.36,24.04,24.93,25.01,24.91,24.55,25.38,25.16,25.61,25.53,25.65,25.94,25.35,25.56,25.65,26.22,25.78,26.85,25.79,26.54,25.94,25.92,26.8,26.07,26.86,25.69,27.08,25.2,25.83,24.63,24.91,24.99,25.75,25.14,24.79,24.55,25.52,25.23,24.85,24.53,25.04,25.01,25.1,25.15,26.02,25.93,25.9,26.24,25.86,25.49,25.59,25.84,26.74,25.88,26.67,25.75,27.01,26.06,26.05,26.28,25.82,24.41,25.16,25.21,25.2,25.06,24.84,25.59,24.97,25.44,25.31,24.8,24.88,25.61,25.53,25.52,24.64,25.99,26.05,26.12,26.44,26.13,26.21,27.24,26.39,25.39,26.54,27.03,26.79,26.4,26.37,25.38,26.32,24.84,24.36,24.63,25.79,25.41,25.35,25.4,25.97,25.25,25.62,24.63,25.02,26.2,25.52,24.92,25.49,25.4,25.97,25.44,26.34,25.93,26.13,26.47,26.64,26.88,26.41,25.91,26.87,26.25,26.6,26.73,25.5,23.77,25.82,26.29,25.3,25.09,24.59,25.4,25.18,25.04,25.47,25.24,25.29,25.43,25.67,25.92,25.21,25.37,25.96,26.1,26.22,25.81,26.37,26.66,26.13,26.63,26.45,27.08,25.87,27.54,27.31,25.79,25.99,24.66,24.98,25.17,25.35,24.71,25.1,25.45,25.72,25.12,25.2,24.97,25.56,25.5,25.51,25.53,25.39,25.78,25.99,25.87,26.04,26.0,26.25,25.84,25.97,27.1,26.5,25.87,26.99,26.91,27.43,27.13,26.87,25.29,24.82,26.12,25.65,25.6,25.2,25.41,25.47,24.75,25.34,25.21,25.36,25.6,26.46,26.21,25.56,26.13,26.19,26.56,26.12,26.03,26.73,26.51,26.6,26.27,26.12,26.29,26.45,26.9,26.7,26.13,26.24,25.06,25.53,25.13,25.56,25.42,25.14,25.67,25.72,25.68,25.54,24.58,25.29,26.16,26.0,25.46,25.55,25.88,25.71,25.72,26.43,26.1,26.88,26.24,26.44,26.24,25.97,26.11,27.67,27.23,26.99,26.83,26.27,25.42,25.63,25.79,25.22,25.25,25.5,26.05,25.54,25.19,25.31,25.25,25.63,25.63,26.43,25.81,25.7,25.68,25.11,25.85,25.73,26.25,26.53,27.17,26.08,26.68,26.89,26.62,25.73,26.94,27.53,25.61,26.44,25.49,24.82,25.26,26.29,24.89,24.94,25.56,26.21,25.38,25.06,25.2,26.0,26.26,26.1,25.98,25.59,25.57,25.87,25.1,26.2,26.12,26.21,26.31,26.73,26.73,27.07,26.94,26.63,26.59,27.25,26.42,25.64,24.88,25.56,26.51,25.6,25.27,25.79,26.0,25.75,25.34,25.64,25.34,25.79,25.47,26.52,26.04,26.25,25.86,26.39,25.72,25.93,25.85,26.16,26.78,26.42,26.35,26.13,27.91,26.45,27.21,26.62,25.34,26.8,26.19,25.73,25.7,25.53,25.5,26.05,25.57,25.47,25.74,25.13,25.29,26.25,25.96,26.01,25.75,25.79,26.42,26.01,25.86,26.11,25.83,26.16,26.36,26.58,25.81,27.04,27.05,26.51,27.44,26.69,25.75,25.21,24.66,25.54,25.91,25.24,25.56,26.34,25.98,25.36,25.98,26.36,25.71,25.04,25.73,25.91,26.12,25.55,26.35,25.76,26.85,26.69,26.76,26.34,26.73,26.15,26.91,26.42,26.86,27.08,27.38,27.16,26.06,26.32,25.49,25.49,25.84,25.73,25.31,26.04,24.96,25.58,25.14,25.86,24.99,25.33,25.37,25.57,25.29,26.03,26.1,26.22,26.68,27.81,27.17,26.51,26.42,26.5,26.68,26.7,26.08,26.61,27.36,27.44,25.15,25.56,24.3,25.21,25.3,25.98,25.82,25.77,26.14,25.2,25.29,25.83,25.61,25.77,25.57,25.6,25.6,25.62,25.97,26.44,27.7,27.82,29.87,29.31,26.82,26.78,26.24,26.87,26.57,25.8,26.92,27.24,25.95,26.37,25.25,25.42,24.79,25.95,26.08,25.81,25.66,25.85,25.85,25.23,25.28,25.29,25.55,25.82,25.9,25.93,25.9,26.14,26.75,28.11,30.11,29.87,28.0,26.6,26.8,26.44,26.64,26.74,27.1,28.12,26.45,25.55,25.35,24.56,25.56,25.23,25.25,25.63,25.84,25.2,24.4,25.04,25.7,25.3,25.76,25.9,25.64,25.27,25.69,26.13,26.94,26.03,29.84,30.47,29.37,28.12,27.18,26.92,27.15,26.54,27.41,28.38,25.45,26.03,26.23,25.24,25.74,26.19,25.83,25.88,26.17,25.79,25.06,24.94,25.24,25.25,25.87,26.44,25.79,26.05,25.96,26.1,25.94,26.94,30.21,30.77,29.57,28.04,26.66,27.13,26.72,27.7,27.24,27.6,25.8,25.96,26.13,25.64,25.12,25.83,25.27,25.99,25.56,25.26,25.2,25.82,25.21,25.03,25.87,25.53,25.76,25.38,25.53,25.26,26.2,26.15,27.93,28.4,28.66,28.06,25.8,25.5,27.38,26.23,27.32,28.6,25.32,26.42,26.39,25.74,25.4,25.45,25.42,25.57,25.85,25.99,25.45,25.05,24.81,25.73,25.34,25.61,24.64,26.06,25.19,25.65,25.88,25.97,26.99,27.75,27.17,26.43,26.0,26.49,25.44,27.48,27.93,28.27
2020-06-29 16:09:13.2347,0,26.02,29.18,25.85,26.56,24.33,24.96,25.19,26.57,25.62,26.36,26.07,26.01,26.5,26.21,26.26,26.64,26.38,26.15,25.76,25.96,26.68,26.56,25.81,27.18,26.65,26.8,26.46,26.95,26.68,27.39,26.28,34.15,27.73,26.43,26.37,25.5,24.79,24.59,25.32,24.93,25.66,25.74,25.44,26.12,26.83,25.54,26.1,25.52,26.66,25.76,26.48,26.32,26.82,26.07,26.29,26.5,27.95,26.94,27.46,26.2,28.37,27.32,26.85,26.94,26.5,26.14,25.39,26.22,25.31,24.25,25.39,24.95,25.16,25.64,25.23,25.58,25.9,26.55,25.59,25.87,25.88,26.67,26.34,26.61,25.89,26.08,25.87,26.44,26.03,27.03,26.11,27.19,26.75,26.44,28.04,28.03,26.86,25.4,25.87,25.01,25.85,25.04,25.58,25.44,25.5,24.81,25.21,25.99,26.05,25.54,25.87,25.6,26.54,25.86,26.28,26.66,26.28,25.96,25.89,26.66,26.45,26.57,26.93,26.2,27.0,26.59,26.3,27.05,27.57,26.44,25.2,26.04,25.15,25.56,25.31,25.47,25.13,25.29,25.15,25.75,25.5,25.85,25.77,26.01,25.74,25.92,25.68,26.12,26.46,26.48,25.76,26.3,26.4,26.88,26.34,26.63,27.34,27.33,26.83,27.88,26.56,26.16,24.41,25.56,25.87,25.29,25.14,25.18,25.92,25.4,26.06,25.32,24.99,25.6,25.8,25.44,25.81,25.72,26.16,25.91,26.81,26.32,25.98,26.2,26.87,26.73,26.72,26.35,27.48,27.14,26.77,27.0,25.45,25.96,24.87,25.13,24.61,26.3,24.66,25.75,25.95,25.68,25.01,25.44,24.82,25.21,25.73,25.66,26.04,26.0,25.61,26.28,26.13,26.36,26.14,26.57,26.76,26.4,27.13,26.39,26.54,26.45,26.89,27.45,26.08,26.27,25.78,25.13,25.33,25.23,25.54,25.73,25.88,24.97,26.45,25.64,25.17,25.34,25.33,25.54,25.54,25.41,26.13,25.59,26.82,26.47,26.17,26.25,27.19,26.28,26.75,26.82,26.65,26.69,27.25,26.36,25.96,26.33,25.18,25.02,25.87,25.7,25.34,26.19,25.97,25.96,25.7,25.71,25.27,25.32,25.94,26.08,25.76,26.0,25.69,26.38,25.73,26.65,26.25,26.72,26.21,26.86,26.88,26.18,26.92,26.75,26.99,27.97,26.81,25.6,25.42,26.03,25.58,25.74,25.34,25.83,26.02,25.52,25.88,25.43,25.3,24.73,25.91,26.3,25.84,25.42,26.19,26.01,26.38,25.96,26.44,26.69,26.76,26.57,26.98,26.76,27.28,26.53,27.05,27.73,26.38,25.98,26.04,25.11,25.31,25.65,25.12,25.45,25.97,25.92,25.28,25.87,25.34,25.21,25.63,26.03,25.79,26.34,26.16,26.32,26.68,27.03,26.87,26.65,26.41,26.61,26.27,26.64,26.28,27.01,26.21,27.67,26.44,25.69,25.66,25.36,26.31,25.82,25.67,25.15,25.91,25.53,25.61,25.06,25.48,25.89,26.2,26.03,26.49,25.67,26.75,25.83,26.33,26.07,26.23,26.37,26.7,26.11,26.25,26.23,27.47,26.26,27.2,27.29,26.27,27.08,25.85,26.5,26.04,26.11,25.62,25.98,26.06,26.08,25.62,25.54,25.66,25.95,26.49,26.19,26.12,26.01,25.9,26.27,26.16,26.44,25.96,26.76,26.41,26.67,26.81,26.76,27.57,27.14,27.39,27.5,26.1,26.57,26.08,25.69,26.56,26.17,25.98,25.18,26.01,25.71,26.11,25.58,25.8,25.75,26.39,26.41,25.83,25.71,25.98,25.9,26.1,25.93,26.46,26.23,26.66,26.52,26.99,27.32,27.35,27.04,27.22,27.38,26.9,26.63,25.32,25.54,26.51,26.12,25.75,26.16,26.02,25.88,26.17,26.17,25.66,25.92,26.06,26.74,26.26,26.57,25.89,26.81,25.84,26.36,26.38,26.51,26.79,27.13,26.35,27.17,28.18,27.02,27.51,28.11,27.25,25.38,25.87,25.86,26.77,25.53,25.99,25.82,25.92,25.7,26.18,25.46,26.47,26.0,26.46,26.61,26.25,26.28,26.74,26.23,26.19,26.44,25.96,26.4,26.5,26.36,26.46,26.78,27.46,27.5,27.74,27.33,26.06,25.52,25.11,25.98,26.04,26.31,25.94,25.85,26.22,25.38,25.78,25.65,25.74,26.06,25.95,26.33,25.95,25.87,26.38,26.78,27.18,26.92,26.66,27.01,26.74,27.0,26.9,26.55,27.13,27.81,27.85,27.65,26.75,26.62,25.8,25.93,26.39,25.18,25.7,25.3,26.24,25.37,26.13,26.09,25.43,25.65,25.6,25.9,26.01,25.37,26.23,26.34,27.42,27.42,27.41,26.86,27.36,26.63,26.82,26.97,27.1,26.9,28.01,28.61,25.47,26.07,25.44,26.0,26.3,26.25,25.41,26.94,26.15,26.15,25.87,25.97,25.42,25.58,26.41,26.25,26.24,26.16,26.19,26.47,28.14,28.9,28.08,28.86,26.58,27.04,26.5,27.14,27.16,26.72,26.68,28.3,26.1,25.94,25.9,25.05,26.39,26.08,26.09,25.8,26.27,26.45,25.76,25.81,26.16,25.63,25.79,26.26,26.95,26.06,26.77,26.9,28.36,28.45,30.69,28.73,27.64,27.49,26.94,26.85,26.62,27.49,27.96,27.88,26.79,26.87,25.66,25.57,26.63,27.05,25.95,26.18,25.45,26.1,25.14,25.78,26.5,25.89,25.99,26.37,26.31,26.18,26.6,26.38,28.1,29.29,29.97,30.96,28.33,28.39,27.01,27.05,26.78,27.37,27.54,28.32,26.87,25.76,25.63,24.48,26.19,26.32,25.97,25.72,25.79,25.28,25.44,25.56,26.19,25.38,26.23,25.77,26.15,25.5,25.98,26.11,27.37,28.37,30.46,30.89,29.3,28.97,26.65,27.25,27.52,27.48,27.18,27.3,26.68,26.76,24.87,26.37,25.25,26.46,26.34,27.04,25.83,25.81,25.86,25.56,24.69,25.67,25.38,26.65,26.49,26.59,25.41,26.53,26.33,26.81,29.39,29.64,28.5,27.75,26.09,26.67,27.33,27.68,28.39,29.87,28.27,25.84,27.14,24.88,25.72,25.42,26.05,26.18,25.99,25.7,25.45,25.04,26.24,25.35,25.74,25.74,25.91,25.57,25.2,25.65,26.15,26.9,27.68,28.59,28.04,27.32,26.48,26.28,26.68,27.04,27.01,29.73
2020-06-29 16:09:13.3619,0,27.99,28.78,27.66,24.74,25.11,24.59,25.72,25.55,26.09,25.75,26.08,25.87,26.24,26.75,26.14,25.69,26.39,26.29,26.47,26.1,26.83,25.7,27.04,26.25,26.82,26.13,27.59,26.76,28.35,27.4,30.31,30.34,27.73,26.78,26.82,25.93,25.16,25.32,24.81,25.92,25.66,26.05,25.45,26.96,25.77,26.47,25.84,26.19,25.76,26.03,26.08,26.73,26.28,26.5,26.44,27.26,26.72,26.79,26.58,27.31,27.35,28.05,28.6,28.68,27.09,26.38,26.4,25.45,26.51,24.42,25.09,24.64,25.87,25.23,25.38,25.72,26.03,25.7,26.81,25.51,26.61,25.6,26.59,26.49,26.4,26.08,26.43,26.72,26.76,26.59,26.45,26.18,27.3,27.01,27.5,28.73,26.86,26.74,25.49,25.96,25.04,25.38,25.29,25.59,25.1,25.09,24.96,26.12,25.7,26.03,25.17,25.96,25.97,26.56,25.7,26.55,26.04,26.09,26.55,26.68,26.17,26.58,26.15,27.68,26.49,28.05,27.98,28.51,26.95,25.84,25.39,24.81,24.86,25.41,25.6,25.2,25.78,24.67,25.16,25.99,25.51,25.41,25.56,25.79,26.08,25.7,26.59,25.78,26.36,25.68,26.38,26.3,26.54,26.21,26.65,27.24,27.35,26.49,28.03,27.22,25.95,27.15,25.65,25.4,24.83,25.74,25.55,25.59,25.67,25.54,24.9,25.45,25.21,25.29,25.15,25.88,25.92,26.16,25.95,26.37,26.37,26.67,26.34,27.3,26.49,26.88,26.58,27.25,26.37,26.99,26.78,27.83,25.85,26.14,25.88,25.3,25.64,25.47,25.85,26.13,26.08,25.11,25.46,25.22,24.94,25.73,25.85,25.36,25.36,25.59,26.03,26.29,27.1,26.14,26.26,26.46,26.65,26.52,26.74,26.81,27.32,26.61,26.54,26.89,26.27,26.1,25.14,24.98,25.76,25.79,25.42,25.87,25.65,26.11,25.71,25.43,24.97,25.56,25.53,25.95,25.15,26.12,25.73,26.61,26.2,26.37,26.17,26.72,26.96,26.41,27.15,26.83,26.65,26.86,27.26,27.83,26.87,26.34,26.14,24.87,25.88,25.83,25.72,25.83,26.1,25.86,26.02,25.6,25.08,25.23,25.95,26.37,26.06,26.2,26.09,26.19,26.33,26.56,26.58,26.29,26.91,26.62,27.15,26.45,26.93,26.45,27.34,27.11,25.75,26.13,25.58,25.73,26.12,25.76,25.95,26.32,26.14,25.96,25.57,25.85,25.3,25.8,26.29,26.4,25.56,26.0,26.0,26.7,26.0,26.77,26.44,26.17,26.43,27.4,26.73,26.25,26.86,27.42,27.05,27.58,27.61,25.64,26.52,25.73,25.86,25.14,26.09,25.93,25.77,25.29,25.59,26.08,25.73,25.59,25.92,26.5,25.89,25.88,26.73,26.52,26.5,26.93,26.78,26.87,26.54,26.27,26.66,27.02,26.29,26.59,27.03,27.17,26.45,26.72,25.2,26.72,26.05,26.73,25.79,26.21,25.8,26.17,25.51,26.17,25.1,26.36,26.2,26.32,25.68,25.77,25.92,26.97,26.24,26.38,26.85,26.91,26.38,27.14,26.49,27.01,27.34,27.67,27.68,27.63,26.97,26.58,26.62,26.21,25.93,25.48,25.87,25.98,25.65,26.29,25.73,26.13,25.67,25.58,26.69,26.56,25.94,26.11,26.28,26.28,26.17,26.25,26.48,27.07,26.76,27.13,26.69,26.89,27.86,26.72,27.41,27.83,26.27,26.92,25.78,26.0,25.79,26.56,25.63,26.34,26.01,26.03,25.42,25.98,25.52,26.04,26.58,26.69,26.02,26.0,26.26,26.47,26.1,26.34,26.25,26.45,26.11,26.99,26.86,26.83,27.9,27.75,27.38,28.05,26.56,26.12,26.41,26.14,26.52,25.86,25.88,25.69,26.03,25.99,26.29,25.87,25.77,25.45,26.35,26.28,26.55,26.57,26.37,26.43,26.15,26.16,26.39,26.62,26.8,26.55,26.87,26.92,27.91,27.17,27.85,26.76,26.72,25.92,25.25,26.77,25.71,26.06,26.35,26.07,25.6,26.35,26.49,26.59,26.09,26.01,26.55,26.34,26.16,26.67,26.55,25.86,25.99,26.95,26.48,26.84,26.72,26.61,26.21,27.7,27.47,27.66,27.58,27.85,26.44,26.41,25.28,25.99,26.46,25.38,25.95,26.1,26.12,25.6,26.11,26.07,25.45,25.47,26.26,26.14,26.06,25.87,26.78,26.19,26.79,26.72,27.0,26.14,26.98,26.88,27.58,26.42,27.44,27.51,28.2,28.0,25.84,26.64,25.64,25.94,25.84,26.01,25.7,26.18,25.79,25.83,25.6,26.11,25.03,25.76,25.7,26.31,26.21,26.36,26.73,26.65,27.12,27.23,27.09,26.76,26.44,27.12,27.48,27.66,27.39,27.51,27.32,28.45,26.82,25.51,25.62,26.0,26.02,25.83,26.09,26.3,26.39,25.81,26.55,26.08,26.58,25.69,26.22,26.15,26.05,26.16,26.41,27.6,28.98,28.48,27.52,27.37,27.33,27.04,26.23,26.72,27.17,27.03,28.49,27.94,25.91,26.33,25.56,25.56,25.96,26.66,26.62,26.21,25.68,25.76,25.99,26.38,25.52,26.18,26.0,25.75,25.73,25.87,26.36,27.12,28.79,29.75,29.68,28.04,26.53,27.25,27.22,27.3,26.93,27.35,28.15,28.08,27.01,25.89,25.86,25.05,26.8,25.53,26.1,25.91,25.98,25.97,25.99,26.14,25.73,26.11,26.56,26.26,26.43,26.07,26.62,26.83,29.59,29.07,31.06,29.87,27.69,27.59,26.72,27.06,27.94,26.86,28.53,28.93,26.66,25.98,25.64,25.74,25.4,26.49,25.98,26.31,25.79,26.19,25.57,25.69,25.84,25.62,26.12,26.13,26.37,26.53,25.87,27.17,27.26,30.02,30.1,30.78,28.25,27.77,26.5,26.17,27.53,27.32,26.78,28.18,26.7,26.77,26.28,26.56,25.94,25.3,26.5,25.82,25.98,25.12,25.74,25.3,25.73,25.67,26.26,25.91,26.14,26.11,26.17,25.78,26.98,27.47,30.32,30.06,28.51,27.45,27.25,26.5,27.34,27.12,29.11,28.75,26.33,25.85,26.74,26.28,25.38,25.6,25.73,25.72,25.71,26.7,25.87,25.6,25.21,25.75,25.61,26.39,26.03,26.57,25.97,26.32,26.92,28.1,28.37,29.45,27.61,27.63,26.32,26.46,25.59,27.05,27.82,30.72
2020-06-29 16:09:13.4901,0,28.46,26.72,26.88,24.98,25.3,24.23,25.37,24.71,26.55,25.61,26.22,26.02,26.78,25.95,26.54,25.42,26.12,26.03,26.32,25.97,26.4,26.0,26.73,26.57,27.79,26.31,27.03,26.77,28.58,28.25,29.72,27.04,26.92,27.78,25.7,25.5,24.25,25.13,24.65,25.43,25.52,26.19,25.31,25.16,26.84,26.34,25.71,25.92,25.9,26.41,25.42,26.99,26.02,27.59,26.01,26.05,26.57,27.27,26.76,27.3,26.94,28.75,29.03,29.23,27.65,24.93,26.59,25.46,26.67,24.6,25.4,24.81,25.59,25.38,25.24,24.56,26.27,25.34,26.08,25.64,26.13,26.32,25.74,25.64,26.76,25.84,25.88,26.18,26.75,26.9,27.08,26.86,26.76,26.83,28.04,27.68,26.11,26.29,25.3,25.95,25.04,26.33,24.4,24.86,25.51,25.48,24.33,26.12,25.36,25.67,25.77,26.07,25.98,26.79,25.59,26.19,25.93,26.45,25.77,26.14,26.32,27.15,25.84,26.37,26.32,27.86,26.79,28.21,27.15,26.05,25.57,24.82,25.16,25.57,25.17,24.8,26.03,25.18,25.88,25.41,25.95,25.75,26.11,25.69,26.18,25.93,26.25,26.13,26.81,25.81,26.14,26.18,26.93,26.08,26.35,26.19,26.86,26.33,26.03,27.23,25.14,26.16,25.66,25.73,25.14,25.88,24.87,25.46,25.06,25.78,25.26,25.1,25.22,25.4,25.16,26.2,26.14,25.52,25.85,26.58,26.05,26.56,26.11,26.45,25.86,27.0,26.17,26.36,25.9,26.65,26.4,27.21,26.8,25.04,25.38,24.33,25.78,25.76,25.84,25.24,26.08,25.35,25.13,25.12,25.25,25.02,26.05,25.47,25.85,25.3,25.62,26.19,26.67,25.94,26.37,26.58,27.13,26.41,26.87,26.68,27.31,27.09,27.42,27.27,26.27,25.73,24.82,25.45,25.49,25.24,25.43,25.74,25.78,25.88,25.18,25.54,25.18,26.06,25.54,25.85,25.06,26.41,25.74,26.0,26.42,26.79,25.96,26.72,26.03,26.65,26.11,27.1,25.75,27.32,26.05,27.64,26.86,26.17,25.5,25.35,26.01,25.04,26.21,25.1,25.65,25.76,25.7,25.2,25.27,25.62,25.95,26.0,25.96,25.64,25.7,25.81,26.33,26.37,26.47,25.97,26.79,26.51,26.76,26.72,26.64,26.46,27.83,26.77,26.29,26.12,25.43,25.57,25.32,26.28,25.47,25.83,25.6,26.28,25.58,25.23,25.02,25.31,25.55,26.12,25.48,25.62,26.11,26.31,25.91,26.76,26.24,26.92,27.0,27.39,26.36,26.76,26.44,27.7,26.06,27.91,26.39,27.35,25.89,25.74,26.25,25.15,25.85,25.58,26.09,25.51,25.29,25.08,25.73,25.5,25.91,25.95,26.16,25.89,25.89,26.15,26.4,26.36,26.47,26.98,26.75,26.39,27.02,26.26,26.57,27.02,27.83,27.18,25.93,26.54,25.67,25.67,25.28,25.95,25.56,25.39,25.38,26.17,25.82,25.97,25.49,25.9,26.58,26.22,25.69,26.05,25.93,26.5,26.05,26.57,26.66,26.7,26.17,26.91,26.13,26.75,27.21,27.25,26.89,27.62,26.1,26.58,25.86,25.18,26.57,25.36,26.1,25.06,26.39,25.68,25.73,25.25,25.86,25.68,26.5,26.48,26.31,25.84,26.36,26.1,26.07,26.26,26.17,26.05,26.86,26.57,27.56,26.52,27.3,26.59,26.91,27.84,26.28,26.4,25.94,26.14,25.41,26.05,25.64,25.88,25.49,25.71,25.53,25.98,25.16,25.94,26.4,26.51,26.21,26.55,26.36,26.56,25.53,26.33,26.06,26.55,26.23,27.09,26.87,27.07,26.8,26.9,27.23,27.87,26.55,25.44,25.94,26.89,26.25,25.87,26.24,25.58,26.24,25.57,25.88,26.49,25.76,25.74,26.53,26.47,26.27,25.65,26.28,26.34,26.05,26.76,26.29,26.41,27.47,26.21,26.99,26.93,28.74,27.61,28.49,27.61,27.08,26.6,25.42,26.02,26.52,26.31,25.53,26.88,25.71,26.35,26.29,25.88,25.43,26.48,26.29,26.43,25.7,26.39,26.56,26.33,26.0,26.34,25.87,26.73,26.73,27.07,26.34,27.69,26.76,27.65,27.43,27.5,26.43,26.06,26.08,25.21,26.32,25.65,25.2,25.99,26.0,25.72,26.22,26.08,25.85,25.48,25.67,25.56,26.83,25.5,26.78,26.4,27.09,26.02,26.46,26.59,27.55,26.54,27.04,26.15,26.7,26.62,27.68,27.31,25.48,26.1,25.0,25.94,25.57,26.27,25.83,26.3,25.8,26.15,25.93,26.21,25.24,25.56,25.31,25.91,25.73,25.96,26.24,26.95,26.93,26.92,26.55,26.86,26.79,26.27,26.56,27.38,26.52,27.2,26.64,27.75,26.43,25.71,25.61,25.36,26.45,26.26,25.95,25.66,26.51,25.58,26.1,25.54,25.95,25.17,26.42,26.26,26.45,25.66,27.34,26.99,28.15,28.17,26.94,26.45,27.2,26.16,26.93,27.01,27.93,26.57,27.95,27.76,26.87,26.88,25.23,25.39,25.38,26.79,26.5,26.46,25.69,26.81,26.0,25.82,26.07,26.28,25.49,26.16,26.25,26.79,26.36,28.25,29.11,29.53,28.33,27.22,26.78,27.12,27.09,26.57,27.1,27.66,26.89,27.7,27.41,26.09,26.03,24.88,26.32,26.0,25.95,26.05,26.23,25.35,25.63,25.55,25.26,25.67,26.22,25.94,26.32,26.41,26.5,26.62,30.59,30.1,30.09,29.27,27.29,27.06,26.86,26.45,28.42,27.21,27.94,27.73,26.03,26.17,24.9,25.2,26.05,26.64,25.98,26.3,25.27,26.06,25.45,26.3,25.85,26.53,25.56,25.55,26.05,26.41,26.68,27.16,28.89,30.6,30.35,29.79,27.59,26.52,25.74,26.47,27.2,27.48,26.99,28.81,27.43,27.21,26.27,25.99,25.93,25.48,26.34,25.98,25.7,25.68,26.66,26.09,25.72,25.8,25.64,25.92,26.62,25.52,26.42,26.29,28.99,29.41,30.58,30.06,27.93,26.26,26.42,26.0,26.98,27.13,28.63,29.6,26.89,27.99,26.14,26.67,26.42,25.93,25.74,26.02,25.15,26.27,25.74,25.32,25.74,25.74,25.11,25.5,25.42,25.82,26.11,26.57,27.06,29.02,29.32,29.86,26.43,28.08,25.99,26.97,27.24,27.99,28.35,30.05
2020-06-29 16:09:13.6187,0,28.83,26.19,26.76,25.78,24.22,24.86,24.55,25.11,25.5,26.1,25.52,25.77,25.7,26.38,25.74,26.13,25.73,25.79,25.65,26.42,25.86,26.46,26.15,26.77,27.02,27.54,26.17,26.66,25.6,27.58,27.89,31.52,27.63,26.65,25.59,26.02,24.32,24.83,24.03,24.98,25.71,25.33,25.91,26.01,26.33,25.56,25.6,25.54,26.3,26.29,26.51,26.61,26.18,26.51,26.34,26.53,26.92,26.66,27.36,26.46,27.66,26.97,28.5,29.11,26.38,26.76,25.88,26.5,25.2,25.48,24.51,25.45,25.05,24.85,25.25,25.1,25.54,25.59,25.48,26.01,26.13,25.97,25.99,26.02,26.15,25.85,25.49,26.48,26.63,26.93,26.48,25.74,26.46,27.1,27.09,28.63,26.75,25.07,25.77,25.46,25.09,24.77,25.18,24.74,24.99,25.23,25.62,25.12,25.6,25.31,25.77,26.3,25.98,26.44,26.06,26.07,26.42,26.94,25.79,26.15,26.76,26.31,25.89,26.74,26.73,26.48,25.96,27.22,26.83,25.94,24.72,25.41,25.04,25.3,25.33,25.51,25.27,25.44,24.8,25.18,25.28,26.2,25.09,25.68,25.63,25.82,25.57,26.24,25.89,26.04,26.14,26.44,26.02,26.51,26.52,26.69,25.93,26.39,26.91,28.22,26.46,26.04,25.72,24.23,25.77,24.88,25.86,25.34,25.57,24.92,25.84,25.21,25.11,24.84,25.8,25.76,25.5,25.29,25.63,25.91,26.27,25.54,26.94,25.84,26.64,26.62,26.48,26.39,26.58,26.86,26.86,26.68,25.34,25.85,25.26,25.03,24.79,25.23,25.2,25.77,25.36,25.35,25.56,25.34,24.81,25.11,25.52,25.56,25.23,25.59,25.9,26.18,25.7,26.36,26.03,26.47,26.17,27.29,26.22,26.71,26.28,27.29,26.6,27.72,25.79,25.97,24.71,24.85,26.22,24.98,25.95,25.24,26.25,24.97,25.6,25.85,25.37,25.43,25.93,25.73,25.54,25.9,26.32,26.09,27.13,26.04,26.29,25.91,26.27,26.04,26.39,26.15,27.0,26.74,26.98,27.7,25.66,26.75,24.59,25.55,25.07,25.73,25.72,25.11,25.64,25.75,25.16,25.81,25.06,25.51,25.54,25.79,25.74,25.62,25.97,26.37,25.42,26.25,26.35,26.29,25.99,26.99,26.38,26.35,26.38,26.65,26.71,27.87,26.0,26.34,25.32,24.99,26.01,25.24,25.72,25.23,25.92,25.84,25.15,25.93,25.39,25.0,25.53,25.9,25.93,26.06,26.47,26.0,26.28,26.45,26.55,26.69,26.88,27.04,26.25,26.38,26.76,27.01,27.44,26.77,25.92,26.9,24.51,26.38,25.33,25.29,25.61,26.17,25.1,25.93,25.57,25.27,25.03,25.67,25.7,25.93,25.68,26.14,25.68,25.84,26.09,26.44,26.14,26.87,26.08,26.97,26.29,26.53,26.72,27.47,27.07,26.4,25.99,26.09,25.56,26.0,25.95,25.58,25.57,25.27,25.81,26.04,25.51,25.45,25.66,25.4,26.19,25.92,26.12,25.65,25.54,26.0,26.13,26.83,26.65,27.11,26.93,26.46,26.76,26.63,26.96,26.57,26.94,27.01,26.67,26.64,25.29,25.36,25.8,26.14,25.63,25.88,25.63,25.67,25.1,25.73,25.55,25.57,25.46,26.27,26.1,26.19,26.15,26.36,26.24,26.25,25.85,26.35,26.52,27.02,26.2,27.04,26.07,27.04,27.28,27.73,27.36,25.77,25.68,25.43,25.82,25.55,26.24,25.87,26.01,25.8,25.61,25.86,25.51,25.73,26.29,26.29,26.19,25.51,25.88,25.88,25.8,26.21,26.25,25.81,26.45,26.29,26.76,27.46,27.79,26.22,27.28,27.1,25.9,27.04,25.82,26.19,25.99,25.76,25.64,26.29,25.8,26.09,25.25,26.17,25.45,26.29,26.13,26.36,26.24,26.28,26.16,26.71,25.43,26.45,26.17,26.41,26.34,26.8,25.98,26.68,28.07,27.5,27.56,26.83,26.44,26.13,25.92,25.45,25.6,26.06,25.65,25.35,26.14,25.38,26.08,25.55,25.8,25.7,26.36,25.93,26.61,25.89,26.45,26.41,26.48,25.82,26.27,26.61,27.07,26.13,26.23,26.53,27.36,26.81,28.3,27.72,25.95,25.95,24.83,25.73,25.92,25.81,25.33,26.98,25.31,25.61,25.56,25.97,25.43,25.96,25.94,26.03,25.75,25.67,25.98,26.68,26.26,26.32,25.9,26.69,26.05,26.3,26.53,27.67,26.43,27.41,26.71,27.03,25.92,26.33,26.5,25.03,26.01,25.88,25.72,26.31,26.14,25.59,26.25,25.98,25.43,25.84,25.69,26.08,25.71,25.74,26.23,26.33,26.51,25.99,26.33,26.3,26.68,26.15,26.72,27.13,26.7,26.93,27.57,28.49,26.12,25.59,25.66,25.9,25.9,27.27,25.57,26.58,25.92,25.7,25.42,26.31,25.83,25.9,25.89,26.14,25.92,26.16,26.91,28.11,27.72,27.63,26.71,26.57,26.09,26.56,26.25,26.33,27.5,27.55,27.47,28.2,26.38,26.38,25.12,25.76,26.0,25.82,26.39,26.21,25.93,25.75,26.0,26.15,26.06,25.62,25.69,26.15,26.34,26.56,27.51,28.44,28.79,28.55,26.95,26.75,26.8,27.0,26.56,27.46,27.45,26.12,27.86,28.14,26.05,26.97,25.55,26.17,25.11,26.49,25.69,26.22,25.98,25.87,25.63,25.32,25.71,25.67,26.22,25.82,26.09,26.18,27.39,27.86,30.37,30.56,28.02,27.93,26.25,26.95,26.44,27.11,26.84,26.58,27.82,28.42,25.49,25.64,25.53,25.79,26.25,25.43,26.01,25.61,26.34,25.93,25.22,25.32,25.62,25.84,25.56,25.43,25.93,26.85,26.8,27.51,30.16,30.83,30.24,28.16,27.21,27.37,26.39,26.83,27.09,27.71,27.28,28.26,25.32,26.22,25.16,26.85,25.3,26.03,25.91,26.02,25.3,26.53,25.61,25.72,24.71,26.19,25.27,25.44,25.53,26.73,26.17,26.56,29.5,29.81,29.81,29.68,26.8,26.75,25.32,26.57,26.86,27.76,28.05,29.21,26.23,25.96,26.03,26.35,25.79,25.47,25.79,25.74,25.89,25.72,25.49,25.06,26.01,25.11,25.63,25.63,25.8,25.46,26.12,26.96,28.73,30.07,30.16,28.05,27.06,26.45,26.71,26.5,26.76,27.3,27.18,28.95
2020-06-29 16:09:13.7465,0,26.41,27.01,26.01,25.77,23.07,24.66,24.22,25.27,25.05,26.09,25.82,25.9,25.71,25.96,25.62,26.26,25.48,26.31,25.66,26.13,25.87,26.59,26.17,26.29,26.71,26.86,26.73,25.49,26.81,28.69,29.62,29.55,28.01,24.61,25.58,25.82,24.86,23.95,24.87,25.32,25.1,25.19,25.05,25.75,26.19,25.44,26.51,26.47,26.67,25.27,25.97,26.62,25.9,25.69,26.18,26.7,26.6,25.86,27.17,26.1,27.65,26.27,28.48,30.82,26.69,26.5,25.69,25.72,25.72,24.81,24.98,25.29,25.48,24.84,25.0,25.47,25.56,26.07,25.49,25.64,25.43,26.2,25.75,26.25,24.91,25.84,25.77,26.47,25.78,26.33,25.52,26.24,26.47,27.65,25.99,28.26,27.24,24.64,26.33,25.47,26.22,24.13,25.62,25.48,25.52,25.11,25.99,26.01,26.06,25.32,26.23,25.85,26.2,26.1,26.06,26.68,25.81,25.36,26.31,26.7,26.34,26.18,26.19,26.43,26.89,26.67,27.38,27.82,26.84,25.73,25.1,25.05,25.05,25.6,24.5,25.36,24.78,24.93,25.17,25.4,24.85,25.74,25.33,25.56,25.2,25.48,25.81,26.12,26.36,25.92,26.15,26.56,26.03,25.55,25.66,26.52,26.1,26.04,26.52,26.44,26.04,25.07,25.36,25.11,25.31,25.78,24.33,25.48,25.31,24.69,25.83,24.76,25.1,24.96,25.25,25.45,25.81,25.62,26.05,26.14,26.59,25.55,26.34,26.7,26.51,26.24,26.19,26.1,26.57,27.2,26.66,27.11,25.54,25.66,24.94,25.35,25.96,25.5,25.08,25.51,25.37,25.11,25.46,25.55,24.4,25.0,25.53,25.35,25.65,25.38,25.41,26.17,25.82,26.14,25.59,26.46,25.94,26.54,26.09,26.42,26.6,27.28,26.25,27.15,26.15,25.44,24.86,24.06,25.51,25.13,25.43,25.38,25.65,25.32,25.49,25.32,24.55,24.94,25.52,25.44,25.53,25.71,26.02,26.5,25.77,25.74,25.73,26.72,27.2,26.42,26.91,26.58,26.99,26.59,27.83,26.99,25.68,25.53,25.4,25.85,25.5,25.46,25.36,25.6,25.88,26.18,24.75,25.29,25.07,25.6,25.74,25.88,25.75,25.8,25.69,26.17,25.63,26.54,25.94,26.5,26.46,26.63,26.78,27.0,26.39,26.78,26.39,27.85,26.52,26.02,25.62,25.31,25.87,24.98,25.96,25.85,25.91,25.31,25.56,25.33,25.19,25.11,25.42,25.92,25.55,25.41,26.27,26.3,26.08,26.26,26.12,26.92,26.76,26.59,26.87,26.92,27.73,26.43,27.27,27.12,26.63,26.38,25.47,25.61,25.21,25.02,25.14,25.7,25.22,25.6,25.18,25.76,24.85,25.48,26.45,25.92,25.32,26.14,25.97,26.41,25.71,26.63,26.05,26.12,26.43,26.73,25.68,26.4,26.04,26.47,26.44,26.55,26.16,26.1,26.47,25.41,25.68,25.33,25.68,25.75,25.91,25.43,25.4,25.26,25.46,25.04,26.09,26.02,26.3,25.29,25.9,26.95,26.31,25.97,26.23,26.8,26.7,26.13,26.87,27.91,27.23,26.72,26.77,26.53,26.51,25.95,25.75,26.24,25.16,25.11,25.52,25.52,25.32,25.87,25.01,25.53,24.99,25.84,26.03,26.45,25.92,25.53,26.07,25.98,25.29,26.04,26.37,26.44,26.43,26.9,26.58,26.91,26.64,27.45,27.46,28.05,26.33,25.79,26.27,26.62,25.55,25.56,25.63,26.23,25.9,25.4,25.7,26.46,25.6,25.65,26.1,26.58,26.18,25.89,26.15,26.36,25.99,25.83,26.24,26.54,26.44,26.87,26.87,26.84,26.54,26.94,27.1,27.93,26.44,27.21,25.68,25.28,25.47,25.88,26.01,25.7,25.49,25.66,25.26,26.16,25.17,25.71,25.68,26.45,26.35,26.18,26.07,26.41,26.24,25.65,25.87,26.72,26.69,27.02,26.12,27.32,27.23,27.2,27.57,26.98,26.25,25.46,25.75,25.76,25.46,26.07,25.64,26.07,25.48,25.92,26.17,25.97,25.88,25.9,26.16,26.41,26.6,25.53,26.35,26.51,26.17,26.14,26.37,25.97,26.5,26.49,26.61,27.2,27.21,26.68,26.97,28.24,25.22,26.64,25.81,26.03,25.66,25.4,25.34,25.99,25.33,25.6,25.68,26.17,25.04,25.75,25.85,25.73,25.85,26.44,25.99,26.67,26.57,25.8,26.02,26.47,26.18,26.65,26.54,26.71,26.15,27.25,26.72,27.54,26.09,25.81,25.52,25.67,25.72,26.03,25.71,26.32,25.9,25.27,26.13,25.99,25.32,25.15,25.29,26.29,26.19,26.15,26.42,26.84,26.4,26.41,26.32,26.76,26.32,26.41,26.84,26.87,26.84,26.03,27.04,27.47,25.75,26.32,24.67,25.56,25.19,26.42,25.84,25.41,25.81,25.69,25.43,26.19,25.11,25.37,26.21,25.72,25.42,25.74,26.82,27.79,27.31,27.3,26.26,26.44,26.35,26.55,26.82,26.89,25.97,27.07,27.3,27.64,25.98,25.65,26.13,25.94,25.55,26.4,26.37,26.23,25.92,25.64,25.53,26.16,25.84,25.42,25.47,25.43,26.43,26.27,27.08,28.14,28.47,27.15,26.59,26.76,26.16,26.37,26.83,27.33,26.97,26.14,27.67,27.59,25.44,25.17,25.56,26.15,24.96,25.41,25.85,26.49,25.35,25.48,25.4,25.79,25.04,25.55,26.34,25.93,26.54,26.62,28.18,29.19,30.26,30.78,27.41,27.05,25.99,26.12,27.06,26.94,26.19,27.6,27.83,28.41,25.9,24.85,25.7,25.09,25.6,25.76,26.29,26.19,25.94,25.69,25.82,25.58,25.73,24.82,26.0,26.24,26.26,25.86,27.36,28.55,30.61,30.49,29.12,27.03,26.8,25.59,26.23,26.68,27.08,27.03,27.06,28.28,25.08,27.09,25.17,26.06,24.81,25.52,25.3,25.39,25.87,25.7,25.36,25.71,25.23,25.55,25.65,25.8,26.39,26.12,26.43,27.05,30.25,30.69,28.22,28.43,26.23,26.29,24.67,26.38,25.43,26.82,26.65,28.63,25.36,26.22,26.22,26.17,25.09,25.49,25.93,26.23,25.88,25.45,25.07,25.48,25.61,24.87,25.37,25.9,26.17,25.72,26.75,28.0,29.48,30.6,29.34,28.63,26.61,26.31,26.03,26.52,26.57,25.98,27.43,29.63
2020-06-29 16:09:13.8747,0,25.85,27.02,25.96,25.78,24.58,25.05,24.36,25.96,25.79,25.65,25.5,25.92,26.23,26.38,26.0,25.72,26.38,26.18,25.91,26.14,25.98,27.03,25.98,26.46,26.52,26.53,26.7,27.8,27.25,28.14,28.99,31.51,27.22,25.58,26.49,26.2,24.88,23.73,25.39,25.77,25.86,25.6,26.62,26.41,25.67,25.4,26.39,26.18,25.79,26.14,26.78,26.59,26.45,25.52,26.78,26.06,26.61,26.48,26.83,26.8,27.66,26.94,29.79,29.04,27.8,27.0,26.05,25.93,25.01,24.65,24.02,25.75,25.17,24.99,24.97,26.0,25.77,26.21,26.55,25.77,26.11,26.57,26.21,26.14,25.38,25.85,25.61,26.07,26.33,26.64,26.3,27.09,26.44,26.91,26.79,28.97,27.0,25.92,25.19,25.62,25.91,24.74,25.63,24.86,25.26,25.21,25.62,25.23,25.6,25.53,26.24,25.7,25.98,25.84,26.3,26.29,26.06,25.45,26.19,26.66,25.79,26.15,26.52,26.88,27.07,26.45,27.64,26.9,26.17,26.94,24.7,25.59,25.33,25.61,24.46,25.51,25.38,24.82,25.14,25.77,25.37,25.53,25.64,25.91,25.94,25.82,25.78,26.13,25.53,26.16,26.73,26.57,26.67,26.51,25.63,27.14,26.23,26.9,26.89,27.56,26.26,25.42,25.72,25.07,25.02,25.0,25.73,24.51,24.83,24.78,25.61,24.84,25.11,25.04,25.59,25.63,25.71,25.49,26.07,25.78,26.6,26.64,26.12,25.7,26.65,26.6,27.19,26.96,26.59,26.01,27.82,28.08,24.93,26.04,25.07,25.2,25.49,26.07,24.92,25.91,25.94,25.7,25.76,25.34,24.9,25.42,25.4,25.25,25.32,25.7,26.09,26.5,26.22,26.47,25.78,26.12,26.88,26.42,26.87,27.42,26.41,26.82,26.75,26.97,26.16,25.21,25.68,23.86,25.8,25.09,25.7,25.47,25.66,24.72,26.25,25.83,25.78,24.61,25.83,26.01,26.03,25.68,26.82,26.07,26.2,26.44,26.4,26.12,26.04,26.02,27.44,27.1,27.3,26.09,26.98,26.95,26.9,26.41,26.0,25.55,25.46,25.73,25.7,26.1,25.73,26.08,25.78,25.81,24.55,25.32,25.52,25.98,25.73,25.53,26.05,26.47,26.09,26.36,26.02,26.95,26.43,26.64,27.26,26.74,26.65,26.65,26.69,28.04,26.89,26.32,25.48,25.28,25.21,25.48,26.09,25.82,25.82,25.6,26.29,25.91,25.1,25.56,26.09,26.17,25.75,25.57,26.37,26.27,25.9,26.72,26.86,26.46,26.55,26.32,26.88,26.75,26.47,27.27,27.11,27.42,26.95,26.22,25.75,26.08,25.45,25.68,25.95,26.18,25.63,25.82,25.56,25.98,25.69,25.58,25.78,25.84,25.84,25.96,25.57,26.42,26.27,25.96,26.44,26.55,26.18,26.74,26.52,26.92,26.29,26.63,27.54,28.06,26.52,26.4,26.02,26.13,25.82,24.91,26.04,25.6,25.7,25.29,25.31,25.13,25.95,25.57,26.37,26.27,26.13,25.82,26.38,26.08,26.23,26.04,26.75,26.88,26.71,26.89,27.01,26.74,27.24,26.97,27.42,27.31,26.13,26.81,25.72,26.25,25.65,25.25,25.37,25.42,25.72,26.3,25.49,26.13,25.34,25.57,26.37,26.73,26.17,26.19,25.86,25.8,25.94,26.35,26.55,26.76,26.18,26.23,26.93,27.3,27.58,27.32,27.43,27.73,26.68,24.9,25.98,25.7,25.82,25.53,26.0,25.51,25.48,25.58,26.01,26.04,25.42,25.62,26.29,26.55,26.1,25.68,25.97,25.58,25.9,26.0,26.46,26.31,26.78,26.39,27.51,27.19,27.25,27.19,28.25,27.73,26.58,26.02,25.49,26.34,25.71,25.76,26.1,25.94,25.68,26.2,25.74,26.98,25.91,25.44,26.12,26.46,26.41,25.91,26.33,26.42,25.91,26.46,26.36,26.3,26.33,26.91,26.47,27.33,28.05,26.78,27.04,27.84,26.62,26.28,25.77,24.97,26.67,25.78,26.49,25.68,26.14,25.78,26.18,25.64,25.8,26.06,26.45,26.48,26.33,25.88,26.55,26.1,26.38,26.11,26.69,26.59,26.62,26.11,26.74,26.77,27.65,26.79,27.97,27.53,27.38,26.13,25.46,25.42,26.04,26.47,25.81,26.12,25.64,25.72,25.87,26.18,25.11,25.67,26.12,25.54,25.83,25.77,25.96,26.88,26.24,26.32,26.75,26.91,26.61,27.26,26.77,27.13,27.15,28.16,28.06,27.38,26.47,25.59,26.18,25.95,25.73,25.59,25.85,25.66,25.91,25.35,26.14,25.32,25.53,25.72,25.99,25.47,26.11,25.63,26.13,26.61,26.61,26.38,26.66,26.4,26.91,26.01,27.91,26.97,27.43,27.52,28.42,28.3,27.24,26.15,25.47,25.9,25.0,26.15,26.6,25.81,25.9,26.05,26.07,26.2,25.18,25.38,25.87,26.25,25.6,26.16,27.31,27.39,26.75,26.56,26.81,26.8,26.32,26.69,26.93,27.19,26.25,26.46,27.63,28.94,27.15,24.67,25.46,25.24,26.0,25.51,26.65,26.71,26.77,25.37,25.66,25.9,26.48,25.82,25.48,26.23,26.55,26.24,28.03,27.7,28.05,26.24,26.49,26.02,26.55,26.46,26.7,26.13,27.14,26.57,26.78,29.23,26.85,26.18,26.61,26.17,25.4,26.19,25.53,26.08,25.58,25.62,26.21,25.68,25.47,25.45,25.86,26.5,25.85,26.74,28.49,29.09,29.11,28.97,26.88,26.93,26.49,26.81,26.72,27.11,27.47,27.27,27.99,28.02,26.35,26.82,27.37,25.58,26.09,25.71,26.16,26.3,25.95,25.91,25.83,25.42,25.63,25.02,26.58,25.98,26.5,26.16,28.38,29.31,30.62,28.6,27.37,26.74,26.68,25.69,26.55,26.64,26.1,26.46,27.48,27.58,25.03,26.66,25.92,27.04,24.76,26.36,25.57,26.79,25.55,26.4,26.12,25.98,25.33,25.57,25.62,26.06,26.24,26.25,27.39,28.67,30.84,30.19,27.52,27.32,25.91,26.0,25.62,26.57,26.47,27.2,28.95,28.65,27.62,26.88,27.24,26.12,25.45,24.93,25.31,25.08,25.32,26.26,26.03,25.44,25.88,24.96,25.76,26.24,25.68,26.3,27.14,29.36,30.61,30.18,28.67,27.74,26.32,26.72,26.88,25.78,26.76,26.31,28.51,29.23
2020-06-29 16:09:14.0030,0,27.51,28.35,26.38,26.1,24.92,24.77,24.68,25.37,25.63,25.44,25.34,26.15,26.92,25.79,26.14,26.36,26.12,26.15,26.05,26.93,26.41,26.98,26.73,26.24,26.82,27.13,27.22,26.95,27.17,28.52,28.03,29.66,26.9,25.76,26.36,26.14,25.52,24.25,25.48,25.59,25.96,25.6,26.29,25.58,26.43,26.34,26.09,26.58,26.4,26.16,26.08,26.33,26.41,26.63,26.29,26.96,27.33,26.63,26.39,28.03,27.34,27.81,29.88,30.38,27.38,25.65,25.41,25.63,25.66,24.75,25.25,25.39,25.18,25.9,25.38,25.58,26.27,26.42,26.45,26.47,26.37,26.79,25.99,26.6,26.52,25.82,26.29,26.3,26.04,26.74,26.77,27.19,26.23,27.76,27.78,28.72,27.35,24.53,25.28,25.96,25.35,25.7,25.13,25.59,25.63,25.09,25.59,25.87,26.05,25.31,25.99,26.07,26.53,26.33,26.28,26.08,26.64,26.09,26.15,25.74,25.89,26.87,25.83,25.88,27.0,26.42,27.25,27.65,26.32,26.23,25.57,25.16,24.85,25.55,25.17,25.6,25.4,25.54,25.28,25.39,24.96,25.96,25.78,25.67,25.97,26.46,25.58,26.34,26.01,26.25,26.38,26.05,26.54,26.88,25.62,26.78,26.86,27.33,26.64,26.77,26.56,25.38,25.29,25.91,25.42,25.3,25.13,25.99,25.67,24.68,25.24,25.21,25.42,25.4,25.58,26.09,26.02,25.63,25.95,25.82,26.03,26.11,26.45,26.33,26.87,26.48,26.72,26.96,26.84,27.48,26.58,27.22,26.23,26.14,26.05,25.13,25.49,25.47,25.84,25.23,25.24,25.22,25.79,25.44,25.35,25.21,25.54,25.45,25.46,25.69,26.13,26.18,26.57,26.35,26.6,26.57,26.65,26.64,26.74,27.23,26.71,26.76,26.36,27.44,26.82,25.73,24.97,25.14,25.61,25.65,25.79,25.74,25.76,25.66,25.59,25.76,25.47,25.76,25.93,25.65,25.44,25.72,26.32,26.11,26.3,25.95,26.28,26.61,26.84,26.66,26.75,27.11,27.24,26.71,27.77,26.56,26.87,26.85,25.19,25.64,25.2,25.7,25.72,25.95,25.87,25.52,25.39,25.7,25.86,25.51,25.57,25.79,25.48,25.91,26.09,26.08,26.23,26.55,25.94,26.72,26.68,26.03,27.27,26.44,26.65,26.6,27.0,26.93,26.63,25.79,26.04,25.73,25.71,25.62,25.21,26.08,25.47,25.96,25.87,26.05,25.58,25.6,25.91,25.84,25.84,25.71,25.81,26.12,26.29,26.17,26.85,26.71,26.98,26.58,26.73,27.29,26.99,26.69,27.7,27.91,26.22,26.15,26.37,26.03,26.12,25.52,25.97,26.15,25.22,26.02,24.89,25.87,25.73,25.49,26.38,26.03,26.07,26.15,26.64,26.51,26.21,26.44,26.57,26.97,26.31,26.49,27.02,26.89,26.57,26.86,27.36,26.83,26.96,26.55,26.58,26.42,26.57,25.96,25.67,25.98,25.91,25.75,25.51,25.77,25.47,25.62,25.83,26.32,26.13,25.96,26.38,26.6,26.52,26.47,26.33,26.38,26.81,26.58,26.61,26.5,27.88,26.97,26.88,27.79,26.62,26.4,25.87,25.9,25.92,26.62,26.23,25.28,26.18,25.77,25.83,25.63,25.67,25.76,26.23,26.55,26.49,26.47,26.27,25.8,25.88,25.95,26.07,26.34,26.87,26.55,26.94,26.76,26.06,27.56,26.91,27.16,26.95,26.58,25.47,25.85,26.04,25.55,25.62,26.11,26.0,25.4,25.51,25.98,25.33,25.95,26.21,26.14,26.2,25.91,26.34,26.37,26.48,25.85,25.94,26.65,26.77,27.1,26.73,26.7,27.34,27.61,27.54,27.55,26.38,26.8,25.64,25.84,25.85,26.37,26.72,26.04,26.03,25.34,26.18,26.88,25.86,26.01,26.07,26.83,25.62,26.1,26.18,26.33,25.75,26.25,25.88,26.61,26.24,27.01,26.61,27.17,27.34,26.88,27.68,26.92,26.89,26.26,25.4,25.87,26.77,26.05,26.11,26.06,26.02,25.71,26.07,26.08,25.8,25.72,26.36,26.43,26.34,26.11,26.36,26.15,26.58,26.35,26.47,26.84,26.38,26.49,26.71,26.79,28.31,27.08,28.07,27.68,25.89,26.05,25.6,26.13,26.46,26.04,25.58,26.09,25.66,26.25,26.01,25.54,25.35,25.96,26.26,26.43,26.06,26.55,25.8,26.38,26.38,26.31,26.89,26.35,26.29,26.4,26.92,26.82,27.43,27.36,28.03,27.82,26.75,25.93,25.31,25.79,25.97,25.06,26.44,25.81,26.12,25.93,26.13,25.89,25.32,25.46,26.48,26.4,26.1,26.16,26.23,26.95,26.71,26.21,26.32,26.32,26.89,26.76,26.68,27.39,27.68,27.06,27.83,27.41,26.44,26.06,25.29,25.99,26.17,26.25,26.35,26.16,26.27,26.38,26.77,26.51,26.06,25.89,26.11,26.14,26.04,25.95,27.55,27.59,26.46,26.55,26.72,26.43,26.34,26.28,26.37,26.57,27.47,26.09,27.77,27.56,25.7,24.83,25.38,25.56,26.39,25.52,26.48,25.81,26.03,25.64,26.32,25.82,26.26,25.86,25.89,26.06,26.64,26.38,28.13,27.43,27.41,26.17,26.93,26.52,26.77,26.35,26.79,26.87,26.77,27.19,27.23,28.27,26.39,26.08,26.4,25.22,26.17,26.29,25.82,26.73,25.85,25.97,25.63,25.89,25.95,26.11,26.23,26.37,25.55,26.5,28.73,29.19,27.07,27.21,26.39,26.4,26.5,26.77,26.72,26.9,27.61,27.02,28.14,28.12,27.08,25.37,25.99,26.09,26.5,25.4,25.54,25.59,26.17,25.93,25.68,25.81,25.61,25.51,25.88,25.78,26.59,26.42,28.93,29.68,29.23,26.84,26.58,26.25,26.64,26.11,26.79,26.8,27.19,26.79,27.37,28.18,27.68,26.76,25.09,26.17,25.77,25.63,25.41,26.43,25.28,26.35,26.27,25.95,25.35,25.29,25.89,25.53,26.14,26.23,29.72,29.62,29.49,28.76,26.57,26.57,26.2,25.79,25.61,25.47,26.98,27.49,27.94,27.61,26.88,26.58,25.32,26.48,26.23,25.26,25.56,25.87,25.99,25.85,25.72,26.14,25.98,25.24,25.98,25.38,26.03,25.95,28.61,30.25,31.21,29.15,27.26,27.32,26.57,26.42,26.31,26.98,27.22,26.48,27.0,31.04
2020-06-29 16:09:14.1310,0,26.52,29.2,26.11,25.22,24.52,24.23,25.02,25.57,24.99,26.37,25.77,25.89,26.5,26.49,25.85,26.11,25.98,26.43,26.87,26.53,25.97,26.43,26.87,27.04,26.32,26.99,26.65,26.59,27.15,27.7,27.44,28.4,26.12,26.08,25.71,26.76,24.62,24.23,24.66,25.91,25.98,25.88,26.17,25.43,25.79,25.93,25.59,25.91,25.78,26.14,26.63,26.32,26.3,25.65,26.6,26.49,27.19,26.94,27.12,26.75,27.16,25.88,28.62,27.52,26.79,26.4,25.59,25.46,24.97,24.94,24.31,25.42,25.86,25.52,25.1,25.47,25.29,26.32,26.07,26.01,25.88,26.92,25.61,25.52,25.64,26.09,25.74,26.32,26.89,26.31,26.75,26.37,26.57,26.65,27.76,26.99,26.62,25.4,26.27,25.57,25.7,23.9,25.01,24.99,25.51,25.74,25.23,25.61,26.19,25.06,25.42,25.36,26.32,25.85,26.06,25.95,26.29,25.71,25.91,26.26,26.32,27.14,26.48,26.85,26.5,25.49,27.04,26.47,26.31,25.66,25.38,25.35,25.0,24.97,25.73,24.94,25.38,24.93,25.39,25.77,25.17,25.65,25.76,25.58,25.3,26.26,26.02,26.24,25.88,26.04,26.0,26.44,26.26,26.63,26.34,27.71,26.04,26.68,26.82,27.68,26.17,26.15,25.31,25.38,25.29,25.43,24.88,25.71,25.68,25.4,25.84,25.43,25.33,25.17,25.7,25.22,25.83,25.51,25.75,26.24,26.38,26.21,26.35,25.71,26.63,25.95,26.31,26.65,26.86,26.97,26.79,27.21,25.07,25.42,24.87,25.31,24.9,25.9,25.44,25.12,25.95,25.7,25.23,25.79,24.4,25.23,25.53,25.27,24.84,25.91,26.52,25.99,26.02,26.16,26.25,26.59,26.28,26.16,26.46,26.4,26.54,27.1,27.59,26.34,26.28,25.72,25.15,25.29,25.06,25.5,25.81,25.61,25.78,25.08,25.51,25.2,24.88,24.43,25.54,25.74,25.95,25.31,25.94,25.99,26.11,26.36,26.95,26.25,26.27,26.03,26.64,26.54,27.11,27.0,27.1,28.18,26.32,27.04,25.97,25.2,25.87,25.85,25.71,25.6,25.52,25.65,26.32,25.72,25.17,25.43,25.46,26.0,25.47,25.73,25.69,26.1,26.12,27.17,26.46,26.73,26.55,26.64,27.26,26.86,26.49,26.17,27.16,26.95,26.83,25.77,26.22,25.87,25.73,24.95,25.35,25.34,26.15,25.62,25.99,25.53,24.93,25.59,25.64,26.2,26.05,25.32,26.49,26.2,26.11,26.46,26.56,26.26,26.33,25.98,26.11,26.62,26.59,27.12,27.72,27.56,26.73,25.82,25.26,26.05,25.45,25.8,25.36,25.82,25.32,25.83,25.28,25.99,25.04,26.26,25.9,26.69,26.06,25.8,25.88,26.43,26.1,26.36,26.25,26.56,26.41,27.08,26.52,27.16,26.28,26.74,26.53,26.69,26.81,26.03,25.68,25.51,25.94,25.3,25.92,25.85,25.82,25.53,25.82,25.36,25.49,25.6,26.31,25.94,26.33,26.03,26.58,26.21,25.86,26.17,26.56,26.26,26.72,26.9,27.12,26.48,27.35,25.98,27.7,27.45,26.61,26.42,24.94,25.48,25.52,26.13,24.9,26.11,25.64,25.68,25.82,24.85,25.28,26.16,26.22,26.3,25.84,26.31,26.35,26.38,25.58,26.26,25.54,26.36,26.74,26.8,26.8,26.78,27.29,26.45,26.9,27.52,25.77,25.55,26.1,25.39,25.67,25.53,25.52,25.75,25.7,25.81,25.63,25.48,25.53,26.03,26.22,26.22,26.3,26.27,26.36,25.8,26.01,26.03,26.37,26.54,26.34,26.63,27.0,26.18,27.36,27.04,27.72,27.7,26.54,26.82,25.47,25.86,25.17,26.13,25.75,25.7,25.48,26.0,25.66,25.99,24.98,25.84,26.24,26.85,26.26,26.21,25.98,26.25,26.33,25.97,26.07,25.88,26.23,27.03,26.85,27.19,27.05,27.18,27.01,27.96,26.74,26.25,26.04,26.16,25.72,25.0,25.53,26.17,25.61,25.59,25.99,25.76,25.63,25.52,26.47,26.13,25.98,25.91,26.09,26.42,26.79,26.03,26.18,26.5,26.96,26.47,26.86,26.12,27.19,26.92,27.93,26.82,25.69,25.89,25.59,25.38,25.76,26.19,25.31,26.11,26.1,26.27,25.46,26.19,25.24,25.98,25.85,26.64,25.76,26.08,26.28,26.8,26.36,26.33,26.34,26.92,26.86,26.42,26.77,27.38,26.69,27.23,27.68,27.84,26.95,25.38,25.49,25.62,25.85,25.45,26.09,25.8,25.8,25.7,26.04,26.2,25.24,26.05,26.4,25.99,26.12,25.76,26.05,26.34,26.93,26.61,26.45,26.3,26.91,27.23,26.57,27.51,26.82,26.74,27.17,28.09,26.43,25.9,25.44,25.37,25.14,25.71,26.07,26.44,26.03,26.63,25.64,25.87,26.46,26.12,25.69,26.47,25.62,26.07,27.54,26.89,26.13,26.67,25.78,26.68,26.7,26.93,26.5,26.59,26.54,27.36,27.22,27.95,26.31,25.38,25.75,25.05,26.12,26.08,26.24,26.33,25.69,25.86,25.43,26.14,26.49,25.95,25.7,25.95,26.15,26.26,27.21,27.41,26.25,26.04,26.49,26.5,26.16,26.6,27.1,26.42,26.95,27.02,27.26,28.44,26.99,26.69,26.03,25.42,25.38,26.0,26.23,26.48,26.35,25.99,25.26,25.91,25.37,26.12,25.88,25.6,26.53,26.96,28.5,28.76,27.06,27.0,26.26,27.17,26.09,26.93,25.95,26.76,26.62,27.21,26.76,27.94,26.26,26.37,26.02,25.02,26.05,25.23,26.42,25.58,26.07,25.15,25.7,25.43,25.86,25.61,26.02,26.0,26.5,26.4,29.06,28.99,27.62,26.95,26.6,26.62,26.26,26.38,25.9,26.94,26.22,26.96,27.8,27.73,26.44,27.0,26.07,26.0,25.59,25.82,25.4,26.29,25.13,25.55,24.52,25.97,25.71,26.18,26.24,25.92,25.89,26.96,29.59,30.0,27.47,27.35,26.01,26.87,25.9,26.42,24.6,26.17,26.61,26.39,28.86,28.77,26.07,26.8,25.55,26.86,24.88,25.42,26.23,25.54,26.01,25.41,26.29,25.85,26.13,25.35,25.75,25.87,25.8,26.19,29.75,31.11,29.61,26.9,26.59,26.59,26.29,26.1,26.33,25.58,26.7,25.69,28.1,28.09
2020-06-29 16:09:14.2591,0,27.0,28.36,24.54,24.97,25.29,25.15,25.02,25.89,25.46,25.9,25.48,25.29,26.09,26.48,26.67,26.91,25.84,25.75,26.45,26.66,26.4,26.7,27.03,26.4,27.46,27.81,27.57,26.37,27.39,27.67,32.51,28.36,28.13,26.42,26.14,26.97,25.52,23.87,25.65,24.76,26.55,25.59,25.73,25.57,26.57,26.2,25.7,27.09,26.78,25.89,25.95,26.18,26.01,25.79,26.59,26.8,27.02,26.29,26.75,27.48,28.17,27.8,27.28,30.92,27.65,26.86,26.78,25.83,24.29,24.58,25.85,24.94,25.44,25.36,25.36,25.2,26.02,26.42,25.95,25.99,25.65,26.67,25.73,26.24,26.63,26.45,26.68,25.89,26.89,27.03,26.91,26.35,26.93,27.39,27.49,27.67,26.85,25.84,24.9,25.95,25.36,24.88,25.43,25.43,25.49,26.13,25.21,25.74,26.64,25.9,25.99,26.06,26.88,26.55,26.05,26.42,26.87,25.71,25.5,26.13,26.58,26.57,26.3,26.69,26.66,26.59,28.45,27.05,27.15,25.84,25.38,25.86,25.3,25.41,25.45,24.93,25.26,25.17,25.27,25.4,25.17,25.85,25.65,25.67,25.74,26.03,26.57,25.78,26.34,26.71,26.73,26.3,26.26,26.74,26.49,26.18,26.2,26.66,26.62,26.77,27.37,25.76,26.17,25.21,25.42,25.29,25.13,25.98,25.3,25.65,25.71,25.66,25.42,25.93,25.58,25.97,25.71,26.04,25.95,26.57,27.03,26.44,26.1,27.04,26.87,26.73,26.44,26.65,27.32,27.3,26.96,27.41,26.79,26.51,25.04,25.46,25.63,25.33,25.96,25.36,25.83,25.8,25.78,25.22,25.45,25.32,25.73,25.56,25.34,25.69,26.12,26.28,26.88,26.57,26.7,26.46,26.64,26.64,26.73,27.37,27.31,27.39,26.89,26.51,26.26,25.9,24.81,25.13,26.32,25.36,25.42,25.86,26.23,25.42,26.02,25.42,25.47,25.44,25.63,25.94,25.74,25.91,26.13,26.7,26.51,26.05,26.17,26.25,26.84,26.77,26.09,27.23,27.25,27.0,26.91,27.81,26.85,26.16,25.66,25.18,25.87,25.83,25.34,25.95,26.2,25.63,26.22,25.19,25.46,25.9,26.41,26.18,25.57,25.81,25.98,25.99,25.73,26.45,26.46,26.28,26.1,26.85,27.64,25.78,27.35,26.45,26.65,26.76,27.51,26.11,25.73,25.41,26.38,25.61,25.95,26.07,26.46,25.84,25.98,26.04,25.29,25.3,26.0,26.67,26.13,26.36,26.28,26.49,26.67,26.26,26.44,26.8,26.76,27.03,26.22,26.75,26.57,26.68,27.05,28.07,27.25,26.83,25.57,26.03,25.84,26.55,25.72,25.69,25.65,25.92,25.68,25.57,25.33,25.49,25.9,26.49,26.06,26.15,26.07,26.51,26.1,26.44,26.56,26.33,26.52,27.07,26.64,26.51,26.7,27.71,26.86,26.5,26.96,26.87,25.66,26.11,26.31,25.56,25.43,26.2,25.8,25.63,25.21,26.35,25.57,25.61,25.74,25.75,26.4,25.67,26.1,26.77,26.52,26.27,26.34,26.69,26.81,27.02,26.61,27.25,27.47,26.96,26.23,27.77,26.61,26.23,25.4,25.61,25.0,25.6,25.74,25.28,26.38,25.88,25.62,25.53,25.56,26.33,26.59,26.46,26.39,26.29,26.72,25.62,26.06,26.25,26.37,26.14,26.52,26.67,26.81,26.64,27.84,27.0,27.23,27.17,26.95,26.9,25.48,26.42,26.17,25.91,25.74,25.87,25.58,26.23,25.91,26.17,25.52,26.22,26.39,27.13,26.47,26.45,26.07,26.73,26.09,25.93,26.15,26.44,26.99,26.06,27.11,26.94,27.34,27.46,27.54,27.21,26.19,27.31,26.24,26.14,25.97,26.25,26.23,26.16,26.02,25.77,25.77,26.27,26.04,25.73,26.06,26.83,26.44,26.1,26.36,26.33,26.43,26.35,26.28,26.29,27.13,27.01,26.85,27.43,27.33,26.88,28.16,26.93,26.54,26.76,26.17,26.61,25.97,26.56,25.87,25.82,26.24,26.45,25.87,26.78,26.38,25.9,26.37,26.51,26.34,25.82,26.17,26.71,26.28,26.13,26.58,26.29,26.61,26.71,25.95,26.91,28.45,27.93,27.25,27.83,26.61,26.75,25.43,26.14,26.17,26.83,26.31,25.97,25.99,25.71,26.42,25.86,25.54,25.96,26.15,26.23,26.15,26.36,26.57,26.58,26.67,26.01,26.88,26.03,27.32,26.76,26.24,27.09,27.42,27.96,28.53,27.82,26.2,26.62,25.63,25.93,26.11,26.4,25.95,26.05,26.24,25.7,25.7,26.3,25.63,25.55,26.09,25.99,26.49,25.95,26.13,26.34,26.1,26.71,26.54,26.97,26.66,27.23,26.01,27.1,27.53,27.2,26.45,28.26,26.43,26.07,25.44,24.69,26.15,26.53,26.07,26.04,26.26,26.27,26.2,25.74,25.84,26.1,26.51,26.24,26.13,26.46,26.61,27.49,26.24,26.87,26.59,27.02,26.58,26.41,26.5,27.14,26.85,26.56,27.22,27.75,27.25,25.94,25.22,26.04,26.82,25.79,25.82,27.11,26.03,26.1,25.98,26.03,25.63,26.58,25.89,26.26,26.75,27.39,28.02,27.1,26.23,25.82,26.47,26.62,27.02,27.11,26.51,27.57,27.09,27.18,28.14,28.63,26.99,25.29,25.66,25.05,26.63,25.37,26.65,25.9,25.84,25.46,25.98,26.13,25.6,26.11,25.88,26.48,27.52,27.49,28.83,27.96,26.25,27.1,26.38,26.28,26.09,26.51,26.71,26.75,27.11,27.54,28.32,28.12,27.29,25.96,26.19,25.55,25.88,26.63,25.68,26.43,25.92,26.3,25.19,25.92,26.53,26.06,25.89,27.02,27.26,28.18,28.71,28.99,26.78,26.35,26.45,27.0,26.24,25.96,26.19,26.94,27.19,27.65,27.38,28.81,25.43,27.64,26.86,25.98,24.9,25.63,26.02,25.5,25.83,26.08,25.73,25.69,25.33,26.04,25.75,26.15,27.21,28.01,29.95,30.35,26.84,26.55,26.83,26.15,26.62,26.25,25.92,25.64,27.33,27.3,28.16,27.9,27.72,27.28,25.73,27.45,25.89,26.1,26.37,25.7,26.56,26.68,25.04,25.58,25.72,25.99,25.36,25.87,26.15,27.77,30.1,31.11,28.33,27.56,26.15,26.88,27.46,26.41,26.31,26.62,26.86,27.99,28.08,30.05
2020-06-29 16:09:14.3877,0,26.38,29.06,27.01,25.54,25.17,23.91,24.72,25.77,26.12,26.09,25.22,26.19,26.39,26.36,26.28,26.12,26.0,26.04,26.34,25.57,26.56,26.87,26.76,26.91,27.18,26.69,27.09,27.41,27.03,28.69,29.03,29.55,26.79,27.32,25.8,25.8,25.41,24.29,26.2,25.13,25.84,25.77,25.75,25.87,26.32,25.29,25.85,26.58,26.16,26.16,25.43,25.8,26.84,26.37,26.32,26.53,26.75,26.66,26.64,26.45,27.43,27.92,28.47,29.66,26.95,26.98,25.67,25.33,25.03,24.97,24.5,24.83,25.6,25.52,25.51,25.6,26.39,26.07,26.32,25.4,25.65,26.32,26.1,25.63,25.9,26.09,25.49,26.05,26.05,26.77,26.32,26.74,27.17,27.27,26.81,26.13,28.72,25.94,24.59,26.39,25.73,25.24,25.32,25.46,25.51,25.49,24.84,25.75,26.06,25.66,25.52,26.18,26.42,25.62,26.75,26.66,26.4,26.21,26.3,25.75,25.63,26.16,26.03,26.57,27.06,26.83,28.09,27.5,26.19,25.92,25.81,25.57,24.72,25.14,25.61,24.95,25.14,25.55,25.39,25.52,25.5,25.07,25.65,25.56,25.73,25.58,25.68,26.23,26.57,26.03,26.01,26.92,26.28,26.23,26.08,26.52,26.73,26.71,26.91,27.1,26.24,26.04,25.71,25.95,25.46,24.87,25.16,25.2,25.06,25.16,25.25,25.55,25.85,25.05,25.35,25.97,25.38,25.39,25.62,25.91,26.48,25.98,26.22,26.45,25.99,26.36,26.89,26.53,26.57,26.69,26.46,27.08,25.91,26.39,25.59,25.51,25.07,25.77,24.93,25.63,24.99,25.34,25.45,24.99,24.81,25.3,25.41,25.95,25.33,25.27,25.49,25.96,26.23,26.13,25.8,26.57,26.28,26.41,26.48,27.4,27.34,27.43,26.95,26.96,27.26,25.6,25.34,24.37,25.36,25.25,25.43,25.62,25.88,25.19,25.59,25.52,25.46,25.63,25.61,26.03,25.72,26.09,25.91,26.59,26.39,26.66,26.27,27.16,26.25,26.4,26.51,26.42,26.98,26.42,27.48,28.06,26.56,26.73,24.9,25.53,25.2,25.05,25.59,25.35,25.75,25.3,25.69,25.59,25.15,25.11,25.44,26.16,25.74,25.13,25.96,26.07,26.11,26.54,26.45,26.28,26.44,25.79,26.77,25.8,26.52,26.78,26.71,27.51,26.34,26.17,25.31,25.91,26.27,25.23,25.34,25.59,26.46,25.83,26.28,25.62,24.7,25.38,25.51,26.28,25.54,26.05,26.07,26.19,26.56,26.64,26.53,27.01,26.53,26.22,26.99,26.64,27.16,26.42,26.6,27.1,25.73,25.86,25.45,25.76,24.93,25.67,25.49,26.16,25.42,26.12,25.37,25.46,24.83,25.85,25.88,26.1,25.85,25.95,26.42,26.11,26.09,25.94,26.55,26.96,26.41,26.95,26.9,25.88,26.72,26.89,26.58,26.38,27.19,26.25,26.01,25.24,26.33,25.83,25.43,26.08,25.36,25.62,25.89,25.64,25.36,25.49,25.99,25.91,26.29,26.01,26.17,26.19,26.59,26.05,26.53,26.15,27.02,26.56,26.5,26.37,27.63,26.56,26.76,27.0,25.8,26.46,25.74,25.35,26.06,25.36,25.38,25.75,25.42,25.87,25.5,25.82,25.36,25.93,26.38,26.44,26.0,25.99,26.43,25.97,26.05,25.64,26.25,26.23,26.41,26.56,26.69,27.15,27.32,27.02,27.6,27.71,27.01,25.77,25.21,26.16,25.8,25.54,25.87,25.52,25.89,25.49,25.7,25.26,25.68,25.91,25.91,26.47,26.36,25.78,26.05,26.34,25.4,25.92,26.24,26.43,26.76,26.29,26.74,26.7,27.37,27.34,27.26,27.58,26.07,26.17,25.66,24.82,26.26,26.0,25.64,26.51,25.37,25.76,25.65,26.26,25.35,25.8,26.31,26.53,25.96,25.99,26.34,26.41,25.92,26.34,26.27,26.28,25.66,26.9,25.72,26.93,27.78,27.92,26.73,26.98,26.6,25.61,25.29,26.04,25.99,26.44,26.12,26.17,25.69,25.8,26.27,26.06,25.78,26.17,26.44,26.58,26.32,26.08,26.34,26.21,26.56,26.02,25.95,26.6,26.95,27.18,26.47,26.79,27.35,26.95,27.13,26.87,27.04,25.93,25.79,25.87,25.92,26.32,25.57,26.35,25.76,26.03,25.24,25.95,25.42,26.04,26.23,26.12,25.74,25.95,25.87,26.86,26.35,26.3,26.22,26.24,26.16,26.89,26.52,26.43,26.87,27.69,27.22,27.53,26.82,26.15,24.71,26.12,26.41,25.47,25.46,25.93,25.55,25.81,25.48,26.19,25.21,25.73,25.97,25.38,25.41,26.03,26.71,26.43,26.19,26.19,26.43,26.41,26.43,26.03,26.83,26.57,27.27,26.62,27.03,27.28,25.54,25.39,25.66,25.72,26.04,25.99,25.82,26.18,25.67,25.22,25.86,26.07,26.25,25.15,26.09,25.72,26.32,26.35,26.39,26.25,26.23,26.22,26.36,26.55,26.09,26.92,26.81,26.74,26.42,26.6,27.29,27.63,26.55,25.44,25.95,26.25,25.98,26.1,26.1,26.6,26.39,25.86,25.64,26.36,26.36,26.26,25.99,26.56,26.84,26.77,27.18,26.57,26.44,25.93,26.12,26.62,26.16,26.61,26.96,27.17,27.44,26.43,28.03,28.13,26.87,26.36,25.91,25.28,25.73,25.87,26.96,26.07,25.85,26.11,25.74,25.3,25.37,25.77,25.88,26.15,27.18,27.7,27.94,27.73,26.37,26.63,26.01,26.54,26.24,25.98,26.29,26.63,26.99,26.91,27.62,28.0,25.9,25.23,25.7,25.43,25.28,25.89,26.57,26.74,26.19,25.93,25.2,25.44,25.95,25.49,25.2,26.0,26.59,27.74,29.37,28.53,27.14,26.23,26.08,25.99,26.39,25.98,26.38,26.51,26.74,27.01,27.86,27.61,26.56,26.2,25.95,27.02,25.81,26.18,25.75,26.47,25.71,25.14,25.34,25.7,25.6,25.3,25.51,26.41,26.74,28.25,29.96,30.0,27.23,27.09,26.31,26.31,25.93,25.98,25.14,25.7,26.85,27.0,28.27,27.21,26.76,26.43,26.01,26.14,25.95,25.63,25.93,25.42,25.59,26.42,25.34,26.14,25.99,25.11,25.87,26.0,27.02,28.38,30.48,30.62,27.19,26.51,25.34,26.76,26.16,25.83,25.53,26.15,27.11,26.34,28.75,27.62
2020-06-29 16:09:14.5160,0,27.36,24.46,27.02,25.3,24.6,23.34,25.77,25.43,25.81,24.72,26.25,26.33,26.12,25.54,25.88,25.98,26.13,25.24,25.93,25.7,26.15,26.44,26.31,26.75,27.19,26.01,27.46,26.25,27.04,26.98,27.31,24.84,27.18,26.64,25.57,26.44,24.11,25.01,25.36,25.63,25.54,25.92,24.9,25.46,25.38,26.09,25.98,25.28,25.9,26.16,25.69,26.34,25.89,27.06,25.73,26.53,26.13,26.66,25.92,26.82,25.76,28.39,27.14,27.37,27.53,27.21,26.07,25.52,25.54,24.3,25.12,25.13,25.61,24.97,24.99,25.6,25.79,25.45,25.6,25.76,26.01,25.84,26.23,26.61,25.9,26.46,25.76,26.46,26.2,26.32,26.0,25.89,28.05,26.13,27.65,28.24,25.21,27.04,24.2,25.83,24.09,24.93,24.72,25.32,24.44,24.83,24.84,25.75,24.99,25.91,25.99,25.49,26.08,26.21,26.28,26.08,25.44,26.58,25.64,26.42,26.05,26.6,26.18,26.74,27.05,26.66,27.37,26.64,26.82,26.52,25.09,24.86,24.89,25.29,25.62,25.08,25.4,24.55,25.16,25.28,25.72,25.29,25.21,25.78,26.17,25.8,26.13,26.0,26.81,25.91,26.14,26.3,26.82,25.95,26.52,26.36,26.25,26.88,26.71,25.97,26.23,27.02,25.35,25.1,25.3,25.17,25.15,25.47,25.55,25.66,25.48,25.55,24.66,24.84,25.35,25.76,25.27,25.29,25.72,26.02,25.47,26.44,26.45,26.09,25.86,26.75,26.61,26.54,25.93,26.86,26.84,27.49,26.49,25.46,25.92,25.01,25.23,25.49,25.2,25.5,25.84,25.22,25.34,25.55,25.13,24.37,25.32,25.13,25.74,24.66,25.81,25.96,26.13,26.45,25.91,25.87,26.89,25.78,26.49,26.55,26.89,26.96,26.06,27.14,26.51,25.79,24.85,25.17,24.35,25.12,25.17,24.73,25.76,26.21,25.27,25.53,24.75,25.03,26.01,25.63,25.33,25.9,25.61,26.29,25.98,26.56,26.27,26.6,25.78,27.02,25.84,26.85,26.08,27.04,27.13,26.61,25.84,25.87,25.23,25.37,26.17,25.98,26.09,25.34,25.42,25.52,25.69,25.28,25.06,24.91,25.93,25.97,26.13,25.22,25.87,25.87,26.11,26.04,26.25,26.28,26.9,26.27,27.15,26.86,27.24,25.74,26.71,27.15,26.33,26.0,25.46,25.15,25.32,26.03,25.34,25.6,25.69,25.62,25.14,25.42,24.99,25.48,25.79,25.81,25.26,25.5,25.89,25.9,25.98,26.55,26.32,26.91,26.2,26.81,26.61,26.64,26.17,26.71,27.92,27.28,26.44,25.52,25.62,26.06,25.73,25.54,25.73,25.34,25.65,25.07,25.57,25.16,25.42,25.19,26.26,25.92,25.95,25.67,26.15,26.3,26.28,25.94,26.25,26.85,26.53,26.38,27.15,26.52,27.0,26.18,26.75,27.21,26.15,25.92,25.54,24.79,25.54,25.58,25.67,25.51,25.36,26.05,25.89,25.35,24.98,25.68,26.27,26.29,25.66,25.93,26.08,26.01,25.83,26.16,26.32,26.79,26.04,27.02,26.62,26.25,26.54,26.71,27.4,26.68,27.36,25.61,25.59,26.38,25.41,25.62,25.63,26.55,25.95,25.76,25.51,25.62,25.83,25.36,26.39,26.35,26.1,25.44,26.16,25.97,25.57,25.84,26.36,26.13,26.53,26.1,26.82,26.52,26.91,26.46,27.44,27.04,25.28,26.62,26.41,25.87,24.89,25.93,25.63,25.53,25.68,25.91,25.2,25.57,25.12,26.11,26.37,26.75,25.9,26.44,26.23,26.07,25.6,26.7,26.24,26.74,26.54,27.43,26.74,27.33,26.67,27.35,27.58,27.75,26.07,25.31,25.2,26.32,25.99,24.84,26.12,25.81,25.7,25.55,25.45,25.85,25.74,25.52,26.32,26.35,26.06,25.43,26.35,26.22,26.42,25.34,26.07,26.28,27.13,26.2,26.11,26.54,27.65,27.05,26.9,26.63,25.17,26.3,25.13,25.75,26.25,25.67,25.75,25.94,25.8,26.23,25.86,25.86,25.49,25.89,26.34,26.31,25.67,25.9,26.24,26.31,25.87,26.13,26.56,26.39,26.61,26.83,26.34,26.93,26.2,27.1,26.96,27.21,26.86,25.22,24.83,25.86,25.92,25.39,25.7,26.1,25.65,25.04,25.67,26.16,25.53,25.55,26.04,26.02,26.23,25.56,26.56,26.27,26.36,25.18,26.45,26.35,26.75,26.17,26.53,27.52,27.46,26.49,27.22,26.83,25.53,25.98,26.15,26.13,26.27,25.48,25.58,26.06,25.09,26.25,25.8,25.88,25.11,25.84,25.48,25.39,25.6,25.75,26.31,26.23,25.88,26.91,25.88,27.08,26.66,26.64,26.3,27.4,26.68,27.39,27.2,27.8,26.88,24.83,25.16,25.55,26.18,25.99,26.09,26.05,26.15,25.8,26.2,25.85,26.15,25.57,25.48,25.82,26.53,25.94,25.98,25.73,26.02,25.89,26.25,26.78,27.08,26.42,26.67,26.74,27.81,26.75,27.47,27.81,25.97,26.57,25.6,25.43,25.83,26.25,26.36,26.21,25.68,26.22,26.09,25.81,25.4,26.16,25.98,26.05,26.84,26.98,26.02,26.16,25.79,25.93,26.24,26.39,25.9,26.62,26.39,26.45,26.65,26.59,27.48,27.95,26.46,24.96,26.46,25.45,25.58,26.17,25.84,25.64,25.98,25.6,25.27,25.3,25.71,25.54,26.44,26.26,27.41,27.81,27.95,27.17,26.72,26.39,26.9,25.91,26.38,26.39,27.04,26.62,27.16,26.73,27.23,28.2,26.1,26.25,25.87,25.61,25.43,26.21,25.7,26.32,24.61,26.7,24.95,25.69,25.03,25.38,26.11,26.34,27.03,28.74,28.14,28.42,26.31,26.96,26.84,26.64,25.58,26.54,26.22,26.98,26.24,27.19,27.66,27.18,26.06,24.63,26.94,25.85,26.15,25.18,25.28,26.16,25.58,25.55,25.35,26.23,26.24,25.42,25.76,25.67,27.46,27.9,29.72,29.14,26.22,25.77,25.35,26.74,25.49,25.07,26.14,25.35,26.5,25.68,27.57,28.05,24.48,26.68,25.39,26.35,24.72,25.81,26.08,26.06,24.86,26.43,25.87,25.74,24.95,25.37,25.23,26.01,27.27,29.35,30.35,29.12,26.15,26.38,25.89,26.62,26.45,27.05,26.02,26.16,25.27,27.11,26.33,29.6
2020-06-29 16:09:14.6443,0,24.99,25.88,26.61,25.66,24.71,24.97,24.66,25.73,24.98,26.37,25.62,25.88,26.5,26.49,26.12,26.51,25.57,25.77,25.62,26.11,26.39,27.28,27.02,26.57,26.48,26.64,26.45,26.58,27.14,27.97,27.41,29.02,25.69,25.38,25.48,26.12,25.17,24.58,25.33,25.08,24.47,25.58,25.74,25.56,26.31,25.79,25.71,26.56,26.41,25.75,26.36,26.31,26.56,27.16,26.3,25.58,27.04,26.28,26.41,26.92,25.69,26.35,29.03,27.47,27.35,25.9,25.98,25.07,25.64,24.93,25.23,25.56,25.99,25.65,25.62,25.08,25.65,25.71,25.34,25.4,26.0,26.44,26.09,26.5,25.76,25.46,26.27,26.32,26.6,25.86,26.26,25.85,26.03,27.4,27.75,28.03,26.36,24.95,25.69,25.38,25.04,24.22,25.3,24.69,25.11,25.2,25.22,25.61,25.48,25.53,25.77,25.59,26.55,26.43,26.18,25.82,25.93,26.07,25.9,26.52,26.04,26.13,26.16,25.86,27.53,26.94,27.03,28.47,26.3,26.25,26.28,24.82,24.52,25.12,25.3,25.62,25.51,25.31,25.74,24.93,25.28,25.64,25.43,26.02,25.62,26.26,25.79,26.02,26.34,25.69,26.12,25.81,26.53,26.22,26.04,26.95,26.52,27.17,27.02,27.45,25.76,25.95,25.66,24.68,25.14,25.43,24.87,25.31,25.44,25.15,25.38,25.31,24.68,24.94,25.48,25.22,25.72,25.29,26.28,26.02,26.38,25.98,26.35,26.56,25.73,26.47,26.31,26.19,26.54,26.14,26.4,26.99,26.02,25.22,25.2,24.82,25.18,25.06,24.91,25.37,25.82,25.69,25.45,25.45,24.71,25.12,25.63,25.77,25.34,25.4,26.21,26.09,26.56,26.79,26.13,25.88,26.64,26.41,26.86,26.54,26.69,26.78,26.34,28.19,27.2,25.52,25.15,24.48,25.06,25.22,25.56,25.22,26.13,25.19,25.5,24.21,25.08,25.04,25.44,25.33,25.26,25.51,25.74,26.39,25.69,26.36,26.73,25.9,26.5,26.64,26.76,26.53,27.11,26.37,26.74,27.26,26.67,26.86,25.65,25.81,25.86,25.71,25.7,25.35,25.97,25.43,25.8,25.51,25.36,25.62,26.13,25.52,25.75,25.73,26.17,25.9,25.72,26.77,26.46,26.95,26.32,26.51,26.62,26.59,26.63,26.61,27.15,26.77,26.47,25.93,25.43,25.56,25.45,24.81,25.47,25.34,25.93,25.19,25.89,25.63,25.21,25.3,25.73,25.92,25.86,25.6,25.92,26.3,26.4,26.55,26.66,27.01,26.88,27.03,26.36,26.88,26.59,26.09,26.73,27.04,26.72,25.65,25.56,25.58,25.71,25.92,25.72,25.93,25.86,25.83,25.58,25.89,24.75,25.5,26.09,26.23,26.24,25.8,25.78,25.96,25.71,26.36,26.56,26.77,27.07,26.62,26.64,26.52,26.83,26.88,27.5,27.18,26.8,25.34,25.83,25.5,25.93,25.55,25.44,26.19,25.38,25.63,25.32,25.56,25.11,25.6,25.85,26.3,26.06,25.57,26.11,26.2,26.63,26.65,26.55,27.0,26.61,26.56,25.76,26.48,27.08,26.67,26.89,26.29,26.77,26.25,26.0,26.36,25.52,25.36,25.73,25.64,25.53,25.89,25.21,25.75,25.37,26.25,26.4,26.48,26.2,26.58,26.35,26.29,26.06,26.26,26.16,26.05,26.63,26.8,26.55,27.03,27.15,27.43,27.39,27.51,25.76,25.88,25.94,26.12,25.54,26.41,25.64,25.98,25.81,26.22,25.83,25.97,25.72,25.93,26.68,26.31,26.21,25.52,26.54,26.08,25.72,26.12,26.47,26.33,26.45,26.51,26.62,27.06,26.94,27.17,28.2,27.69,26.89,26.13,25.77,26.74,26.37,26.26,25.39,26.4,25.91,26.0,25.66,26.49,25.65,26.49,26.52,26.47,26.07,26.12,26.36,26.25,26.23,26.07,26.38,26.63,26.56,27.25,26.72,27.06,27.33,26.6,27.17,27.28,26.38,26.23,25.57,26.0,25.85,26.29,26.01,25.93,26.14,25.8,26.09,25.86,25.33,25.99,26.29,26.32,26.07,26.0,26.37,26.51,26.1,25.93,26.18,26.6,26.96,26.59,26.47,26.77,27.19,27.21,27.1,27.65,26.6,25.53,26.22,26.3,26.03,25.52,26.06,25.74,25.53,25.83,26.2,25.77,25.63,25.29,26.24,26.05,26.34,26.18,26.18,26.6,26.06,26.43,26.12,26.37,26.51,27.13,26.63,26.97,27.27,26.92,27.33,27.49,26.76,25.54,25.65,26.08,26.26,25.44,25.96,25.54,25.68,26.03,26.04,25.98,25.34,25.24,25.61,25.99,26.22,25.56,25.75,25.93,26.93,26.19,26.77,26.41,26.79,26.62,26.69,26.27,26.67,27.04,28.36,26.86,26.03,26.45,25.93,26.01,25.71,26.54,25.8,26.44,25.67,26.05,25.86,25.98,25.94,25.7,25.48,25.85,26.43,26.17,26.19,26.89,26.34,26.13,25.55,26.68,26.45,26.29,26.35,26.87,26.53,26.73,27.03,28.68,25.72,25.55,24.89,25.7,25.97,27.06,25.83,26.19,25.81,25.85,26.45,25.8,25.75,25.52,25.49,25.42,27.07,26.88,26.36,25.95,26.35,25.93,26.6,27.09,26.41,26.59,26.53,25.68,27.25,26.22,27.97,27.68,25.53,26.49,25.1,25.93,24.89,25.23,26.36,26.33,26.22,25.48,25.01,25.67,25.71,25.45,25.99,26.27,27.73,27.83,27.94,27.18,26.94,26.76,26.0,26.67,25.95,26.65,26.55,26.6,26.61,26.86,28.31,27.52,26.24,25.74,26.56,25.18,25.89,25.53,26.13,26.28,26.19,25.52,25.33,25.42,25.74,25.14,25.79,26.33,27.27,28.51,28.16,26.8,26.32,26.1,26.85,26.22,26.12,25.67,25.89,27.4,27.86,27.12,27.39,27.28,26.17,27.43,25.46,26.38,25.06,25.15,26.01,26.9,25.82,25.96,24.91,25.83,25.07,25.05,25.5,26.41,28.76,29.08,28.98,28.53,26.71,27.08,25.6,26.02,25.74,25.81,25.25,26.17,26.96,27.31,28.14,27.91,26.05,26.54,25.74,25.65,25.56,25.57,25.74,25.69,26.14,26.11,24.78,25.57,25.48,25.09,26.12,26.74,28.73,29.45,30.23,28.22,26.55,26.49,27.0,26.29,26.29,25.94,25.65,25.91,26.14,27.59,28.09,28.72
2020-06-29 16:09:14.7722,0,23.89,27.4,24.96,24.61,23.45,23.91,24.39,24.57,25.04,24.87,25.67,25.89,25.71,24.99,25.88,25.16,25.87,25.64,26.21,25.84,26.29,26.01,26.01,26.28,25.89,26.34,26.36,26.63,26.08,26.69,26.73,29.51,24.71,25.62,26.24,25.6,23.93,24.48,25.7,24.82,25.99,24.89,25.32,25.47,24.98,25.83,25.71,25.41,24.99,25.27,25.96,25.94,25.89,25.54,26.03,25.48,26.13,26.34,27.16,26.09,27.01,25.53,28.45,27.95,26.67,25.04,24.48,25.13,24.36,23.96,24.05,24.82,25.34,24.83,24.6,25.21,25.06,25.33,25.12,25.87,26.02,25.84,26.23,26.73,25.78,25.32,25.9,26.32,25.63,26.77,26.65,26.9,26.46,25.55,27.37,26.83,25.47,25.51,25.74,25.28,24.42,24.28,25.01,24.89,24.43,25.24,25.6,25.13,25.11,25.08,26.11,25.02,25.61,25.64,25.93,25.84,25.32,25.48,26.17,26.02,25.77,26.03,25.87,25.6,26.71,25.56,28.32,26.94,26.2,25.92,24.36,24.86,24.11,24.68,24.63,25.08,25.41,25.55,24.81,24.92,24.62,24.95,24.99,25.67,25.74,25.58,25.58,26.0,25.67,25.91,25.66,26.79,25.76,25.82,26.38,26.67,26.58,25.52,26.92,26.42,24.8,25.85,25.52,25.62,24.55,24.29,25.57,24.81,25.18,24.44,25.24,24.63,24.77,24.84,25.68,25.76,25.06,25.3,25.83,25.7,25.69,25.77,25.98,25.97,25.85,26.24,26.03,26.69,25.77,26.21,26.84,26.48,25.34,24.34,24.43,24.68,24.36,25.07,25.47,25.5,24.88,25.33,25.24,25.55,24.61,24.89,25.43,25.75,25.24,25.37,25.81,25.65,25.81,26.13,25.69,26.57,26.3,26.15,26.49,26.97,26.44,25.37,26.42,26.76,25.39,25.06,25.01,24.38,24.78,24.85,25.3,25.75,25.17,24.98,25.26,24.66,24.43,25.14,25.51,25.13,25.33,25.41,25.71,26.3,25.66,25.84,26.49,26.26,26.25,25.92,26.11,26.3,26.23,26.12,27.13,26.25,26.75,25.17,24.91,25.21,24.67,25.45,25.61,25.34,24.97,24.75,25.27,25.48,24.58,24.42,25.26,25.77,25.18,25.12,25.59,26.07,25.82,26.44,26.36,26.06,26.57,26.27,26.26,26.46,26.24,26.03,26.55,27.15,27.04,25.32,26.08,25.15,25.05,24.71,25.46,25.48,25.24,25.2,25.55,25.32,24.89,24.82,25.98,25.72,25.16,25.22,25.88,26.2,26.36,25.96,26.32,26.48,25.74,25.76,26.99,26.52,26.03,25.84,27.42,27.28,25.92,25.17,25.46,25.91,25.47,25.79,25.38,25.57,25.0,24.96,25.08,25.76,25.23,24.81,25.8,26.01,25.68,25.48,25.78,26.11,26.29,25.94,26.46,26.53,26.09,25.8,26.42,26.77,26.31,25.75,27.08,27.04,26.14,25.75,25.85,25.4,25.27,25.71,25.67,25.39,25.36,25.32,25.69,24.96,25.17,24.84,26.36,26.2,25.93,25.47,26.08,26.29,25.83,26.06,26.73,26.48,26.26,26.57,26.13,25.99,26.4,26.29,26.92,26.35,27.02,26.11,25.14,25.94,25.15,25.23,25.03,25.4,25.75,25.34,25.51,25.12,25.56,25.08,26.76,26.8,26.01,25.8,25.51,25.69,25.38,25.64,26.27,26.33,26.2,26.21,26.08,26.39,26.08,26.03,27.12,27.21,25.28,25.95,26.26,25.58,25.28,25.81,25.74,26.0,24.93,25.91,25.6,25.28,25.49,25.74,26.27,25.75,25.81,25.7,26.5,25.7,25.5,25.93,25.82,25.92,26.43,25.61,26.49,26.2,26.39,26.36,27.42,26.93,25.55,24.78,25.05,25.42,25.6,25.36,25.65,25.92,25.06,25.65,24.85,25.85,25.07,25.42,25.58,26.44,25.79,25.71,26.45,26.31,25.44,25.94,25.76,26.28,26.12,26.2,25.86,26.8,26.66,26.9,26.57,27.31,26.06,25.96,26.2,25.0,25.45,24.64,25.39,25.59,25.15,25.28,26.06,25.56,25.11,25.89,26.25,26.5,26.13,26.18,26.05,26.41,25.47,25.73,26.15,26.08,26.6,26.37,26.08,26.15,26.77,25.94,27.46,27.22,25.58,25.22,25.0,25.55,25.93,25.39,25.96,25.98,25.89,25.04,25.57,25.95,25.33,25.06,25.56,26.02,26.14,25.07,26.18,26.76,26.16,25.18,26.45,25.91,25.94,26.05,26.13,26.7,26.14,27.09,27.57,26.3,25.52,24.91,25.35,24.88,25.15,25.07,25.7,26.06,26.01,25.15,25.91,25.56,24.9,25.45,25.87,25.89,25.6,25.46,25.82,25.73,26.08,25.58,26.53,25.53,26.2,25.79,26.43,26.99,26.09,26.18,27.02,27.98,26.13,24.64,25.16,25.06,24.89,25.29,25.7,26.18,25.45,24.98,26.1,25.96,25.63,25.25,25.59,25.92,26.13,25.73,25.78,26.14,26.35,25.67,25.56,26.55,26.1,26.29,26.11,26.74,26.43,25.97,27.3,27.81,25.58,25.27,24.75,25.77,25.25,25.11,26.23,26.35,26.03,25.87,25.75,25.59,25.08,25.84,26.29,25.74,26.02,26.47,26.02,25.74,25.68,25.94,26.35,26.4,26.15,26.11,26.96,26.16,26.34,26.44,27.66,27.39,26.05,25.36,25.0,25.45,26.05,25.09,25.56,25.78,25.47,25.09,24.54,25.54,25.61,25.77,25.44,26.03,27.3,27.48,27.4,26.83,25.91,26.04,26.03,26.66,25.45,25.84,26.6,26.16,26.01,26.56,27.63,27.18,24.38,25.44,25.5,25.44,25.11,25.12,26.42,25.76,25.01,25.17,25.44,25.45,24.68,25.27,26.11,26.58,27.7,28.08,28.14,27.17,25.6,25.76,26.59,26.26,25.98,25.85,25.91,25.88,26.07,26.84,28.06,27.18,25.57,25.97,25.16,25.85,25.48,25.51,25.76,26.46,25.58,24.99,25.35,25.83,24.71,25.55,25.52,26.77,29.01,28.95,28.76,28.28,25.71,25.9,26.05,26.45,26.08,25.22,24.49,26.2,26.32,26.25,26.87,27.2,26.46,25.23,26.6,25.16,24.9,25.13,26.24,25.59,25.15,24.73,26.14,25.2,25.21,25.37,26.24,27.14,29.33,29.83,29.36,27.09,26.41,25.98,25.75,25.75,25.55,25.53,26.18,26.16,25.27,26.73,27.94,27.3
2020-06-29 16:09:14.9006,0,27.03,27.15,26.13,24.3,24.93,24.24,25.73,25.57,25.95,26.53,25.65,25.46,25.97,26.23,26.15,26.12,26.0,26.3,26.34,26.4,26.28,27.01,26.74,26.58,26.18,27.33,27.23,26.78,27.65,28.26,31.99,29.05,26.53,27.13,25.72,25.94,25.36,23.72,24.83,25.44,25.53,25.61,26.17,25.45,26.06,25.95,25.99,26.85,26.17,25.91,26.1,27.01,27.38,26.5,26.17,26.52,26.73,27.12,26.77,27.68,27.37,27.35,29.05,29.26,27.1,27.12,25.81,26.05,24.49,25.27,24.18,25.12,24.77,25.52,25.65,25.35,25.43,26.32,26.34,26.01,25.67,26.45,26.24,26.38,25.53,25.72,25.49,25.22,26.91,26.91,26.13,27.55,26.24,27.22,26.95,28.4,26.63,27.83,25.31,25.97,25.38,24.25,25.01,25.16,24.98,25.89,24.59,25.51,25.96,25.8,26.24,25.97,26.44,25.99,26.19,26.09,26.3,26.22,26.44,26.42,26.05,27.16,26.64,26.38,26.68,26.25,27.04,27.65,25.69,26.26,25.76,25.18,24.71,25.28,24.9,25.22,25.28,24.81,25.05,25.53,24.97,25.2,26.12,26.25,26.3,26.05,26.04,25.91,26.37,26.28,26.63,26.32,26.42,26.77,26.22,27.41,26.55,27.02,27.64,26.8,26.18,25.98,25.67,25.06,25.14,24.86,24.74,25.34,26.3,25.67,25.73,26.26,25.23,25.73,25.6,25.67,25.83,25.53,25.86,26.59,26.83,26.46,26.24,26.34,26.76,26.89,26.17,26.82,26.55,26.83,26.6,27.02,26.24,26.71,25.39,25.64,24.92,25.91,25.46,24.99,26.56,26.16,25.69,25.35,24.94,25.95,25.86,25.17,25.67,26.02,26.14,25.99,26.04,27.02,26.38,26.13,25.81,27.16,26.62,26.83,27.02,27.57,27.08,26.91,27.76,26.65,24.67,25.15,25.21,25.52,25.95,25.25,26.02,25.44,25.08,25.33,25.29,25.26,25.85,25.86,25.85,25.83,26.44,25.71,26.32,25.96,26.41,26.84,27.09,26.42,26.25,27.12,27.12,27.33,27.45,28.2,27.06,26.53,26.78,25.36,26.43,26.12,25.73,25.6,25.66,26.09,25.82,25.41,25.19,25.44,26.15,25.91,25.59,25.74,26.29,26.11,25.85,26.47,26.27,26.3,26.46,27.23,27.03,26.6,27.23,26.62,27.85,26.6,27.88,26.82,25.6,26.2,26.67,26.16,25.11,25.49,25.49,25.65,26.1,25.55,25.03,25.42,26.02,26.51,26.15,25.34,26.02,26.23,26.02,26.38,26.46,26.72,26.67,26.0,26.88,26.65,26.45,27.14,27.56,27.75,26.58,27.19,26.06,24.98,26.0,25.93,25.98,25.12,25.56,25.73,25.4,25.29,25.45,24.94,25.83,26.15,26.08,26.17,26.74,26.25,26.22,26.66,26.89,26.46,26.99,26.63,26.54,26.14,26.58,27.59,27.2,27.69,27.33,25.37,25.22,25.98,25.55,25.84,25.45,25.87,26.14,25.45,25.53,25.88,25.69,25.25,25.95,26.33,26.24,26.06,26.12,26.04,26.82,26.58,26.46,27.13,26.94,26.47,26.14,27.02,27.63,27.12,26.58,27.31,26.29,26.42,26.03,25.93,25.93,25.63,25.76,25.54,25.87,25.79,25.84,25.95,26.06,26.07,26.97,26.48,26.04,26.13,26.56,26.01,25.8,25.58,26.39,26.57,26.1,27.14,26.2,27.29,27.04,27.16,27.58,27.02,26.97,26.92,25.8,26.59,26.32,25.56,25.77,26.47,26.13,25.94,25.54,26.09,26.01,26.14,26.5,26.88,26.4,25.73,26.18,26.29,26.02,25.95,25.96,26.56,27.01,26.31,26.26,27.84,27.64,27.2,27.24,27.56,26.39,27.34,25.65,26.16,25.86,25.88,26.01,25.83,25.83,26.0,26.09,25.89,25.77,25.75,26.26,26.39,26.19,26.03,26.95,25.87,26.46,26.18,26.61,26.31,26.47,26.92,26.37,27.32,27.07,27.62,27.69,27.29,27.27,25.75,25.43,26.33,27.32,25.55,25.78,26.07,26.36,25.62,26.0,26.09,25.92,26.21,26.2,26.44,26.45,26.3,26.95,26.73,26.3,25.95,25.98,26.2,26.74,26.96,26.48,26.54,27.2,26.8,27.44,28.02,26.26,26.95,25.93,25.22,24.95,25.79,25.83,25.62,25.45,25.73,26.01,25.99,25.26,26.47,25.78,26.15,25.97,26.18,25.91,26.31,26.18,27.14,26.25,26.38,26.3,26.42,27.59,26.84,27.15,27.23,27.87,27.15,26.77,25.94,25.98,26.11,26.55,25.75,25.84,25.7,26.03,25.83,26.15,25.9,25.65,25.67,25.72,26.41,26.13,25.68,26.06,26.76,26.94,26.22,26.34,26.55,26.92,26.28,27.37,27.94,27.7,27.52,27.52,27.07,26.07,25.72,26.46,26.18,25.16,26.27,25.96,26.19,25.81,26.64,26.67,25.88,26.28,26.44,26.02,25.96,26.16,26.48,26.11,25.97,26.26,26.24,26.96,26.81,26.23,26.81,26.38,27.16,27.18,27.21,27.96,27.59,26.5,25.96,25.92,26.23,25.83,25.81,26.24,26.74,26.18,26.47,25.78,26.28,26.29,25.65,25.4,26.18,27.07,27.0,26.69,26.18,26.26,26.4,25.67,26.29,26.92,26.11,26.82,27.6,27.42,26.42,27.62,28.65,26.4,27.29,26.23,25.42,25.24,26.46,26.25,26.62,25.73,26.24,25.64,25.2,25.96,26.13,26.57,26.06,28.19,28.59,27.52,26.97,26.27,26.77,27.4,26.68,26.78,26.93,27.33,26.92,27.46,27.39,27.56,27.74,26.68,26.39,25.84,25.75,26.22,26.19,26.14,26.88,26.72,26.07,25.46,25.94,26.21,25.97,26.92,27.27,28.6,28.76,28.05,27.18,26.33,26.25,26.73,26.51,26.53,25.85,26.36,26.49,27.87,26.8,28.6,27.1,26.46,27.23,25.89,25.41,24.93,25.49,26.2,25.99,25.57,26.24,25.75,25.05,25.1,25.69,26.39,26.91,29.49,30.25,27.79,27.43,25.97,26.44,26.31,26.31,26.36,25.97,25.95,26.01,26.99,27.7,27.95,28.49,27.47,27.06,26.16,26.09,26.09,25.44,25.91,26.04,26.01,25.29,25.75,25.88,26.13,25.5,26.13,27.27,30.06,30.55,27.51,27.61,26.81,27.05,27.01,27.9,26.15,26.28,25.83,26.12,27.07,26.68,28.1,29.1
2020-06-29 16:09:15.0285,0,26.37,25.34,25.72,24.18,24.21,23.36,24.9,24.59,25.5,25.65,24.77,24.75,25.56,25.7,25.87,26.13,25.99,25.39,26.48,24.6,25.86,26.03,25.23,26.3,26.37,26.36,26.16,26.08,26.79,26.43,28.45,26.24,23.48,26.63,24.46,24.73,23.95,24.65,24.03,25.46,24.96,24.58,24.77,26.15,25.27,25.42,25.08,26.06,25.66,25.64,25.31,26.33,25.64,26.92,25.6,25.77,25.68,26.82,26.29,27.36,26.62,26.96,26.29,24.43,25.2,25.55,25.67,25.15,25.87,24.65,25.12,24.54,25.32,24.44,25.12,24.58,25.05,24.73,25.48,25.65,26.01,25.62,25.25,25.53,26.51,25.73,25.76,25.93,25.76,26.49,26.15,26.75,26.45,26.34,27.64,26.5,24.98,25.72,24.22,25.45,24.77,24.92,24.29,25.61,24.46,24.43,24.86,25.87,25.01,25.9,25.19,25.25,25.75,25.62,25.36,25.59,25.22,26.21,25.26,25.88,25.93,25.73,26.04,26.24,26.56,25.92,25.47,26.05,27.03,25.13,24.9,24.35,24.88,25.0,25.33,24.42,24.76,24.44,24.8,24.23,25.39,24.75,25.32,25.13,25.62,25.05,25.23,25.34,26.0,26.16,25.77,25.2,26.55,25.56,25.93,26.23,27.38,26.39,26.71,27.11,25.23,25.44,25.19,25.09,24.57,25.76,24.76,25.06,24.7,24.92,24.68,25.55,24.68,25.27,24.61,25.21,25.29,25.5,25.52,25.69,25.83,25.98,25.65,26.08,25.74,26.36,26.05,26.38,26.27,26.2,26.09,26.88,26.1,24.74,25.25,24.54,25.22,23.96,25.33,24.87,25.47,24.54,25.12,25.12,24.6,25.11,25.41,25.05,25.43,24.98,25.9,25.46,26.02,26.04,26.02,26.01,26.28,25.92,26.48,26.29,26.27,26.66,26.77,25.85,24.85,26.14,24.38,24.53,24.8,25.11,24.93,25.49,25.55,25.19,25.07,25.52,24.76,25.03,25.33,25.32,24.76,25.79,25.83,25.78,25.37,25.93,25.74,26.14,26.15,26.28,25.73,26.42,26.55,26.73,26.11,27.51,24.93,25.19,24.74,25.39,25.75,24.53,25.47,25.36,25.41,25.65,24.73,25.19,24.76,25.03,25.35,25.79,25.74,25.14,25.96,25.6,26.01,26.06,26.03,26.19,26.67,26.4,26.25,25.95,26.95,25.9,26.71,26.31,26.35,26.84,24.85,25.45,25.07,25.76,24.87,25.47,25.26,25.19,24.74,25.62,24.14,25.19,25.34,26.09,25.27,25.11,25.62,26.28,25.61,26.44,25.92,26.36,25.88,26.45,25.74,25.85,26.62,25.97,25.78,28.12,26.26,26.22,26.08,25.01,25.73,25.42,25.85,24.65,25.42,25.3,25.37,25.37,25.51,24.92,25.88,25.84,25.95,25.69,26.05,25.75,26.37,26.15,26.24,25.81,25.97,26.4,26.16,25.89,26.44,26.63,26.74,26.9,25.11,25.74,24.63,25.39,25.43,26.08,25.21,25.5,25.49,25.94,24.81,25.74,24.71,25.4,25.55,26.19,25.49,26.01,25.82,26.19,25.56,26.64,25.93,26.15,25.84,26.22,25.53,26.62,26.28,27.12,26.13,26.83,26.49,25.46,25.43,24.61,25.53,25.25,24.78,24.83,25.52,25.26,25.6,24.74,24.98,25.29,26.29,25.72,26.28,25.64,26.33,25.43,26.14,25.27,25.94,25.42,26.85,26.0,26.69,26.03,26.63,26.33,26.95,26.23,25.65,26.78,24.62,26.3,24.78,25.54,24.93,25.52,24.84,25.38,25.11,25.76,24.86,26.01,25.93,26.02,25.55,25.51,25.51,26.43,25.13,26.11,25.95,26.22,26.01,26.63,25.89,27.08,27.11,26.35,27.11,27.09,26.95,25.85,25.04,25.14,26.39,25.51,25.4,25.47,25.15,25.14,25.25,25.77,25.54,25.35,25.94,25.8,26.24,25.64,25.77,25.66,26.12,25.56,26.16,25.87,26.23,26.57,26.1,26.03,27.64,26.34,26.89,27.5,25.73,25.95,25.15,25.74,25.87,25.54,25.89,25.82,25.28,25.59,25.47,25.65,25.13,25.88,25.71,25.92,25.96,25.8,25.78,26.02,25.39,26.12,25.55,26.39,26.28,26.24,25.59,26.4,26.22,26.95,25.99,27.04,26.12,24.17,25.31,24.32,26.06,25.67,25.7,25.26,25.65,24.51,25.77,25.87,25.12,25.47,25.35,25.35,25.65,25.39,26.07,25.89,26.76,25.5,26.44,26.15,26.28,25.46,26.52,26.99,26.43,26.2,27.73,27.02,25.73,25.26,24.56,25.5,25.32,25.6,25.6,25.18,25.23,25.47,25.82,25.66,25.03,25.03,25.5,25.88,25.03,25.94,26.13,26.22,25.79,26.19,25.67,25.97,25.75,26.63,26.31,27.26,25.96,26.62,26.35,27.97,26.49,24.47,25.99,24.59,25.17,26.01,25.69,25.29,26.03,25.47,25.64,25.98,26.04,25.9,25.88,25.32,26.22,26.16,26.18,25.85,26.12,25.69,26.25,26.22,26.83,26.56,26.1,26.47,27.04,26.46,27.28,26.72,24.82,25.25,23.91,24.76,24.98,25.96,24.92,25.81,25.58,25.98,24.74,25.69,25.42,26.05,25.38,26.35,26.85,27.17,25.94,25.94,25.7,25.93,25.55,26.51,25.42,26.22,26.13,26.59,26.52,26.59,26.59,27.19,26.25,25.38,26.45,23.89,25.41,26.04,25.83,25.8,24.95,25.11,25.14,25.08,26.05,25.11,26.54,26.61,28.38,27.5,26.26,25.71,26.13,25.94,26.39,26.06,25.71,25.73,25.98,25.71,26.99,26.92,27.22,26.6,25.27,26.84,25.52,25.42,25.29,25.89,26.01,26.31,24.76,26.06,24.6,25.31,25.39,25.26,25.9,28.03,27.93,28.62,26.45,26.46,25.74,25.75,25.45,25.86,25.19,26.12,24.7,26.35,26.26,27.01,26.26,27.39,25.8,24.88,24.95,25.68,25.47,24.36,25.9,25.4,25.57,24.73,25.21,25.19,26.23,25.57,27.59,27.77,30.41,29.55,26.91,26.31,25.96,25.79,25.76,26.05,25.63,25.24,25.47,24.85,26.85,25.14,27.09,26.94,25.93,26.67,24.81,27.12,24.4,24.95,24.82,25.58,25.03,26.14,24.94,24.92,24.84,25.49,26.01,28.25,30.18,30.17,26.76,25.92,25.39,26.11,25.49,26.9,25.43,26.13,24.7,26.32,25.84,26.53,26.63,28.28
2020-06-29 16:09:15.1574,0,25.74,28.12,25.34,25.64,22.92,25.1,24.43,25.49,25.53,25.52,25.1,25.78,25.3,26.52,26.3,25.46,26.28,25.79,26.22,25.87,25.88,26.33,25.88,26.95,26.42,26.91,26.41,27.1,25.95,28.28,26.58,28.09,29.08,26.51,27.24,25.46,25.11,24.53,25.08,24.68,25.73,24.91,26.06,25.47,26.6,24.9,26.12,25.94,26.43,25.65,26.38,25.81,25.91,25.69,26.35,26.11,26.79,25.72,27.23,26.14,26.69,27.07,27.91,27.21,26.54,27.81,25.15,26.56,24.22,24.85,25.15,24.86,24.09,25.81,24.74,25.09,25.91,25.46,25.72,26.12,25.89,26.8,25.74,26.13,25.9,26.73,25.91,26.35,25.21,27.1,25.87,27.29,26.33,26.97,26.96,29.17,26.36,25.82,26.2,25.14,25.78,24.64,25.49,25.2,25.26,24.97,25.87,25.25,26.29,25.19,25.53,25.95,26.31,25.74,26.4,25.83,26.05,25.84,26.58,25.89,26.49,26.04,26.23,26.12,26.94,25.43,27.5,26.79,25.85,26.4,25.14,24.22,24.76,25.17,25.21,25.11,24.51,25.69,25.16,25.4,24.94,25.18,24.97,25.33,25.18,26.23,25.9,26.34,25.89,25.91,26.02,26.68,25.9,27.05,25.96,26.86,25.64,26.26,25.78,27.86,26.32,25.91,26.11,24.97,24.74,25.19,25.32,25.34,25.44,25.05,25.25,25.08,25.3,25.15,25.35,25.53,25.48,26.13,25.94,25.79,26.47,25.87,25.75,26.57,26.64,26.24,26.49,26.26,27.4,26.41,27.68,27.16,25.98,26.46,25.3,24.24,24.81,24.96,25.21,25.52,25.12,25.45,24.67,25.32,24.27,24.98,24.68,25.53,24.91,25.57,25.58,25.95,25.69,26.13,25.79,26.69,26.41,26.29,26.09,27.0,26.46,26.69,26.29,26.65,26.58,25.11,24.74,24.73,26.23,25.13,25.31,24.99,25.53,24.62,25.47,25.07,25.14,24.91,25.7,25.21,26.19,24.78,26.39,25.56,26.59,26.13,26.05,26.02,26.49,26.16,26.13,27.0,27.61,26.76,27.37,26.85,25.35,25.93,24.46,25.88,25.09,26.4,25.6,25.35,25.07,26.06,25.15,25.48,25.03,25.67,25.61,25.57,25.72,25.68,25.65,26.34,25.7,26.43,25.7,26.93,26.1,26.27,26.0,26.21,25.97,27.11,25.91,27.21,27.28,26.04,25.03,25.48,25.61,24.98,25.47,24.87,25.57,25.39,25.33,25.6,24.97,25.07,25.68,25.31,25.9,25.19,26.06,25.88,26.16,26.23,27.04,26.46,26.87,26.33,26.62,25.73,26.2,26.59,27.97,27.32,25.79,26.09,25.81,25.49,24.68,25.55,25.85,25.69,24.87,25.48,25.35,25.34,24.81,25.36,25.77,25.99,25.28,25.56,25.93,26.1,26.16,26.41,25.82,26.42,26.29,26.61,26.29,26.53,26.74,27.2,26.95,26.26,27.25,25.28,25.89,24.82,25.56,25.71,26.26,25.26,26.11,25.4,25.68,25.03,25.34,25.09,25.7,25.89,26.18,25.34,26.34,25.88,26.48,25.94,26.42,25.6,26.37,26.33,26.14,25.99,26.97,26.44,26.65,27.53,25.33,26.68,26.07,25.68,25.42,25.63,25.5,26.1,25.73,26.17,25.18,25.31,25.14,25.63,26.08,26.24,26.07,26.06,25.94,26.05,25.64,26.31,25.93,26.74,26.63,26.21,26.2,26.79,26.37,26.49,26.83,27.93,26.2,26.15,26.29,25.15,25.42,25.42,26.11,25.06,26.31,25.47,25.68,25.34,25.19,26.08,26.26,26.45,26.34,26.13,26.48,25.48,25.77,25.6,26.12,25.38,26.43,26.4,27.0,26.32,26.98,26.23,27.47,27.63,25.41,26.91,25.54,25.76,26.0,25.89,25.4,26.51,24.93,25.75,25.33,25.44,25.62,25.78,25.45,26.61,26.31,26.06,25.94,26.1,25.31,26.03,25.74,26.06,26.0,26.67,26.37,26.68,27.95,27.08,26.94,27.87,27.01,26.0,26.09,24.25,26.41,25.29,26.12,25.93,26.54,25.36,25.64,25.84,25.67,25.76,26.23,25.9,26.48,26.05,26.23,25.71,26.05,25.7,26.25,26.48,26.83,26.24,26.87,26.41,27.23,26.83,27.68,26.75,25.63,25.64,25.67,25.44,26.08,25.68,25.58,25.74,25.98,25.7,25.87,25.63,25.01,25.83,25.82,26.0,25.63,25.84,25.46,26.55,26.14,25.88,26.11,26.67,26.05,26.77,26.67,26.59,26.6,27.58,27.61,27.93,27.06,25.49,25.88,25.22,25.74,25.48,25.84,25.68,25.44,25.58,25.79,25.54,25.6,25.32,26.06,25.66,25.78,25.43,26.0,26.21,26.58,25.97,26.31,26.29,26.55,26.15,27.12,26.32,27.59,26.5,27.26,26.98,26.37,26.57,25.37,24.95,26.06,25.88,26.49,25.94,25.67,25.92,25.86,25.96,25.61,25.56,25.56,25.91,26.11,26.33,26.07,26.44,25.9,26.0,26.25,26.67,25.72,26.17,26.27,26.63,27.07,26.95,26.8,27.33,26.43,25.88,26.34,24.8,26.3,26.12,26.65,25.16,26.16,25.5,25.41,25.35,25.93,25.82,25.77,26.23,27.23,26.34,26.65,26.03,26.33,26.36,26.59,26.39,26.54,25.97,26.99,26.18,27.16,25.99,27.91,27.44,25.5,27.62,25.78,25.86,24.98,26.36,25.0,27.06,25.86,26.24,24.53,25.55,25.36,26.21,26.87,27.48,28.37,28.02,26.26,26.49,26.13,26.16,26.65,26.55,25.46,26.14,25.87,27.43,26.54,27.99,27.49,27.88,26.41,25.1,25.76,24.59,25.8,25.3,26.02,26.19,25.16,25.42,25.57,25.19,26.07,25.26,27.79,27.68,28.9,28.51,26.67,26.11,26.67,26.11,26.35,25.99,26.28,25.58,26.1,26.7,26.79,26.36,27.74,27.04,25.68,27.19,25.82,26.32,24.83,25.73,25.47,26.5,25.45,25.3,25.22,25.59,24.71,25.56,27.23,28.48,29.83,30.69,26.05,26.8,25.32,26.18,26.05,26.76,25.66,26.47,25.85,25.58,27.09,27.25,27.68,29.07,26.91,26.05,26.29,26.8,26.17,24.99,25.65,24.82,25.75,25.59,25.89,25.2,26.39,25.37,27.74,28.99,30.77,28.75,27.0,26.58,26.17,25.72,26.75,26.35,26.19,25.85,25.4,25.85,26.62,26.4,28.09,28.47
2020-06-29 16:09:15.2848,0,27.48,28.35,25.07,25.88,24.14,25.15,24.84,26.4,26.24,26.21,26.22,25.44,26.09,26.62,25.99,26.37,26.64,26.68,26.04,26.24,26.68,27.27,26.11,27.49,26.65,26.8,27.2,27.14,28.1,27.39,29.71,28.99,27.31,25.73,26.14,25.49,24.98,24.23,25.15,24.76,25.67,25.74,25.87,25.85,26.04,26.2,26.1,26.05,26.66,26.02,26.49,26.32,25.88,26.35,26.59,26.04,26.41,26.45,26.93,26.93,27.35,27.56,28.15,29.21,26.78,26.38,25.59,26.41,25.31,24.76,25.54,24.95,25.3,25.51,25.5,25.46,26.27,26.07,26.2,25.88,25.89,26.32,25.98,26.25,26.14,25.96,25.6,26.03,26.6,27.33,26.59,27.36,27.11,27.58,28.04,29.76,27.35,26.06,24.52,25.57,25.36,24.72,25.58,25.29,24.69,25.74,24.83,25.49,25.83,25.78,26.11,25.48,25.74,26.44,25.46,26.54,25.93,26.32,25.9,26.8,26.45,26.14,25.67,26.2,26.83,26.22,27.26,28.48,26.94,25.84,25.2,25.34,25.31,25.56,24.31,25.88,25.13,24.92,24.79,25.05,25.39,25.64,25.1,25.46,25.85,25.81,25.91,26.68,26.46,26.15,26.37,26.42,26.0,26.88,26.05,27.09,26.04,26.49,27.03,27.44,26.56,25.76,25.65,25.04,25.88,25.29,25.83,25.45,25.8,24.79,25.6,25.55,25.43,25.39,26.02,25.66,25.71,25.72,26.39,25.92,25.71,25.99,26.69,26.08,26.88,27.0,26.44,27.09,26.53,27.47,26.77,27.81,26.22,25.96,24.7,25.46,25.05,25.89,25.18,26.01,25.59,25.34,25.56,25.11,24.93,24.5,25.74,25.87,25.15,25.4,25.41,26.5,26.56,26.26,25.91,26.58,26.16,26.53,26.46,27.38,27.61,27.08,26.71,27.63,26.82,25.72,25.62,24.65,25.34,26.19,25.67,25.61,25.65,25.76,25.6,25.42,24.97,25.85,25.33,25.64,25.35,25.71,26.43,26.3,26.72,26.47,26.18,27.17,26.26,26.15,26.36,26.96,26.95,26.38,26.91,26.91,26.68,25.47,25.5,25.81,26.14,25.7,25.34,25.71,25.42,25.42,25.8,25.92,25.37,25.13,25.66,26.09,25.86,26.11,26.18,26.29,26.22,26.36,26.47,26.4,26.1,26.27,26.37,26.32,26.64,26.45,26.49,28.14,27.52,26.28,25.89,25.26,24.9,25.88,25.83,25.83,25.7,25.74,25.67,25.94,24.82,25.4,26.38,25.83,25.85,25.89,26.01,26.59,26.2,26.46,26.65,26.8,26.66,26.57,27.11,27.28,26.29,26.24,26.72,27.22,26.91,25.81,25.26,26.19,25.45,25.92,25.73,25.81,25.98,25.93,25.38,25.58,25.63,25.78,26.37,26.04,25.7,26.16,25.88,26.62,26.49,26.55,26.26,26.45,26.86,25.7,27.38,26.25,26.98,27.15,26.54,27.5,26.27,26.2,26.28,24.91,26.06,25.82,26.15,25.97,25.91,25.85,25.52,25.46,25.29,24.86,25.93,26.03,26.68,26.04,25.83,26.02,25.95,26.95,26.65,26.69,26.38,26.57,26.25,26.23,26.93,26.82,26.88,26.63,26.09,26.91,25.86,25.91,25.39,25.23,24.9,25.98,25.64,25.68,26.12,25.24,25.66,25.58,26.04,26.65,26.3,26.3,25.9,26.19,25.68,26.16,26.06,26.97,26.31,26.79,26.43,27.02,27.57,27.15,27.56,28.0,26.78,26.73,25.93,26.13,25.92,26.04,26.34,26.1,25.48,25.81,25.62,25.58,25.43,25.94,26.49,26.41,25.75,26.09,26.26,26.37,25.72,26.33,26.26,26.03,26.55,26.86,26.87,26.94,26.38,26.76,27.71,28.03,27.07,25.26,25.63,26.29,25.97,26.25,25.75,26.16,25.7,25.57,25.57,26.18,25.95,26.21,26.34,26.47,26.08,26.11,26.18,26.15,26.14,26.16,26.18,26.51,26.57,26.79,26.22,27.05,27.48,27.03,27.83,27.6,27.25,26.24,26.02,25.56,25.71,25.92,26.12,26.05,26.14,26.02,26.39,26.07,26.1,26.0,26.47,26.04,26.53,26.19,26.46,26.14,25.89,26.54,26.17,26.83,26.62,26.36,26.72,27.17,26.61,27.07,27.09,27.5,26.61,25.7,25.59,26.3,26.04,26.44,25.82,26.23,25.65,26.04,25.68,25.76,25.84,25.28,26.15,26.34,26.15,25.88,26.28,26.39,26.37,26.42,26.23,26.69,26.74,26.53,27.04,26.69,26.69,27.21,27.85,27.65,26.2,26.44,26.6,25.77,25.84,26.26,25.7,26.17,25.45,25.37,26.03,25.88,25.33,25.55,26.19,25.5,25.92,25.86,26.34,26.54,26.72,26.2,26.44,26.2,26.21,26.63,26.82,27.37,27.39,27.8,26.98,27.57,26.43,26.81,25.61,26.49,25.58,26.12,25.81,26.17,25.91,26.39,25.42,26.3,26.15,25.9,26.92,26.76,26.75,26.47,25.99,26.37,26.56,25.9,26.6,26.56,26.33,26.92,26.22,26.86,27.46,26.88,27.58,28.3,26.28,25.75,25.56,25.87,25.96,26.36,26.09,26.2,25.92,25.74,25.87,26.37,25.42,26.48,26.62,27.19,27.16,26.47,25.83,25.85,26.13,26.05,26.71,26.74,26.15,26.34,26.66,25.98,27.09,26.71,27.78,27.5,26.37,26.87,26.39,25.75,25.69,26.29,26.51,26.32,25.84,25.85,25.62,26.02,26.17,26.45,27.54,28.26,28.17,28.36,26.04,26.15,26.37,26.28,26.51,26.41,25.96,26.38,26.71,27.36,26.78,27.03,27.54,28.52,27.08,25.35,25.44,26.08,25.72,25.54,26.26,26.15,26.7,25.66,25.93,25.56,26.07,26.29,27.58,29.14,28.81,27.74,26.21,26.58,26.43,26.95,26.45,26.49,25.97,26.24,25.42,25.99,27.03,27.3,26.97,27.29,27.66,25.88,26.06,25.98,25.08,25.3,26.33,25.66,25.13,25.53,25.86,25.3,26.22,25.8,29.14,29.91,29.59,28.72,25.66,26.66,26.07,25.76,26.43,26.72,25.9,25.35,25.59,25.99,26.25,27.12,27.92,27.61,27.15,25.83,26.13,26.66,25.72,26.09,26.37,24.91,25.85,25.98,25.32,25.18,26.37,26.75,28.83,30.44,29.81,28.02,26.48,26.56,26.15,26.23,26.43,27.02,26.72,26.71,25.64,26.27,25.76,27.03,27.27,29.06
2020-06-29 16:09:15.4131,0,24.91,25.34,25.22,25.54,25.37,25.22,25.25,24.58,25.51,25.79,25.96,25.04,25.71,26.1,25.61,25.71,25.6,25.38,26.21,25.43,26.71,26.59,25.85,26.45,26.7,27.7,27.1,27.8,26.81,27.85,29.61,26.92,27.21,26.99,26.7,26.23,24.5,24.48,24.02,24.98,25.25,25.04,24.91,26.15,25.93,25.83,25.59,26.07,25.91,25.65,25.7,26.34,26.04,25.68,26.19,25.63,26.76,26.67,26.46,26.64,27.24,26.73,27.61,29.68,26.97,26.03,25.08,26.3,25.88,24.14,24.51,24.38,24.92,25.39,24.99,25.09,25.18,25.71,25.97,25.76,26.25,26.2,25.75,26.01,26.4,25.84,25.63,25.64,26.49,26.78,27.13,26.91,27.0,27.09,27.1,26.14,27.74,26.18,25.57,26.58,25.57,24.28,24.43,25.18,25.12,24.97,24.85,25.25,26.18,25.19,25.77,25.95,26.08,26.1,25.94,26.43,25.81,26.22,25.39,26.95,26.34,25.45,25.88,26.42,26.72,26.11,26.67,27.23,27.25,25.73,25.63,24.52,24.27,25.45,24.77,24.41,25.15,25.06,25.4,24.93,24.73,25.86,25.21,26.01,25.52,25.7,26.69,25.56,26.92,25.92,26.14,25.57,26.69,25.96,25.94,25.91,26.42,27.06,26.52,26.66,26.04,26.44,24.48,24.24,24.71,25.32,24.47,25.07,24.82,25.54,24.91,24.98,24.88,25.39,24.82,25.22,25.28,25.19,25.95,25.7,26.04,25.77,25.64,26.7,26.25,26.63,26.05,26.69,26.42,26.87,26.28,26.89,24.96,26.03,25.09,25.02,25.37,25.78,25.33,25.12,25.12,25.57,25.78,25.44,24.29,24.9,25.42,25.35,24.94,25.48,25.81,25.87,26.24,25.82,25.69,25.88,26.53,26.91,26.22,26.99,27.05,26.02,26.42,26.59,25.41,25.79,24.86,24.86,25.51,25.53,24.92,25.75,25.89,25.2,25.49,24.87,25.16,24.93,25.72,26.13,25.14,25.1,25.42,26.19,26.3,26.36,26.28,26.94,26.5,26.04,26.38,27.13,26.99,26.28,26.28,26.62,26.03,25.53,24.75,25.23,26.03,26.12,25.35,25.6,26.09,25.31,25.59,25.7,25.06,25.31,25.74,25.97,25.55,25.61,25.68,25.59,25.82,26.05,26.14,26.83,26.33,26.16,26.52,25.54,27.1,26.93,27.22,26.47,27.23,26.01,24.69,25.61,25.2,24.71,25.84,24.99,25.81,25.62,25.77,25.83,25.28,24.52,25.43,26.0,26.21,25.12,25.89,25.71,26.47,26.05,26.33,27.12,26.65,26.11,27.0,27.04,26.89,26.13,26.77,27.11,26.8,27.06,26.09,25.31,25.87,26.06,25.74,25.35,25.76,25.71,25.88,24.76,25.32,25.38,25.89,26.02,25.59,25.86,25.87,26.03,26.09,26.43,26.46,26.97,26.97,26.27,26.04,26.27,26.03,26.9,27.24,26.72,26.68,25.92,25.86,25.7,26.33,25.97,25.44,25.74,25.91,25.63,25.3,25.55,25.46,25.59,25.36,26.11,25.75,25.38,25.53,26.2,26.32,25.87,25.92,26.16,27.25,26.69,25.52,26.38,27.37,26.29,26.29,27.17,26.16,26.13,26.2,25.35,25.54,25.37,25.27,25.64,25.32,25.67,25.51,25.33,25.46,26.03,26.48,25.9,26.1,25.63,25.88,25.89,25.67,25.65,26.47,25.51,26.42,27.36,26.45,26.66,26.63,26.61,27.94,27.72,25.81,25.95,25.67,25.87,25.94,25.43,25.75,26.45,26.0,25.7,25.31,25.57,25.32,25.73,26.01,25.93,26.36,25.79,25.6,25.88,26.27,25.83,26.04,26.43,26.77,26.75,26.25,26.58,26.41,26.08,26.78,26.44,25.9,25.66,25.67,26.03,25.73,26.14,25.88,25.46,25.38,25.35,25.46,25.66,25.55,25.81,26.32,26.35,26.62,26.0,26.35,26.32,25.83,26.35,25.96,26.29,26.57,26.79,27.25,26.16,26.94,26.77,27.07,26.82,26.61,25.27,24.83,25.9,26.13,25.29,25.77,25.71,25.38,25.81,26.17,25.96,25.69,25.89,26.17,26.69,26.05,25.8,26.44,26.31,26.18,25.93,25.95,27.04,26.27,26.48,26.1,26.93,26.78,26.82,26.81,27.05,27.23,26.12,25.8,25.72,25.79,26.33,25.58,25.74,25.77,25.71,26.42,25.75,25.53,25.76,26.04,25.83,25.94,25.96,25.98,26.18,26.16,26.31,26.23,26.47,26.75,25.94,26.66,26.85,26.88,27.1,27.57,26.67,25.91,25.45,25.52,25.51,26.42,25.07,25.34,25.94,25.68,25.26,26.02,26.09,25.42,25.64,25.69,26.09,26.0,25.75,25.63,26.33,26.5,26.3,25.67,26.53,26.21,26.16,26.17,26.72,26.69,27.24,27.21,27.98,25.94,25.21,25.5,24.91,26.04,25.72,25.83,25.54,25.92,25.23,25.87,25.53,25.94,25.68,26.1,26.75,26.53,26.05,26.19,26.36,26.03,26.87,25.79,26.44,26.1,26.42,26.54,26.61,26.89,26.45,27.12,27.46,26.37,25.27,25.11,25.44,25.84,25.68,25.31,25.56,25.81,25.87,25.42,26.15,25.52,25.63,26.51,26.67,27.35,26.26,26.24,26.16,26.23,25.94,25.66,26.51,26.41,25.98,26.41,27.18,27.13,26.6,26.95,27.39,25.43,26.76,25.37,24.76,24.95,26.18,25.84,26.35,25.73,25.74,25.99,25.43,24.92,26.11,28.2,28.15,27.63,27.38,26.27,26.15,26.14,26.64,25.64,26.3,26.65,26.13,26.45,25.86,26.67,27.94,28.4,28.01,26.34,25.65,26.63,25.08,26.08,25.12,26.0,25.76,26.07,25.55,25.33,25.94,25.39,26.18,28.14,29.37,28.91,26.97,26.45,26.82,26.67,26.12,25.96,26.38,26.0,25.44,25.77,26.2,26.42,27.37,27.07,27.62,26.57,26.21,25.56,25.87,24.97,25.36,24.97,25.55,25.58,26.25,25.75,25.45,26.24,26.68,30.22,30.04,27.71,27.79,26.18,26.3,25.84,26.57,26.73,26.18,26.23,25.99,25.65,26.05,26.5,26.45,27.11,28.64,26.77,26.45,25.82,26.35,25.95,25.65,25.14,25.91,25.02,25.87,25.34,25.88,26.52,28.02,29.82,29.97,28.13,26.57,25.73,26.19,26.3,25.58,25.63,26.77,26.02,26.45,25.7,26.34,25.84,25.97,27.17,29.29
2020-06-29 16:09:15.5412,0,26.76,27.29,24.58,26.55,23.91,24.17,24.96,25.83,25.86,25.82,26.14,26.07,25.87,26.11,26.04,26.0,26.29,26.05,25.82,26.15,25.75,25.76,25.89,26.79,26.91,26.91,27.53,27.29,27.88,28.84,27.76,29.39,25.83,26.19,25.23,26.11,24.55,23.83,24.57,25.36,25.43,25.22,25.78,26.04,25.54,25.71,26.39,26.22,26.04,26.18,26.52,26.09,25.78,26.26,26.5,26.57,26.79,26.71,27.05,27.07,26.9,27.81,29.2,28.4,25.97,26.62,25.36,26.37,25.09,24.52,24.4,25.32,25.63,25.41,25.93,26.0,25.92,26.08,25.49,25.88,25.54,25.25,26.36,26.87,26.28,25.85,25.92,26.21,26.66,25.91,26.53,27.46,26.52,26.96,27.81,29.17,26.11,24.73,26.4,25.91,25.78,24.81,24.6,26.23,24.59,25.12,24.34,25.76,25.47,25.08,26.11,25.72,25.62,26.33,26.4,25.85,25.57,25.61,25.92,26.44,26.49,26.2,26.85,25.97,26.25,25.63,27.73,26.82,26.71,25.4,25.52,25.28,25.24,25.02,24.8,25.11,24.14,24.69,25.05,25.17,24.84,25.29,25.88,26.22,26.06,25.8,26.02,26.9,26.24,25.68,25.78,26.68,26.44,25.84,26.84,26.4,25.81,26.26,27.2,27.2,25.71,25.73,25.41,24.81,24.74,25.36,24.9,25.62,25.32,24.94,25.13,25.67,24.65,24.62,25.35,25.54,25.48,25.61,25.94,26.24,26.03,25.54,25.87,26.58,26.26,26.25,25.49,26.57,26.61,26.09,26.92,27.99,26.56,25.91,25.64,25.23,25.69,25.38,25.48,25.52,25.49,25.57,25.67,25.66,24.6,24.78,25.41,24.92,25.12,24.85,26.0,26.57,26.12,26.24,25.8,26.92,26.3,26.04,26.64,27.57,26.78,27.32,27.72,27.21,25.84,25.31,24.9,25.06,25.24,25.0,25.44,25.26,25.65,25.09,25.69,25.52,25.14,24.52,25.7,25.72,25.31,25.39,25.7,25.87,25.97,25.83,26.49,26.37,26.14,25.68,26.92,27.01,26.42,26.93,27.88,27.41,25.37,25.41,26.06,25.41,26.05,26.0,25.73,25.23,25.53,25.41,25.26,25.69,25.04,25.09,25.72,25.95,25.54,25.97,26.53,26.05,25.7,26.43,26.35,26.71,26.11,26.39,27.3,27.01,26.7,26.96,26.09,26.52,26.93,25.37,25.66,25.95,26.02,25.13,25.47,25.12,25.13,25.19,25.54,25.0,24.97,25.18,25.59,25.79,25.52,25.67,25.68,26.27,26.06,26.34,26.73,26.58,25.74,26.7,26.62,26.27,26.34,26.46,27.31,28.68,26.86,26.09,25.82,25.65,26.02,25.68,25.38,25.81,25.1,24.95,25.26,25.65,25.5,25.45,25.68,25.81,25.93,25.65,26.03,26.48,26.17,26.02,26.34,27.06,26.52,26.61,26.17,27.17,26.75,26.78,27.44,27.6,25.33,25.8,26.35,25.74,25.43,25.59,25.67,26.09,25.68,25.62,25.78,26.13,24.77,25.29,26.06,25.99,25.54,25.63,26.34,26.08,25.72,26.14,26.11,26.47,26.8,26.8,25.77,26.77,26.97,26.88,26.97,27.06,25.69,25.15,26.08,25.97,25.95,26.01,25.16,25.4,25.74,25.13,25.7,25.8,25.34,25.82,26.18,26.24,25.8,25.6,26.41,25.95,25.84,25.63,26.46,26.43,26.3,26.33,26.96,26.53,26.93,26.34,27.33,26.6,26.03,25.32,26.14,26.64,25.42,25.31,25.39,26.34,25.56,25.9,25.58,25.95,25.01,25.43,26.35,26.18,25.7,25.96,26.03,25.86,25.19,26.0,26.02,26.22,26.43,26.07,26.01,27.1,26.98,26.39,27.47,27.31,26.32,25.71,25.09,25.61,25.75,25.5,25.29,25.81,25.58,25.33,25.75,26.45,25.44,25.5,26.3,26.23,25.95,25.97,26.71,26.01,25.92,25.83,26.16,26.39,26.34,26.9,26.12,27.33,27.25,26.36,26.95,27.87,25.77,25.67,25.93,25.18,25.47,25.04,26.24,25.95,25.15,25.05,25.95,25.95,25.77,25.68,25.95,26.67,26.02,25.88,26.13,26.68,25.36,25.71,26.14,26.6,26.94,26.14,26.36,26.42,26.95,26.99,26.85,26.93,26.74,25.11,25.36,26.22,25.95,25.54,25.71,25.99,25.43,25.48,25.45,26.05,25.32,25.83,25.93,26.2,25.73,25.55,26.64,26.36,26.35,26.09,26.44,26.13,26.52,26.29,26.95,26.73,26.91,26.68,27.28,27.24,26.33,25.68,24.75,26.17,25.6,25.5,25.72,26.19,25.33,25.48,26.01,26.29,25.2,25.83,25.37,25.67,25.68,25.44,26.4,26.12,26.18,26.29,26.53,25.97,26.2,26.4,27.12,27.42,26.13,27.27,26.57,28.03,25.43,25.46,26.22,25.93,25.06,26.02,26.37,26.07,25.45,26.04,26.31,26.18,25.93,25.67,26.29,26.43,26.01,25.83,26.18,26.55,25.38,26.0,26.72,26.56,26.11,26.05,26.84,26.91,26.47,26.64,27.71,27.88,24.88,25.52,26.0,25.81,25.72,25.57,26.52,25.97,25.8,25.87,25.87,26.03,25.72,25.83,27.01,27.28,26.62,26.15,26.44,26.15,26.43,26.59,26.01,26.75,25.66,26.5,26.85,26.92,26.07,26.17,28.27,28.59,25.52,25.65,25.98,25.16,25.31,25.91,25.58,25.95,25.74,25.74,25.76,25.55,26.06,26.32,28.52,28.69,27.19,26.06,25.93,26.83,26.26,25.81,26.54,26.55,26.66,26.27,26.33,26.97,26.56,27.13,28.09,28.28,26.41,24.71,25.94,24.78,25.32,25.31,26.45,26.63,25.81,25.69,25.7,25.94,25.49,26.86,29.01,29.14,27.14,26.07,26.32,26.0,26.08,26.49,26.47,26.14,25.6,25.46,26.1,25.76,26.96,26.55,27.14,27.06,26.94,26.52,26.03,25.93,24.85,25.73,25.48,26.2,25.46,26.13,25.1,25.98,27.26,28.03,30.46,30.86,26.03,26.24,26.56,26.55,26.49,26.32,26.75,26.62,25.38,26.17,25.04,26.09,26.92,26.51,26.27,27.37,27.46,26.32,25.48,25.44,25.48,24.67,26.13,26.26,25.32,25.61,25.62,25.76,27.67,28.77,30.66,29.61,26.41,25.47,26.24,25.81,26.17,26.27,26.2,26.51,26.04,26.18,24.9,25.87,26.07,26.04,27.02,28.5
2020-06-29 16:09:15.6693,0,26.87,24.93,25.21,25.1,24.4,24.31,25.42,25.28,25.65,25.05,25.51,26.06,25.7,25.84,25.87,26.14,26.13,26.06,25.92,26.14,26.42,25.89,25.84,26.93,27.34,26.2,25.97,26.86,27.03,26.73,26.14,28.28,26.82,26.64,25.82,26.22,24.33,23.75,24.88,25.13,25.86,25.62,25.77,25.87,25.81,26.08,26.26,25.93,26.31,25.9,26.38,26.2,26.19,26.37,27.36,25.77,26.77,26.82,26.83,25.72,27.87,26.96,27.63,29.09,25.79,25.31,25.07,26.12,25.03,24.49,24.66,25.15,24.77,25.54,25.25,25.87,25.42,25.6,25.23,25.78,25.77,26.22,25.86,26.39,26.14,25.73,25.89,26.48,25.76,26.5,26.64,27.09,26.63,26.15,26.81,28.28,27.26,25.06,25.96,25.64,24.94,24.92,24.6,25.46,25.13,25.62,25.5,25.24,25.49,25.3,26.01,25.48,25.75,26.09,25.83,25.83,26.06,25.84,26.32,25.88,26.07,26.45,25.89,26.73,26.22,26.29,27.4,26.92,25.12,25.74,24.71,25.77,25.19,25.31,24.9,25.1,25.14,25.7,25.27,25.06,25.16,25.42,26.1,25.91,25.84,25.6,26.13,26.58,26.12,26.04,26.13,26.45,26.02,25.7,26.81,26.39,26.25,25.55,26.1,27.12,25.85,26.03,26.6,25.44,24.12,25.46,25.32,25.2,24.83,25.04,25.15,25.55,25.0,25.27,25.7,25.43,25.61,25.82,26.07,25.91,26.5,25.42,26.48,26.2,25.36,26.75,26.77,26.38,26.75,25.7,27.06,27.29,27.05,25.49,25.25,25.04,25.22,25.09,25.46,25.39,25.23,25.47,24.89,25.12,24.6,25.22,25.52,25.56,25.53,24.99,25.7,26.19,26.34,26.05,26.13,26.24,25.68,26.55,26.35,26.72,27.19,26.04,26.23,27.16,26.17,26.33,26.01,25.17,24.95,25.66,25.83,25.36,25.55,25.3,25.61,25.63,24.36,25.53,25.53,25.83,24.96,25.39,26.03,25.88,26.1,26.35,26.73,26.59,26.27,26.28,27.05,26.84,26.55,26.11,26.81,26.97,26.2,26.24,25.54,25.4,26.16,25.07,25.47,25.85,25.97,25.76,25.9,25.2,25.25,25.52,25.44,25.7,25.83,26.0,26.06,26.67,25.71,25.86,26.98,26.62,26.44,26.41,26.64,27.14,25.94,26.06,26.54,27.35,26.01,26.34,25.95,25.45,25.48,25.63,26.22,25.35,25.49,25.72,26.4,25.31,24.62,25.28,26.09,25.99,25.65,25.77,26.0,25.9,25.71,26.24,26.76,26.58,26.33,26.45,26.88,26.24,25.91,27.0,27.12,27.44,26.26,25.71,25.3,25.48,25.46,25.04,25.01,25.71,25.31,25.93,25.06,25.38,25.51,25.21,25.42,26.03,26.13,25.96,25.77,26.51,26.57,26.15,25.83,26.34,26.3,26.74,26.4,26.54,26.3,26.35,26.58,27.07,25.12,25.57,26.34,25.69,25.56,25.31,25.93,25.61,25.92,25.62,25.91,25.44,25.19,25.02,25.83,26.19,26.22,26.29,26.47,26.38,26.23,25.86,26.34,26.78,26.61,25.88,27.25,26.62,27.11,26.98,27.1,26.18,26.49,26.14,25.43,25.81,26.18,25.51,25.5,25.65,25.41,25.37,25.6,26.03,25.54,25.38,26.38,26.64,26.0,26.1,26.15,26.18,25.76,25.96,26.46,26.15,26.41,26.35,26.94,26.8,26.76,27.19,27.11,27.4,25.66,25.77,25.53,26.01,25.17,25.67,25.53,25.75,25.48,25.9,25.12,25.36,25.42,25.72,26.39,26.11,26.1,26.06,26.16,25.97,25.23,26.4,26.67,26.42,26.45,26.74,27.26,26.95,27.25,27.2,27.93,27.25,25.89,26.37,25.82,25.45,25.72,25.77,25.75,25.47,26.01,25.36,25.35,25.77,25.45,25.54,25.48,26.37,26.33,25.36,25.87,26.33,25.73,25.96,26.27,26.84,26.23,25.76,26.61,26.82,27.36,27.07,27.06,27.34,25.92,25.78,26.08,25.44,24.94,25.41,25.9,25.7,25.93,25.59,25.78,26.36,25.03,26.17,26.18,26.68,26.15,26.07,26.83,26.11,26.48,25.92,26.38,26.92,26.06,26.01,26.62,26.92,26.8,26.52,27.32,26.87,25.75,25.42,25.31,25.58,26.61,25.94,25.82,26.0,25.42,25.83,26.09,25.45,25.72,25.47,25.54,25.94,25.55,25.19,25.77,26.79,26.25,25.91,26.44,26.04,26.74,26.07,26.26,25.91,27.01,26.66,27.39,27.55,26.47,25.43,25.7,26.12,25.6,25.74,25.85,25.18,25.69,25.92,25.39,25.55,25.23,25.33,25.99,25.78,25.72,26.03,26.43,26.32,26.1,26.49,26.99,26.96,25.99,26.39,26.85,26.85,25.97,28.13,27.23,27.27,26.3,24.67,25.32,25.58,26.03,26.02,25.95,25.81,26.26,25.36,25.41,25.98,26.25,25.06,26.29,26.76,25.71,25.86,26.39,26.37,25.8,26.13,26.82,26.57,26.83,26.31,25.96,26.76,26.73,26.47,26.74,27.66,25.42,26.19,25.12,25.09,25.28,26.24,26.52,25.94,25.7,25.86,25.89,25.69,25.75,26.47,27.75,26.87,26.55,26.46,25.84,26.25,25.92,26.26,26.61,26.98,26.55,26.74,26.7,26.15,26.05,26.59,27.69,27.76,26.46,25.79,25.17,25.48,25.89,25.74,25.55,26.37,26.36,25.37,26.1,25.92,26.39,26.9,28.2,28.27,26.96,26.19,26.15,26.51,26.48,25.94,26.64,26.44,26.9,25.73,26.14,26.5,26.83,26.58,27.03,28.03,26.35,26.24,25.54,25.96,25.62,25.42,25.88,26.17,25.56,25.8,25.83,26.05,26.55,27.42,29.47,28.69,26.83,26.29,26.69,26.23,25.74,25.87,26.87,25.99,25.47,25.56,26.55,26.82,26.43,26.48,27.69,26.74,26.55,26.23,25.35,25.49,24.61,24.87,25.9,25.57,25.43,26.12,25.21,25.99,27.99,29.14,29.74,29.57,26.5,25.9,25.79,26.06,26.08,26.06,25.21,26.48,25.34,25.1,25.64,25.38,26.67,26.09,27.1,28.09,24.82,26.67,26.44,25.94,24.58,25.8,25.79,25.42,25.75,25.71,26.71,26.81,28.44,30.59,30.43,28.25,26.43,25.32,25.88,26.05,25.66,26.11,26.62,26.9,26.33,26.28,25.55,26.32,26.22,26.53,29.57,27.95
2020-06-29 16:09:15.7975,0,28.83,25.32,25.22,26.22,25.0,24.84,24.74,24.75,25.51,25.79,25.82,25.75,26.13,26.23,26.3,26.25,26.28,25.51,25.94,25.85,26.3,26.02,26.93,26.29,27.03,27.36,26.92,26.26,27.29,26.98,29.04,30.18,25.13,29.34,25.57,24.97,24.67,24.84,24.01,24.49,25.99,25.93,25.61,26.16,26.32,26.1,25.85,25.94,26.42,25.66,26.1,26.48,25.76,25.55,26.47,25.94,27.22,27.0,26.63,26.47,27.23,28.4,27.15,27.97,25.8,26.26,25.69,26.49,25.38,24.8,24.52,25.89,25.89,25.79,25.53,24.95,25.56,25.46,25.97,26.24,26.02,25.96,25.63,25.76,27.02,25.71,26.31,25.5,26.36,26.62,25.52,26.74,26.47,26.7,27.38,27.54,26.73,26.4,24.98,25.28,25.08,24.45,25.17,24.75,24.98,25.77,24.84,25.51,25.0,25.2,25.64,26.08,26.31,26.22,25.46,26.56,26.17,25.98,25.91,26.3,25.77,26.9,25.71,27.08,26.02,26.49,24.97,28.1,26.2,26.32,25.28,25.22,25.51,25.29,25.63,25.08,25.54,24.93,25.17,25.28,25.18,25.07,25.55,25.78,26.29,25.91,25.7,25.55,26.36,26.03,26.39,26.18,25.9,25.68,25.66,26.82,26.42,26.21,26.12,27.54,26.44,25.85,25.35,24.59,24.7,24.74,24.74,25.21,25.18,25.91,24.9,25.45,24.55,25.83,24.92,25.12,26.44,25.62,25.62,26.47,26.14,26.34,26.22,25.86,26.76,26.11,25.75,26.84,26.57,27.2,27.61,27.91,26.12,25.28,25.27,24.69,25.96,25.91,25.21,26.02,25.85,25.11,25.24,24.99,24.72,25.31,25.53,25.14,25.75,25.58,26.02,25.96,26.25,26.24,26.04,26.81,26.66,26.28,25.96,27.12,26.9,27.12,27.32,25.83,26.14,25.61,25.34,24.86,25.5,25.54,25.56,25.12,25.77,25.66,25.16,25.32,25.26,25.75,25.91,25.24,25.53,25.71,25.72,26.4,26.19,26.78,25.95,26.15,27.08,26.91,26.77,26.58,26.38,27.05,26.62,27.17,26.75,25.52,25.87,24.75,25.36,25.45,25.11,25.35,25.54,25.52,25.38,24.86,25.55,25.4,25.26,25.49,25.47,25.61,25.88,25.68,25.73,26.14,26.47,26.39,26.46,26.27,26.91,26.46,26.96,26.19,26.38,26.12,27.57,26.86,24.99,24.54,25.46,25.38,25.34,25.36,25.25,25.52,25.55,25.84,24.89,25.4,25.42,26.1,25.64,25.98,26.08,26.01,26.08,26.46,26.22,26.17,26.65,26.35,26.49,26.65,26.17,27.16,26.93,26.95,26.98,26.88,25.16,26.07,26.4,25.41,25.74,25.81,25.77,25.39,25.08,25.36,25.33,25.19,25.34,26.1,25.96,25.76,25.69,25.54,26.48,26.04,26.67,26.54,26.76,26.73,26.17,26.52,26.74,26.61,27.4,27.55,25.8,26.1,25.7,25.41,25.41,25.72,25.67,25.98,25.58,25.53,25.69,25.66,25.65,25.32,25.72,25.37,25.93,25.94,25.52,26.86,26.22,26.46,26.02,26.38,26.26,26.81,26.75,26.64,27.63,26.86,26.12,26.85,26.34,26.12,25.75,25.05,25.94,25.87,25.76,25.4,25.86,25.87,25.52,25.72,25.28,25.75,25.84,26.35,26.38,25.9,26.16,26.07,26.16,26.04,26.68,26.65,26.65,26.78,26.95,26.14,27.19,26.74,27.62,27.05,26.15,26.8,26.11,25.73,25.41,25.31,25.87,25.19,25.79,26.23,25.7,25.58,25.22,25.84,25.73,26.31,25.9,26.17,26.14,25.8,26.17,25.83,26.34,26.23,25.99,26.87,26.25,27.09,27.23,27.5,26.77,27.6,26.97,26.69,25.37,26.17,25.74,25.88,25.05,26.04,25.81,25.34,25.36,25.96,25.46,25.99,26.05,26.26,26.35,26.18,25.88,26.12,25.84,25.94,25.66,26.07,26.58,25.86,26.12,26.67,27.94,27.2,26.74,26.98,26.25,26.14,25.13,26.21,25.86,26.07,25.16,25.6,25.59,25.82,26.06,25.77,25.5,25.71,25.69,26.41,26.32,26.0,26.25,26.7,26.27,26.34,25.74,26.19,26.83,26.61,26.35,26.54,27.35,26.97,27.13,27.06,26.14,24.51,25.49,25.4,26.62,26.32,26.09,25.49,25.32,25.27,25.68,25.75,25.64,25.95,26.34,25.92,26.24,25.76,26.18,26.17,26.67,26.51,26.13,26.46,26.64,26.17,27.2,26.02,27.18,26.79,27.23,26.66,26.63,26.16,25.03,26.3,26.41,25.22,25.33,26.56,26.01,25.38,25.7,25.78,25.31,25.55,25.98,25.99,25.51,26.34,25.52,26.14,26.5,26.41,26.54,26.54,26.32,26.4,26.97,26.73,26.83,27.55,27.72,27.47,25.94,25.58,25.5,25.72,26.19,25.71,25.71,25.53,26.04,26.04,25.54,25.85,25.84,26.1,26.51,26.64,26.14,25.94,25.68,25.94,26.03,26.54,26.03,26.32,27.09,26.67,26.4,26.74,27.21,26.44,27.3,28.37,26.55,25.08,25.44,24.61,25.98,25.97,26.1,26.09,26.04,26.23,25.98,25.93,26.05,27.33,27.33,27.91,25.81,25.85,25.82,26.06,26.34,26.82,26.36,26.64,26.66,26.63,26.11,27.47,26.97,27.86,28.02,28.15,27.09,24.97,25.92,25.45,25.59,25.71,25.56,26.21,25.87,26.11,25.76,25.3,27.86,27.54,28.43,27.37,26.1,25.51,25.83,26.49,25.92,26.16,26.53,25.66,26.39,25.85,26.9,27.24,27.83,27.08,27.04,27.39,25.68,26.66,25.69,25.44,25.76,25.91,26.0,26.19,25.93,26.59,25.08,26.31,26.99,28.44,28.68,28.15,26.48,26.53,26.21,26.94,26.43,26.37,26.08,26.26,25.85,25.44,26.07,26.84,27.07,27.2,27.06,27.62,26.33,26.64,25.76,25.27,25.65,24.85,26.23,26.16,26.28,25.83,26.16,26.1,29.49,29.85,29.52,28.36,26.15,25.76,25.43,26.42,25.97,26.17,26.19,26.03,26.09,25.98,25.16,25.52,26.51,26.81,27.82,28.06,27.03,27.17,25.2,25.96,25.42,25.65,26.56,26.07,26.01,26.3,26.55,28.02,30.05,30.6,29.57,27.27,26.04,25.34,25.72,25.55,25.64,26.53,25.34,26.49,25.41,25.69,25.19,26.17,26.38,26.74,29.01,26.98
2020-06-29 16:09:15.9256,0,26.27,27.31,25.1,26.34,24.3,24.56,24.96,25.5,26.17,25.84,25.55,25.8,26.14,26.13,25.9,25.47,26.42,26.2,25.81,26.17,25.89,26.34,26.19,26.5,26.43,27.09,26.61,26.54,27.4,28.02,27.77,25.44,26.68,26.53,25.02,26.32,24.39,23.28,24.93,24.36,25.74,25.07,25.37,26.04,25.69,26.11,25.62,25.82,25.42,25.79,25.6,26.49,25.25,26.53,25.64,25.67,26.19,27.36,27.25,26.89,25.88,26.61,28.8,30.11,25.68,25.68,24.56,26.77,24.92,24.2,24.39,25.18,25.49,24.88,24.61,25.76,25.19,25.97,25.73,25.78,25.9,25.86,25.51,26.15,26.53,25.99,25.38,25.81,26.38,26.23,25.88,25.96,25.81,27.36,25.86,28.5,26.13,25.17,25.07,25.72,25.63,25.13,24.47,24.92,25.28,24.59,25.12,24.88,25.37,25.2,26.13,25.61,25.98,25.52,25.83,25.96,24.98,26.22,25.68,25.64,25.95,26.34,25.77,25.64,27.47,26.54,27.52,27.4,26.29,26.02,24.97,25.3,25.7,25.49,25.08,24.98,25.16,25.33,25.05,25.18,25.5,25.19,25.54,25.57,25.62,25.92,26.46,25.79,25.89,25.7,26.02,25.83,26.44,25.58,25.68,25.65,26.3,26.11,26.2,27.44,25.12,25.73,25.08,24.64,24.91,25.21,24.78,24.95,24.71,25.3,25.38,24.98,25.32,25.05,25.15,25.21,25.49,25.18,25.95,25.8,25.82,26.44,26.12,26.1,26.14,26.51,25.65,26.72,26.47,27.24,26.55,27.18,26.18,24.99,24.81,24.75,24.96,25.11,24.56,25.14,25.84,24.89,25.01,25.12,24.91,24.17,25.1,25.55,25.32,25.48,26.3,25.97,26.34,26.25,26.14,26.48,26.05,25.93,26.37,26.74,26.78,26.39,26.48,26.48,25.86,25.12,25.4,24.58,24.54,25.82,25.84,24.74,25.78,25.53,25.27,25.19,25.06,25.02,25.71,25.32,25.62,25.29,25.91,26.18,25.67,26.03,26.5,26.49,26.39,26.17,26.54,26.59,26.28,26.62,26.17,27.41,26.09,25.07,25.27,25.27,25.37,25.62,25.24,25.37,25.19,25.53,25.37,25.7,25.24,24.91,25.33,26.25,25.44,25.6,25.95,25.58,25.7,26.24,26.77,26.51,26.33,25.81,26.4,25.7,26.41,25.94,27.27,27.4,26.94,25.89,25.36,25.18,24.82,25.12,25.24,24.39,25.81,25.62,25.56,25.2,24.7,24.79,25.41,26.17,25.72,25.76,26.07,25.79,26.27,26.43,26.44,26.58,26.66,26.34,27.27,26.4,26.36,26.6,26.67,27.84,26.33,26.27,25.03,25.66,25.35,25.31,25.38,25.36,25.64,25.71,25.66,25.46,25.01,25.47,25.77,25.73,25.38,25.48,25.56,26.02,26.07,26.52,26.24,26.23,26.41,26.74,26.3,26.42,26.75,26.65,26.47,27.78,25.35,25.8,25.91,24.98,25.18,25.2,25.69,25.86,25.37,25.41,25.59,25.54,25.26,25.38,26.44,26.17,26.28,25.72,26.07,26.08,26.02,26.53,26.12,26.57,26.38,25.66,26.77,26.39,26.71,27.02,26.66,27.06,26.04,26.36,25.48,25.84,25.17,25.52,25.15,25.42,25.95,25.35,25.29,25.62,25.34,25.55,25.9,26.43,25.8,26.08,25.95,25.87,26.23,25.55,25.94,26.03,26.08,26.12,26.21,26.55,26.38,26.5,27.33,27.45,25.7,26.17,25.11,25.9,25.96,25.56,25.53,25.88,25.58,25.48,25.3,25.25,24.83,25.24,26.18,26.27,25.8,25.68,25.95,25.58,25.79,25.81,25.73,26.01,26.66,26.29,25.9,26.84,27.41,27.23,26.18,26.82,26.14,26.59,25.4,25.92,26.15,25.9,25.05,25.94,25.9,25.35,25.54,26.06,25.24,25.23,25.74,26.62,26.31,25.89,26.14,26.31,25.52,26.44,26.16,25.97,26.34,26.8,26.38,27.09,27.81,27.24,27.44,27.55,25.79,26.02,25.49,25.33,26.29,25.95,25.66,25.71,25.7,25.26,26.07,25.64,25.2,25.68,26.34,26.1,25.85,26.06,26.43,26.29,25.77,25.81,26.16,25.85,26.17,25.9,26.5,26.29,26.53,27.42,27.36,27.27,25.83,25.66,25.2,25.77,26.22,26.09,25.34,25.14,25.99,25.27,25.34,26.07,25.61,25.35,25.83,25.72,26.02,25.85,26.16,26.07,25.94,26.0,25.68,26.14,26.63,26.43,26.28,26.88,26.91,26.99,27.45,26.56,26.35,26.22,25.58,25.86,25.62,25.5,25.36,25.94,25.23,25.81,25.7,26.08,25.11,25.02,26.37,25.47,25.4,25.63,26.21,26.02,26.29,25.87,25.89,26.63,25.4,26.28,26.6,26.88,26.73,27.58,26.76,27.34,26.39,25.1,24.71,25.94,26.36,26.18,25.05,26.6,25.68,25.71,25.42,25.64,25.82,25.37,26.8,26.65,25.71,26.04,25.87,25.84,25.8,26.12,26.14,26.57,25.98,26.44,25.99,25.92,26.77,26.03,27.18,27.53,25.29,24.77,25.51,25.15,25.01,26.28,25.74,26.23,25.7,25.75,26.11,26.14,25.73,27.2,27.13,26.97,25.51,26.45,26.45,25.62,25.91,26.26,25.55,26.16,25.81,26.5,26.3,26.63,26.4,26.95,27.56,27.65,26.56,26.06,25.25,25.7,25.93,25.31,25.72,26.25,25.61,25.38,25.27,25.8,27.4,27.77,28.52,27.27,26.64,24.96,25.81,25.93,26.26,26.77,26.79,26.19,26.4,25.88,26.33,26.22,26.72,26.29,27.9,28.1,27.07,26.53,25.41,25.32,24.86,25.31,26.04,25.64,25.17,26.21,25.83,26.3,28.02,28.76,28.8,28.36,25.59,26.18,25.99,25.88,25.98,26.0,26.87,26.01,25.34,25.6,25.36,26.4,26.31,26.55,28.36,27.28,26.45,26.32,26.03,25.56,25.36,25.25,24.85,26.21,26.3,25.59,26.56,27.17,30.59,30.7,28.8,27.17,26.27,26.14,25.31,26.32,25.98,25.8,25.93,25.5,25.67,25.43,25.37,25.94,26.74,27.09,27.22,27.96,25.25,25.6,26.51,25.64,25.5,25.35,25.67,25.94,25.06,26.03,27.53,28.55,29.7,30.48,27.76,26.4,25.81,25.84,25.62,26.46,25.8,25.46,26.21,26.65,25.91,26.48,25.25,26.39,25.36,27.19,28.12,27.84
2020-06-29 16:09:16.0544,0,27.35,27.85,25.98,25.55,25.36,24.49,25.41,25.45,26.89,25.8,25.8,26.05,26.11,26.1,26.41,25.99,26.26,26.18,26.47,26.0,26.14,25.88,26.14,26.92,27.18,27.03,27.45,27.04,27.03,28.7,29.58,27.59,27.62,28.98,26.26,26.01,24.5,25.53,25.55,25.13,25.86,26.35,25.91,25.73,25.0,26.47,25.99,25.66,25.66,26.79,25.98,26.2,26.31,25.95,27.5,26.97,27.38,27.14,28.24,26.26,27.03,27.43,30.21,32.44,25.78,26.99,25.47,25.92,25.36,25.31,24.81,25.14,25.87,25.26,25.64,25.48,25.9,26.32,26.68,26.25,25.65,26.33,26.22,26.14,26.63,26.6,26.7,26.34,26.48,26.49,26.47,26.75,26.98,27.1,26.52,28.62,26.0,26.6,25.76,25.64,25.74,25.56,24.88,25.75,25.39,25.75,25.62,25.74,24.89,25.54,26.24,25.59,26.32,26.66,25.36,26.18,25.82,26.69,26.71,26.41,26.62,26.45,26.36,26.57,26.73,27.19,26.92,26.63,26.18,26.53,25.26,25.41,25.34,25.75,25.61,24.69,25.14,25.07,25.03,25.65,25.6,25.53,25.54,26.23,26.05,26.36,26.01,26.58,26.69,26.15,26.25,25.45,26.41,27.05,26.66,26.53,26.89,26.39,26.9,27.34,26.05,25.64,25.89,24.74,25.62,25.9,25.86,25.06,25.81,25.4,25.72,25.2,25.0,25.37,25.59,26.07,26.34,26.45,26.28,26.12,26.27,26.54,26.35,26.32,26.38,25.96,26.48,27.56,26.9,26.69,27.81,28.49,26.86,25.11,26.08,25.03,25.79,25.09,25.32,26.29,25.95,25.81,25.55,25.34,25.01,25.52,25.62,25.76,25.33,25.69,25.9,26.18,26.55,26.15,26.36,26.93,26.16,26.42,26.88,26.71,27.49,27.6,27.83,27.16,25.6,25.96,25.68,25.48,24.8,25.79,25.31,25.36,25.66,25.75,25.39,25.3,24.76,25.43,26.13,25.82,25.14,25.89,26.03,25.77,26.09,26.97,26.39,26.7,26.62,26.65,27.3,26.7,26.99,26.88,26.8,27.69,26.91,26.06,25.38,26.01,25.61,26.0,25.47,25.48,25.86,25.86,25.47,25.71,25.53,25.22,25.53,25.88,26.21,26.0,25.57,25.89,26.3,26.75,26.13,26.62,26.67,26.4,26.76,26.48,26.8,27.09,27.04,27.35,27.58,26.16,26.1,25.75,25.07,26.41,25.48,26.19,25.48,26.04,25.67,25.61,24.71,25.28,25.99,26.37,25.27,25.58,25.9,26.56,26.09,26.83,26.34,26.47,26.32,26.45,26.88,26.76,26.33,27.14,26.61,27.61,26.61,26.05,26.08,25.77,25.72,25.42,25.96,25.59,25.53,25.71,25.46,25.37,25.7,25.2,25.88,26.3,25.85,25.96,26.32,26.6,26.18,26.54,26.55,26.23,26.63,26.39,26.65,26.28,27.41,27.47,27.39,26.9,25.99,26.75,25.4,25.84,25.55,25.95,25.8,25.49,25.81,25.51,25.61,25.74,25.37,25.67,26.01,26.55,25.76,25.83,26.19,26.28,26.51,26.82,26.23,26.25,26.82,26.79,26.14,26.87,27.24,27.4,27.9,27.81,26.83,26.64,26.49,26.4,25.92,25.63,25.86,26.22,26.37,25.98,25.6,25.73,25.73,25.94,26.38,25.81,26.82,25.73,26.24,26.45,25.85,25.76,26.66,26.24,26.63,26.57,26.56,26.91,27.45,27.04,27.27,27.89,25.99,27.95,26.13,26.3,25.68,26.04,25.16,25.75,25.48,25.79,25.71,25.56,25.32,26.38,26.47,26.83,25.64,26.15,26.43,26.24,25.9,26.11,26.35,26.73,26.56,26.85,27.25,27.2,26.83,27.48,27.28,27.91,25.89,26.53,25.5,25.29,26.39,26.53,25.39,26.29,25.9,25.56,26.05,25.97,25.44,25.44,26.31,26.45,26.23,25.82,26.72,26.7,26.12,25.95,26.47,26.4,26.79,26.56,26.23,26.94,27.64,27.21,27.55,27.33,25.73,27.66,25.91,25.74,26.67,25.53,25.77,25.81,25.7,25.69,26.08,25.44,25.7,26.16,26.36,26.39,25.96,25.51,26.07,26.59,26.38,26.12,26.17,26.38,27.07,26.82,26.49,26.52,26.93,27.38,27.31,27.2,26.67,26.3,25.15,26.65,26.05,26.07,25.19,25.75,25.98,25.83,25.77,26.28,25.92,25.86,25.93,25.84,26.12,26.25,26.36,26.28,26.76,26.11,26.44,26.58,26.62,26.78,26.65,26.99,27.16,27.26,27.21,27.02,26.65,25.43,25.53,25.96,25.73,26.54,26.22,26.3,25.68,26.24,25.28,25.76,25.63,25.83,25.89,25.58,26.1,26.13,25.93,26.42,26.51,26.29,26.55,26.41,26.33,27.11,26.85,27.25,27.28,27.23,27.91,27.62,26.87,25.96,25.65,25.57,26.03,26.29,26.08,26.45,25.79,26.28,26.08,26.08,26.24,26.73,27.1,26.86,26.52,26.36,26.07,26.05,26.55,26.12,26.47,26.57,26.83,26.18,26.52,26.04,27.49,26.61,28.35,27.83,26.76,25.06,25.63,26.57,25.71,25.81,26.65,25.81,25.93,26.45,25.99,26.58,26.06,27.41,27.75,27.59,26.34,26.04,26.14,26.15,26.24,26.25,26.48,26.5,26.17,26.99,26.55,26.58,26.83,26.9,28.04,28.13,27.28,25.58,26.08,26.51,26.19,26.03,26.67,26.22,25.33,25.99,25.38,26.15,28.06,28.1,28.95,27.82,26.63,25.85,26.48,26.5,26.36,26.53,26.89,26.93,26.77,26.0,26.73,26.8,26.82,26.92,28.0,29.02,27.19,26.23,25.71,25.6,25.77,25.88,26.15,26.74,26.47,26.44,25.95,27.13,28.24,29.53,29.68,28.13,26.16,26.28,25.88,26.69,26.44,26.23,26.35,26.62,25.73,26.25,27.15,26.81,27.09,27.7,27.88,27.38,27.05,26.44,26.34,26.65,24.61,25.86,25.9,26.33,26.12,26.39,28.24,28.7,30.33,31.17,28.42,27.28,26.49,26.01,26.04,25.93,26.34,26.31,25.48,27.32,26.07,25.85,24.81,26.39,26.49,26.83,28.97,28.08,25.94,26.66,26.43,26.14,25.62,26.14,25.46,25.57,25.74,27.54,28.57,30.09,30.18,30.71,27.99,26.25,26.42,25.94,26.12,26.18,26.82,26.77,25.49,27.04,26.47,26.74,24.7,26.14,27.12,27.48,27.71,27.94
2020-06-29 16:09:16.1825,0,27.38,27.81,25.23,25.53,24.04,25.21,25.09,26.1,24.89,26.08,25.97,26.47,25.44,26.63,26.03,26.11,26.28,26.16,25.8,26.4,26.3,25.87,25.4,26.44,26.39,26.68,26.55,28.35,26.58,28.96,24.99,28.85,28.79,25.29,27.79,25.4,25.03,24.32,25.19,25.32,25.84,25.64,25.46,26.3,26.71,25.17,26.1,25.82,26.28,25.66,26.09,26.36,27.24,25.55,26.9,26.85,27.37,27.0,26.98,26.47,27.84,26.75,29.32,29.12,25.81,26.49,26.29,26.67,24.71,24.63,24.68,24.97,24.79,25.38,24.74,25.33,25.68,26.18,25.98,25.51,25.67,26.19,25.88,25.88,26.16,26.46,25.23,26.05,25.64,26.17,26.34,26.56,25.94,26.89,26.83,29.63,26.72,25.97,25.16,25.48,26.05,25.27,25.16,25.34,25.64,25.11,25.22,25.89,26.05,25.8,26.45,25.62,26.88,25.88,26.28,25.85,26.88,25.49,26.56,26.7,27.43,26.04,25.86,26.43,27.39,25.57,26.89,28.1,26.21,25.51,24.74,25.57,24.59,26.19,24.64,25.35,24.78,24.92,25.65,26.1,24.74,25.4,25.34,25.67,25.64,26.02,26.04,25.77,25.68,26.25,26.4,26.3,25.9,26.09,25.95,26.36,26.27,27.04,26.12,27.31,26.43,25.27,24.82,25.46,26.05,25.19,24.87,25.62,25.92,24.94,25.36,25.8,25.2,25.51,25.57,25.88,26.22,25.63,25.94,26.15,26.81,25.78,26.45,25.62,26.75,26.38,26.6,26.7,27.04,26.38,27.22,27.51,25.93,25.83,24.94,25.5,24.95,25.77,25.48,25.88,25.61,25.79,25.58,25.32,24.51,25.3,25.64,25.54,25.05,25.37,26.02,25.96,26.04,26.35,26.38,26.57,26.3,27.02,26.5,26.97,25.52,26.8,26.79,26.76,26.88,25.8,25.17,24.71,26.34,25.13,25.68,25.38,25.76,24.76,25.37,25.54,25.15,25.25,25.51,25.65,25.81,25.71,26.01,26.3,26.7,26.47,26.6,26.5,26.96,25.44,26.63,27.14,26.83,26.44,27.48,26.99,25.32,25.86,25.87,25.52,25.23,25.71,25.74,25.1,25.43,25.52,25.49,25.79,24.98,25.11,25.84,26.06,25.66,25.51,25.98,26.07,25.83,26.64,26.37,26.93,26.35,26.74,26.91,26.59,26.68,26.92,26.56,27.32,27.04,26.02,26.23,25.32,26.26,24.99,25.46,25.73,25.69,25.75,25.24,25.64,25.27,25.02,25.98,26.11,26.38,26.17,26.07,25.92,26.07,26.26,26.32,26.17,26.64,26.59,26.73,26.66,26.17,26.88,26.92,27.46,26.11,26.71,26.1,25.91,25.62,26.18,25.99,26.04,24.9,25.7,25.09,25.66,24.95,25.28,25.53,26.01,25.69,26.31,25.79,26.21,26.2,26.62,26.26,26.96,25.88,26.49,26.43,26.26,26.18,26.75,26.92,26.88,27.36,25.93,25.84,25.26,26.06,25.72,25.67,25.4,26.22,25.43,25.89,25.17,25.64,24.85,26.54,26.21,26.47,25.94,26.26,25.93,26.4,26.75,26.01,26.28,26.91,26.58,26.86,26.39,27.9,26.3,27.4,27.51,26.17,26.79,25.45,26.38,24.64,25.74,25.28,25.98,25.33,25.86,25.72,25.71,25.47,26.21,26.12,26.16,25.65,26.54,26.35,26.34,25.3,26.13,26.58,26.33,26.43,26.55,26.09,26.64,26.51,27.16,28.11,27.54,26.31,26.3,25.95,25.3,26.18,25.31,26.34,25.89,26.21,25.4,25.79,25.88,25.96,25.94,26.46,26.86,26.26,25.99,26.14,26.17,26.26,25.84,26.64,26.14,26.65,26.54,26.12,27.1,27.78,27.08,27.58,27.44,25.74,26.51,25.06,25.87,25.61,26.26,25.42,26.04,25.39,25.44,25.98,26.36,25.37,26.18,25.87,26.06,25.7,25.89,26.36,26.5,26.14,25.84,25.77,26.6,26.58,26.55,26.25,27.18,26.81,27.62,27.08,27.31,26.06,26.32,25.59,26.21,26.78,26.33,25.99,26.31,25.8,25.18,25.86,25.87,25.97,25.14,26.06,26.51,26.13,25.91,26.62,26.61,26.76,25.74,26.04,26.73,27.17,26.26,26.47,26.94,27.2,27.26,27.29,27.06,26.14,25.75,25.81,25.86,26.49,25.79,25.47,25.73,25.89,26.25,25.69,25.95,24.84,26.04,26.34,26.51,26.44,25.46,25.99,26.57,26.07,26.3,26.14,27.0,26.18,26.64,26.81,26.43,26.59,27.99,27.41,27.18,26.44,25.46,26.47,25.52,26.4,25.22,25.95,26.45,26.01,25.38,26.12,26.0,25.91,25.26,26.17,26.1,25.5,25.96,26.21,26.25,27.1,25.9,26.31,26.1,26.55,26.65,27.09,27.0,26.97,27.4,26.85,27.12,25.95,26.31,25.34,25.88,25.33,25.99,25.58,26.05,25.34,26.5,25.66,26.29,26.16,25.88,27.53,27.05,25.84,26.24,26.41,26.96,25.72,26.32,26.38,27.13,26.11,26.79,26.69,26.88,26.13,27.06,27.48,27.99,26.73,25.09,25.6,25.94,26.26,26.26,26.49,26.49,26.63,26.35,25.98,26.16,26.57,27.54,28.24,27.61,26.01,25.86,26.86,26.07,26.54,26.28,26.47,26.88,26.9,26.5,26.68,26.61,27.59,27.4,27.84,27.03,26.89,26.35,25.2,25.97,25.91,26.02,25.85,25.64,25.1,26.48,26.12,26.61,28.53,29.07,29.08,28.47,25.89,26.06,26.51,26.14,25.92,26.86,26.79,26.29,26.13,26.52,26.91,26.78,27.01,27.41,27.64,27.79,26.74,25.25,26.24,25.8,25.91,26.38,26.42,25.77,26.45,26.59,26.66,28.48,29.9,30.53,29.56,28.71,26.81,25.97,25.97,26.36,26.43,25.77,26.07,26.01,26.25,26.0,25.91,26.53,27.56,27.03,27.45,27.63,26.08,26.86,25.77,26.43,25.32,26.01,26.55,26.31,25.87,26.1,28.13,30.21,29.98,30.2,27.97,27.5,25.67,26.35,25.69,26.54,25.59,26.16,25.64,26.02,25.51,25.83,25.17,26.37,25.97,27.18,27.35,28.89,27.57,25.73,27.4,26.17,25.42,25.32,26.08,25.92,26.57,26.59,29.34,29.72,30.91,28.65,28.22,26.78,26.4,25.35,25.59,26.33,26.93,26.13,26.58,25.91,26.74,25.7,25.34,26.17,27.28,27.32,27.14,29.29
2020-06-29 16:09:16.3107,0,26.86,28.28,25.46,24.88,24.78,25.06,25.06,25.12,26.11,25.36,25.94,25.78,26.51,25.85,25.73,26.01,26.78,26.33,26.05,25.17,26.13,26.33,26.14,26.94,26.85,25.87,26.71,25.9,27.74,26.74,27.3,24.94,24.35,27.31,25.16,26.21,24.7,25.18,25.23,25.78,24.82,26.2,24.79,25.58,25.55,25.94,26.14,25.79,25.67,26.02,25.86,25.79,26.47,25.94,26.5,27.12,26.63,26.81,26.49,26.81,27.05,27.43,27.64,27.94,26.07,26.05,24.46,25.36,25.36,24.67,24.65,24.4,25.59,25.41,25.63,25.24,25.41,25.61,26.31,25.3,26.23,25.87,26.34,25.91,26.88,26.24,26.69,25.67,26.33,26.36,25.98,26.09,27.33,26.35,28.19,27.94,27.02,25.94,25.59,25.26,24.78,25.23,24.31,24.57,24.47,25.61,24.74,25.74,25.61,25.77,25.43,26.29,25.76,26.08,25.73,26.53,26.31,25.95,26.2,26.0,26.22,26.3,25.9,25.91,26.22,27.19,26.94,28.64,25.76,26.55,24.16,24.9,24.72,25.47,25.04,24.15,25.64,24.95,25.27,24.95,25.38,25.65,25.64,25.81,25.83,26.05,26.34,25.8,26.57,26.17,26.0,26.33,26.54,25.71,26.51,25.94,26.73,26.4,27.1,26.69,24.22,25.83,24.86,25.6,24.58,25.9,24.49,25.05,24.84,25.16,25.04,24.84,24.47,25.26,25.06,25.85,25.51,25.92,25.75,26.23,26.61,26.09,26.6,26.44,26.14,26.35,25.49,27.41,25.64,27.34,26.49,27.68,26.09,24.19,25.08,24.56,25.65,25.24,25.45,23.84,26.06,26.05,25.0,25.35,25.01,24.82,25.1,25.06,25.42,24.58,25.99,26.2,26.54,26.27,25.67,26.02,26.15,25.81,26.34,27.01,26.57,26.2,26.58,26.24,25.24,26.14,25.21,24.36,25.25,25.65,25.33,25.61,25.21,26.08,25.62,25.84,24.98,25.22,25.54,26.02,25.16,26.08,25.64,26.27,25.8,26.34,26.08,26.47,26.28,26.89,26.01,27.52,26.71,27.18,26.47,27.69,26.37,25.38,26.0,24.93,25.2,25.61,25.46,25.37,25.96,25.77,25.47,25.2,25.24,25.72,26.2,25.61,26.11,25.63,26.05,26.1,25.8,26.27,26.34,25.98,27.0,26.3,27.01,25.7,27.22,26.36,27.37,27.02,26.37,25.82,25.65,25.44,25.22,25.35,25.25,25.46,25.5,25.18,25.06,25.61,24.63,25.37,25.82,25.7,25.19,25.67,25.63,25.89,26.2,26.14,26.35,27.0,26.0,26.44,26.01,26.5,26.34,26.7,26.46,27.94,26.78,26.4,25.76,24.72,26.12,25.69,25.36,25.13,25.3,24.99,25.96,25.69,25.79,24.84,25.97,25.76,25.94,25.97,25.94,25.47,26.36,25.87,26.44,26.99,26.51,26.64,26.89,26.42,26.71,26.64,27.54,26.25,26.88,26.07,25.11,25.08,25.31,25.43,25.7,25.96,25.07,25.82,25.62,25.83,25.1,25.2,25.75,26.46,26.05,26.0,25.83,26.18,26.14,26.63,25.84,26.46,26.07,26.67,25.79,27.12,26.43,26.7,26.47,27.16,26.83,26.15,25.58,24.78,25.92,25.52,25.25,24.73,25.51,25.58,25.99,25.35,25.44,25.39,26.56,26.47,26.08,25.74,26.32,25.81,25.94,25.28,26.35,26.26,26.51,26.92,26.56,26.17,27.31,26.21,27.43,26.25,25.32,26.27,25.09,26.44,25.05,25.91,25.3,25.86,25.49,25.58,25.63,25.85,25.8,25.81,25.94,26.37,25.75,26.33,26.26,26.14,24.85,26.0,26.16,25.9,25.69,26.62,26.15,27.07,26.7,26.63,26.8,27.58,25.53,26.2,25.81,25.45,25.58,25.13,25.87,25.95,25.9,25.47,25.85,25.58,25.82,25.55,25.93,26.19,26.23,25.74,26.14,25.76,25.82,26.47,26.36,25.88,26.1,26.35,26.48,26.18,27.91,26.65,27.38,26.67,25.57,26.12,25.16,25.88,26.15,25.79,25.55,25.93,25.72,26.21,25.48,25.84,25.43,25.87,25.72,26.48,26.07,25.97,26.56,26.78,25.5,26.41,25.56,26.49,25.95,27.28,26.25,27.43,26.23,26.94,26.5,27.37,25.56,25.61,25.3,25.43,25.77,25.69,25.44,25.64,26.2,25.07,26.4,25.46,25.41,25.28,26.51,25.75,26.41,25.3,26.74,25.9,26.55,25.82,26.65,26.27,26.85,25.96,26.11,26.6,27.74,26.37,27.21,27.39,25.93,26.32,24.74,25.96,25.33,25.73,25.61,25.3,25.93,25.69,25.4,25.86,25.24,26.12,26.0,26.66,25.82,25.73,26.14,26.12,25.7,26.49,25.8,26.51,25.88,26.14,26.19,26.84,26.57,27.37,26.72,27.27,27.06,25.98,24.98,24.61,26.89,26.16,25.82,25.95,26.14,25.95,26.3,26.21,26.86,26.54,28.7,28.39,26.42,25.87,26.07,25.55,26.12,26.03,26.12,26.23,26.45,26.7,26.1,26.34,27.64,26.32,27.64,27.29,25.04,26.18,24.62,25.42,25.29,26.38,26.13,25.94,25.35,26.68,25.56,27.36,27.55,28.24,27.87,28.5,25.74,25.93,26.06,26.25,25.18,26.8,26.03,26.73,25.93,26.86,25.72,26.29,26.69,26.74,26.97,28.31,26.86,26.2,25.72,24.79,25.41,25.59,26.1,25.96,26.1,25.88,27.05,27.23,30.15,29.2,29.71,28.28,26.74,25.76,26.37,26.18,26.47,25.6,26.76,26.32,26.5,26.28,26.88,25.73,27.15,26.77,27.22,27.63,25.94,26.23,25.55,25.06,25.15,25.88,25.45,26.31,25.04,26.56,27.06,29.28,29.71,30.51,29.7,28.13,26.95,25.94,25.66,25.87,25.99,26.58,25.98,26.62,25.34,25.97,26.26,26.65,26.44,27.35,26.69,28.68,27.78,26.24,26.53,24.91,25.46,24.54,25.9,25.26,26.4,25.86,28.37,29.48,30.08,29.99,27.7,27.05,26.0,26.02,25.41,25.31,26.08,25.67,26.3,26.06,26.21,24.95,25.3,25.04,27.2,26.47,27.56,27.25,25.96,26.18,25.44,27.32,24.94,26.47,25.48,25.73,25.48,26.27,27.79,29.04,29.08,28.5,26.28,26.62,25.57,26.18,25.63,26.56,25.8,26.77,26.35,26.46,25.59,25.67,24.89,26.14,24.76,27.29,25.3,29.26
2020-06-29 16:09:16.4444,0,26.42,26.57,26.78,25.75,24.24,24.83,25.27,25.93,26.14,26.08,25.53,25.89,25.99,26.49,26.57,25.56,26.41,26.03,26.49,25.7,26.86,27.14,26.63,27.05,26.07,26.84,27.66,26.82,27.3,29.51,26.77,30.82,27.99,26.67,26.68,25.62,25.4,23.96,25.52,25.65,25.83,25.64,26.17,25.34,26.18,26.1,26.1,26.34,26.4,25.66,25.95,26.62,26.83,25.56,26.9,27.15,27.05,27.81,26.98,26.48,27.22,26.03,31.03,31.4,26.69,26.97,26.09,25.71,24.71,25.12,25.6,25.42,25.35,25.78,24.74,25.59,25.44,26.06,26.1,25.87,26.14,26.55,26.12,26.24,25.79,25.83,25.91,27.0,26.36,27.06,26.98,27.73,26.12,27.45,28.49,29.29,27.97,25.53,26.31,26.04,25.39,24.62,25.16,24.76,25.77,25.25,25.85,25.77,26.4,26.27,26.45,26.43,26.41,26.34,26.16,26.21,26.15,25.98,26.16,26.57,26.74,26.76,26.18,26.6,26.7,26.5,28.79,27.83,26.63,26.31,24.92,26.26,24.9,25.88,25.35,25.76,25.16,25.8,25.29,25.39,25.74,25.62,25.89,25.77,25.86,25.79,26.03,26.44,26.13,26.25,26.87,26.67,26.17,26.35,26.54,26.96,26.1,26.7,27.13,27.09,26.02,26.06,26.22,25.29,24.85,25.04,25.15,25.62,25.3,25.19,25.82,25.91,25.19,24.64,25.78,26.31,26.01,25.2,26.04,25.82,26.58,26.0,26.21,26.71,27.0,26.12,26.88,27.0,26.56,26.88,27.79,27.72,25.74,26.75,25.27,25.98,25.1,25.34,25.35,25.36,25.49,26.13,25.24,25.76,25.04,25.6,25.12,25.94,24.85,26.18,26.12,26.26,26.25,26.77,26.38,26.45,26.3,26.77,27.04,26.83,26.9,26.48,26.97,27.87,26.51,26.35,25.49,25.19,25.92,25.82,25.42,25.89,25.76,25.1,25.58,25.65,24.63,25.45,26.3,25.34,25.42,25.41,26.3,26.3,26.49,26.26,26.05,26.95,26.95,25.44,27.15,26.58,26.37,26.75,27.64,27.9,25.5,27.07,25.72,25.83,25.64,25.71,25.86,25.83,25.09,26.17,25.49,25.79,25.07,25.78,26.22,25.96,25.75,25.69,26.17,26.16,25.63,26.83,26.36,26.7,26.23,26.5,26.91,26.85,26.39,27.06,27.73,27.84,27.39,26.02,25.61,25.62,26.12,25.12,25.7,25.49,26.23,25.85,25.75,25.74,25.46,25.4,25.22,26.11,25.81,25.13,26.54,26.97,26.16,25.97,26.63,26.6,26.52,26.59,27.23,26.66,27.15,26.88,26.76,27.3,26.28,27.21,25.48,25.75,25.48,25.79,25.51,25.92,25.22,25.9,25.59,25.75,25.24,25.56,25.81,25.82,25.23,26.03,26.72,26.39,26.2,26.42,26.16,27.06,26.87,26.37,26.42,27.66,26.74,27.45,26.76,27.04,25.96,26.78,26.3,25.87,26.45,25.46,26.61,26.1,25.57,25.64,25.58,26.16,25.73,25.51,26.71,26.3,26.1,25.57,26.07,26.3,26.21,26.65,26.52,26.7,27.34,26.81,26.37,26.77,27.49,26.59,27.87,27.68,26.51,27.29,26.51,26.23,25.82,26.24,26.12,25.85,25.75,25.65,25.02,26.1,25.47,26.3,26.4,26.62,26.29,25.89,26.53,26.15,25.58,26.03,26.17,26.33,26.76,27.11,27.45,27.15,27.06,27.3,27.62,28.03,27.0,25.62,26.55,26.77,25.79,25.94,25.38,26.0,26.09,25.71,25.89,25.58,25.86,25.84,26.64,26.58,25.98,25.71,26.22,26.17,26.26,26.32,26.54,26.96,26.42,26.54,26.36,27.22,27.77,27.64,27.9,27.45,26.09,27.02,26.15,26.16,26.41,25.87,25.65,25.8,25.71,25.97,26.08,26.25,24.98,26.26,26.33,26.43,26.16,25.8,26.26,26.4,25.84,25.83,25.97,26.28,26.47,27.35,26.5,26.92,27.24,27.48,28.06,26.97,26.77,26.32,25.74,25.77,25.84,26.08,25.75,26.07,26.01,26.03,25.75,25.87,26.06,25.43,26.43,26.98,26.22,26.0,26.04,26.23,26.26,26.24,26.56,26.73,26.82,26.73,26.85,26.81,27.2,26.83,27.78,28.24,26.33,26.1,26.29,26.01,25.39,26.31,25.84,26.22,25.44,26.13,25.9,25.42,25.84,26.33,26.54,26.3,26.62,26.62,25.99,26.56,26.57,26.6,26.67,26.23,26.41,26.88,27.2,27.51,26.3,27.68,27.58,27.52,26.26,26.18,25.5,26.3,26.81,25.9,26.32,26.08,25.89,25.83,26.65,26.73,26.1,27.34,26.85,26.98,26.95,26.05,25.81,26.54,26.07,26.51,26.96,26.76,26.77,26.65,27.22,27.82,27.99,26.95,27.71,28.51,26.71,25.75,25.51,26.03,25.91,25.99,26.24,26.3,26.05,26.14,26.33,27.16,27.92,27.85,28.53,28.36,27.35,26.64,26.3,26.24,25.93,26.21,26.38,26.43,26.11,26.54,26.41,26.59,26.9,26.9,27.84,27.62,26.92,26.78,25.6,25.62,26.26,26.69,26.23,26.88,26.03,25.88,26.76,27.82,28.35,29.61,28.64,29.54,27.94,26.37,26.65,26.49,26.75,25.84,26.46,27.12,26.65,25.86,25.82,27.19,27.43,26.77,28.37,29.28,25.45,26.94,25.57,26.31,25.91,26.16,25.99,26.61,26.13,26.6,28.14,28.72,30.17,30.14,30.26,29.44,25.99,26.49,25.94,26.25,26.38,26.27,26.54,26.53,26.66,27.46,26.46,27.08,26.85,27.58,27.64,27.99,27.37,25.67,26.79,25.46,25.75,25.61,26.7,26.34,26.18,26.08,28.46,29.66,30.78,29.99,29.99,28.05,26.47,25.86,26.89,26.71,26.42,25.89,26.58,26.27,26.92,26.01,26.21,27.0,27.39,26.69,28.05,28.5,24.84,27.07,25.77,27.01,26.0,26.17,26.55,26.46,26.15,27.33,26.56,29.06,28.5,29.35,26.27,26.64,26.15,26.47,26.31,26.53,26.36,26.82,26.6,26.59,26.09,26.28,25.34,25.51,26.34,27.55,27.6,30.29,27.02,25.99,27.0,26.37,26.45,25.33,26.24,26.71,26.71,26.45,27.48,27.23,28.79,27.53,26.23,26.28,26.03,25.97,26.35,26.72,26.15,26.4,26.58,26.35,26.59,26.47,25.51,26.18,26.91,25.79,28.47,28.33
2020-06-29 16:09:16.5670,0,26.36,25.37,25.72,25.57,24.01,24.69,25.58,25.12,25.96,25.36,26.53,25.63,25.83,26.25,26.0,25.73,26.39,26.06,26.47,26.43,25.99,26.04,26.6,26.47,27.5,26.88,25.78,26.86,26.54,26.45,28.44,30.27,26.02,25.6,24.71,25.79,24.89,25.17,24.89,25.13,25.57,24.87,25.35,25.45,25.94,25.54,25.61,26.31,25.67,26.91,25.86,26.46,25.78,26.22,26.06,26.22,25.69,26.97,26.31,26.99,26.84,28.14,27.21,28.5,26.36,25.57,25.46,24.58,24.85,24.66,25.42,25.01,25.46,24.59,25.5,24.85,26.38,25.72,26.07,25.54,25.88,26.22,25.37,26.03,25.64,25.48,25.48,26.35,25.76,26.2,26.47,25.75,26.8,26.35,27.35,26.89,26.77,25.05,25.78,25.63,25.27,24.91,24.75,25.6,24.46,24.95,25.12,25.49,25.61,25.65,26.02,25.59,25.98,25.62,26.19,26.18,26.19,26.2,25.93,26.8,25.52,26.44,25.74,26.73,26.74,26.82,26.46,27.78,27.44,26.75,25.43,24.72,24.72,25.62,24.47,25.11,25.9,24.57,25.63,24.71,24.94,25.09,25.76,25.47,26.05,25.5,25.9,25.8,26.22,25.93,26.25,26.08,26.67,26.38,26.65,26.39,26.24,26.23,27.5,26.02,24.22,26.22,24.86,24.91,25.03,25.01,24.91,25.32,25.21,25.28,25.62,25.19,24.9,25.04,25.7,25.64,25.61,25.06,25.96,25.9,25.94,25.98,26.01,26.68,25.75,26.48,26.21,25.93,26.12,26.19,27.45,27.28,26.66,25.87,24.91,24.88,24.77,25.24,25.58,25.4,25.71,25.47,25.77,25.24,24.7,24.91,25.82,25.57,25.12,25.5,26.2,25.98,26.33,26.26,26.35,26.83,26.76,26.3,27.15,26.44,26.73,26.36,27.65,27.36,26.55,25.04,25.05,25.48,24.81,25.38,25.33,25.73,25.08,25.86,25.29,25.29,24.67,25.82,25.64,26.02,25.06,25.59,25.74,26.18,26.21,25.4,26.4,27.15,26.51,26.76,26.53,26.55,26.1,26.57,26.47,27.14,26.55,25.55,25.05,25.09,25.33,25.07,25.59,25.61,26.3,25.65,25.78,25.2,24.76,24.94,25.72,25.89,25.83,25.34,25.76,25.99,25.71,26.26,26.66,25.65,27.12,26.88,26.89,26.35,26.22,26.06,26.53,26.5,26.37,26.16,24.71,25.9,25.08,25.22,25.61,25.7,25.71,25.61,25.89,25.92,24.82,25.09,25.35,26.18,24.99,25.3,26.0,26.08,26.19,26.24,26.35,26.57,25.99,26.79,26.76,26.24,26.06,26.99,26.46,27.94,26.25,26.4,26.23,25.63,25.72,25.56,25.0,25.36,25.96,25.3,25.46,25.08,25.31,25.68,26.06,26.03,25.66,25.6,26.32,26.04,26.08,26.16,26.65,26.67,26.4,26.63,26.15,26.8,26.71,26.63,26.57,26.41,26.18,26.07,25.57,25.53,25.44,25.43,25.34,25.72,25.49,25.82,25.42,25.54,25.29,25.48,26.02,26.37,25.86,25.45,25.73,26.27,26.14,26.34,26.35,26.25,27.05,26.67,26.52,26.49,25.88,27.12,26.63,27.65,26.31,26.14,25.73,25.82,25.4,25.39,26.09,25.66,26.05,25.68,25.39,25.64,25.44,25.58,26.28,26.46,26.09,26.1,25.68,26.09,25.65,26.06,26.45,26.56,26.73,26.12,27.18,26.67,27.03,26.34,27.43,27.08,25.14,25.93,26.29,25.71,25.83,26.17,25.42,25.63,25.7,25.79,25.82,25.85,25.61,25.91,26.3,26.47,26.11,25.96,26.53,26.24,25.43,26.01,26.16,26.21,26.35,26.62,27.14,26.44,26.84,27.19,26.8,27.74,26.24,25.51,26.12,25.6,25.85,25.0,26.11,25.95,25.68,25.78,25.54,25.78,25.54,25.45,25.94,26.46,26.51,25.92,26.24,26.05,25.92,26.46,26.26,26.31,26.44,26.57,26.22,26.82,27.92,27.36,27.05,26.16,26.98,25.94,25.78,25.88,26.15,25.92,26.02,25.69,25.72,25.68,25.68,26.25,25.42,26.06,26.0,26.11,26.52,26.72,26.46,26.2,25.79,26.11,25.97,26.38,26.29,26.12,26.5,26.26,26.52,26.36,27.0,26.69,25.93,25.43,26.26,25.74,25.91,25.95,26.06,25.64,25.87,25.73,26.83,26.4,26.51,27.03,27.67,26.82,26.79,25.97,26.26,26.0,26.04,26.22,26.22,26.59,26.85,26.07,26.52,27.0,27.15,26.52,26.87,27.39,26.66,25.78,25.71,25.33,26.44,26.14,25.73,26.29,25.81,26.02,26.36,27.23,26.83,28.1,27.65,27.64,26.98,26.42,26.24,26.42,26.41,26.38,26.34,26.29,25.76,26.14,26.46,26.84,26.56,27.52,27.23,27.61,26.3,25.42,25.48,25.59,25.74,26.44,25.68,25.56,25.9,26.29,27.63,28.06,29.43,28.49,30.0,28.68,27.13,26.57,26.38,25.96,26.22,26.35,26.36,26.58,25.96,26.06,26.24,26.19,27.34,26.47,27.28,28.03,26.2,25.99,24.96,26.07,25.87,25.95,26.4,26.07,26.18,26.32,27.13,29.11,29.51,30.3,29.97,29.11,27.47,26.55,26.05,26.46,25.71,25.81,26.61,26.85,26.06,26.6,26.85,26.0,26.84,27.52,27.69,28.31,26.65,25.8,25.53,25.31,25.41,26.2,25.96,27.06,25.97,26.26,27.05,29.44,29.28,29.63,27.31,27.72,26.19,25.75,26.59,25.94,26.59,26.18,26.26,26.32,26.37,26.42,27.18,26.81,25.83,26.93,27.41,27.02,26.79,26.63,25.92,25.06,25.15,26.35,26.6,26.59,25.96,26.69,27.89,27.25,29.04,27.75,27.26,26.33,26.17,26.05,26.35,26.33,25.86,25.86,26.62,26.88,26.15,26.11,26.41,26.18,26.44,26.65,28.29,27.16,25.8,26.23,26.33,26.28,25.46,25.38,26.52,26.5,25.7,25.58,26.0,27.17,26.73,27.31,26.12,25.69,25.88,25.9,26.28,25.94,26.33,26.19,26.3,26.48,25.92,25.56,24.97,25.73,26.3,25.72,27.09,27.54,25.69,27.14,26.25,26.33,25.81,25.28,25.8,26.83,25.48,25.85,26.99,26.13,26.15,26.49,25.65,25.87,24.57,25.93,25.37,25.78,25.28,25.83,26.48,26.89,26.04,26.28,25.39,26.83,26.05,26.52,26.93,29.58
2020-06-29 16:09:16.6954,0,24.85,28.23,24.91,24.61,24.37,24.65,24.52,25.6,25.47,26.08,25.33,26.18,26.36,26.09,25.84,26.38,25.56,25.9,26.17,26.26,25.83,26.44,26.12,26.9,26.5,27.18,26.87,26.44,27.24,26.69,27.26,29.52,26.77,25.23,26.91,26.19,24.85,24.44,25.53,24.77,25.84,25.73,25.61,25.7,26.31,26.18,25.58,26.29,25.64,25.74,27.03,26.04,26.57,25.78,26.47,26.95,27.52,26.14,26.45,26.42,27.43,26.93,29.32,25.56,25.75,26.97,25.24,26.1,25.5,25.46,24.01,25.73,24.74,25.11,24.82,25.46,25.02,25.82,25.32,25.63,25.62,25.6,25.1,25.88,26.11,25.83,25.86,26.32,26.46,26.47,26.12,27.57,26.6,26.51,27.33,27.54,27.48,25.69,25.93,25.42,25.4,24.4,24.57,25.58,25.24,25.33,25.47,25.09,25.35,25.03,25.87,24.98,25.96,26.29,26.28,26.04,25.56,26.18,25.77,25.44,25.91,26.27,26.02,25.55,26.36,26.98,28.32,26.89,26.15,26.12,25.59,26.09,25.0,25.28,24.73,24.94,25.37,25.55,25.0,24.92,25.02,25.73,25.4,25.44,25.7,26.02,25.65,26.45,25.63,26.14,26.1,26.05,25.72,25.68,25.17,26.97,26.05,26.87,26.27,27.09,26.44,25.01,25.17,24.54,25.3,24.24,25.29,25.83,25.67,24.77,24.78,24.94,24.76,25.35,25.68,25.29,25.59,25.15,26.05,25.88,26.36,25.95,26.22,26.29,26.37,26.46,26.03,26.79,27.04,27.32,26.84,27.05,25.3,27.12,25.05,25.34,25.19,25.35,25.43,25.37,24.72,25.45,24.75,25.88,24.25,24.99,25.28,25.34,25.2,25.47,25.36,26.27,25.99,26.56,25.88,26.69,26.13,26.15,26.32,27.11,26.86,26.64,26.38,27.13,26.14,26.48,25.5,24.33,25.5,24.25,25.17,24.57,25.53,24.93,25.15,24.83,25.25,25.4,25.81,25.8,25.42,25.56,26.7,25.54,26.08,26.21,26.6,26.34,27.42,26.0,26.37,26.81,26.38,26.54,27.13,28.2,26.17,26.56,24.55,25.84,25.99,26.24,25.44,25.95,25.04,25.73,25.34,25.17,25.12,25.2,25.51,26.06,25.33,26.08,25.93,26.16,25.68,26.34,25.36,27.04,26.41,26.38,25.96,26.19,26.06,26.77,26.0,26.63,27.04,26.3,25.3,25.26,25.32,24.93,25.58,25.56,25.91,26.02,25.76,25.07,25.08,25.54,25.79,25.68,25.73,25.65,25.98,25.77,26.27,26.31,26.32,26.33,26.53,26.42,26.86,26.08,27.02,26.24,27.26,27.41,25.88,26.71,25.11,26.06,24.9,25.79,25.1,25.92,25.61,25.59,24.73,25.45,25.09,25.84,25.76,26.1,25.55,25.85,25.45,26.4,25.57,26.42,26.01,26.96,26.49,26.26,26.0,26.77,26.55,27.17,26.87,27.38,25.79,26.56,25.54,25.21,26.19,25.15,25.31,25.58,26.0,25.7,25.89,25.21,25.36,25.08,26.08,25.98,26.11,25.8,26.45,26.44,26.4,26.02,26.32,26.01,26.48,26.65,26.86,26.21,27.22,26.25,26.92,27.46,26.11,26.45,25.25,26.08,25.5,26.25,25.23,25.51,25.6,25.76,25.17,25.32,25.33,25.46,26.07,26.35,25.79,26.17,25.57,25.88,25.92,25.94,25.71,26.74,26.05,26.78,26.54,26.39,26.73,26.6,26.59,26.88,26.14,27.42,26.11,25.68,25.79,25.89,25.38,25.14,25.99,25.66,26.09,25.53,25.59,25.98,26.09,26.53,26.35,26.12,26.23,26.03,25.98,26.08,25.72,26.5,26.43,26.37,26.24,26.28,27.09,25.89,28.07,27.06,25.5,26.68,25.01,25.27,25.96,25.87,25.61,26.39,25.77,25.23,25.93,26.56,25.51,26.27,26.1,26.62,27.22,26.73,25.84,26.21,25.99,26.63,25.62,26.28,26.76,26.43,25.56,26.79,27.05,27.05,27.03,27.98,26.42,26.44,26.2,25.86,25.98,25.89,26.11,25.55,26.01,25.34,26.77,26.64,25.78,26.89,26.99,27.12,27.42,26.6,26.53,26.56,25.97,25.89,26.56,26.14,26.15,26.33,26.72,26.5,27.06,26.77,27.62,27.01,25.17,25.75,24.96,25.39,24.92,26.58,25.29,25.48,25.84,26.03,26.17,27.93,28.73,28.26,29.73,28.06,27.16,26.82,25.75,26.57,26.32,26.5,25.98,26.57,26.37,26.64,25.82,26.29,26.4,27.09,26.84,27.18,26.99,25.22,25.99,26.56,26.41,25.84,25.33,25.15,26.12,26.0,26.87,28.35,28.87,30.2,29.45,29.56,27.25,26.39,26.41,26.19,25.67,26.16,26.53,25.49,26.78,26.84,26.83,26.82,27.56,27.2,27.2,27.24,25.7,26.13,24.78,25.88,26.15,25.43,25.79,26.18,26.12,26.5,26.83,29.44,28.59,30.1,28.79,29.96,26.3,26.75,26.05,26.86,25.67,26.0,25.99,26.67,25.81,26.16,26.07,27.31,26.7,26.6,27.07,28.36,25.97,25.41,25.77,25.22,25.83,26.07,26.1,26.44,26.39,25.83,27.55,27.0,29.28,27.7,28.65,26.53,27.04,26.12,26.34,25.91,25.58,26.01,27.28,26.36,26.15,26.58,27.24,26.12,26.81,26.56,27.48,26.97,25.38,26.16,26.05,25.8,25.07,26.17,25.66,26.48,25.3,25.98,25.23,26.97,26.13,27.43,25.73,27.03,25.95,25.84,25.55,25.91,25.63,26.39,26.49,26.41,26.34,26.11,26.41,27.09,26.96,26.9,27.58,27.39,25.03,26.2,26.61,25.03,26.07,26.94,25.99,25.43,25.92,26.41,25.93,26.14,26.29,26.03,26.9,25.62,26.25,26.26,26.43,26.31,25.48,25.84,26.97,25.95,25.58,26.37,26.67,26.31,27.56,27.15,27.45,27.57,25.77,26.86,25.91,26.24,24.75,25.34,25.24,26.31,25.54,26.24,24.77,25.57,25.57,26.42,25.23,25.66,25.62,26.23,25.26,25.91,25.8,26.03,25.45,26.45,25.01,26.13,24.78,25.86,26.1,27.74,26.35,27.2,26.47,27.59,26.2,25.11,25.76,24.91,26.08,25.54,26.15,25.82,26.41,25.43,26.25,25.71,25.48,25.59,25.41,25.29,25.72,26.15,25.76,26.08,26.03,26.0,26.3,25.95,26.68,25.42,25.82,27.45,26.61,26.91
2020-06-29 16:09:16.8231,0,28.95,27.92,26.63,24.48,24.53,25.49,25.02,25.52,25.93,26.63,26.08,25.7,25.82,26.05,25.72,26.21,26.12,26.52,26.05,25.94,26.12,27.1,26.88,27.77,27.14,27.45,26.47,27.12,27.87,27.93,26.87,29.63,30.1,26.43,26.11,26.77,24.39,24.42,25.46,25.92,25.64,26.48,25.28,25.58,26.01,25.54,25.55,26.44,26.76,25.77,26.19,25.92,26.94,26.07,26.71,26.35,27.62,26.78,27.26,26.39,26.9,26.85,27.69,28.67,27.66,26.35,26.59,25.22,26.0,25.72,25.24,25.37,25.73,25.75,25.37,25.04,25.42,26.28,25.6,25.97,26.6,26.53,25.98,25.97,26.27,26.05,26.01,26.69,26.32,26.57,26.6,26.32,27.29,27.93,26.1,25.86,26.57,25.63,26.03,25.2,24.84,24.72,24.96,25.15,25.74,25.35,25.06,25.87,26.27,25.9,25.85,26.3,26.51,26.56,25.79,26.31,26.73,25.84,26.0,26.14,26.56,25.71,26.43,25.88,27.49,25.68,26.75,27.06,26.52,26.61,24.84,25.13,25.0,25.83,25.17,25.17,25.39,25.4,25.4,25.49,25.51,25.49,25.55,25.65,25.85,26.44,25.58,25.98,26.81,26.35,25.89,26.15,26.01,26.99,26.2,26.91,26.37,26.63,26.23,26.97,27.54,26.75,25.44,25.91,24.8,25.29,25.39,25.32,25.15,25.9,25.34,25.55,25.29,25.28,25.55,25.98,26.21,25.41,26.46,26.14,26.57,26.22,26.43,26.45,26.46,26.35,26.56,26.36,26.02,26.98,26.55,27.62,26.04,26.48,24.54,24.94,25.63,26.28,25.71,26.11,26.19,25.77,25.13,25.19,24.72,25.5,25.64,25.43,25.65,25.57,25.92,26.16,26.99,26.55,26.59,26.08,26.41,26.62,26.47,26.93,27.16,26.58,26.72,27.05,26.24,25.91,25.11,25.13,25.02,25.37,25.65,25.23,25.74,25.31,25.47,25.86,25.25,25.35,25.9,25.14,26.1,26.11,25.81,25.8,26.59,26.37,26.04,26.94,27.28,26.9,26.2,27.52,27.52,26.39,26.53,27.1,26.5,25.96,26.14,25.93,25.88,26.34,25.59,25.93,26.09,26.16,25.81,25.68,25.47,25.39,25.75,26.06,25.95,25.79,26.37,26.35,26.42,26.53,26.47,26.7,26.45,26.95,26.5,26.02,26.64,26.87,27.0,28.11,27.49,26.97,26.02,25.42,25.96,24.83,25.92,25.83,26.11,25.74,25.54,25.54,25.37,25.31,25.6,25.83,26.48,25.99,26.07,26.02,26.65,26.47,26.52,26.59,27.07,26.69,26.45,26.5,27.11,27.56,28.5,27.74,26.74,27.31,25.74,25.7,26.38,25.89,25.73,25.9,26.09,25.69,25.69,26.05,25.34,25.94,26.0,25.73,25.61,26.13,26.36,26.3,26.3,26.52,26.57,27.05,26.86,27.27,26.28,26.1,26.7,27.12,27.51,27.14,26.42,26.71,25.17,26.12,26.29,26.21,26.0,25.86,26.21,26.06,25.49,25.57,25.64,25.43,26.36,26.22,26.11,25.95,25.89,26.4,26.69,26.18,26.21,26.91,26.9,26.91,26.34,27.26,27.04,26.97,26.53,27.45,26.1,27.39,26.01,25.73,26.18,25.71,25.86,25.72,25.64,25.65,25.72,26.01,25.85,26.31,26.41,26.62,26.76,26.91,26.27,26.44,25.69,26.71,25.96,26.84,26.64,26.87,26.69,26.74,27.3,27.54,27.07,27.14,26.58,26.23,26.35,26.43,26.02,25.79,25.72,25.53,26.09,25.61,25.99,26.76,25.87,26.32,26.74,27.68,27.63,25.91,26.14,26.28,26.55,26.23,26.23,26.44,26.96,26.18,26.71,26.95,28.15,26.9,27.03,28.2,26.37,26.09,25.48,25.06,25.85,26.35,25.28,25.9,25.81,26.17,26.48,27.26,29.44,27.02,28.9,27.74,26.54,26.64,26.37,25.73,26.44,26.03,26.28,26.38,26.69,26.76,26.86,27.15,27.62,27.14,26.69,27.58,26.34,26.94,25.99,27.06,25.95,26.05,26.92,25.94,26.32,25.6,27.47,28.49,28.15,29.64,29.01,29.39,27.7,26.38,26.34,26.52,26.36,26.24,26.86,26.62,27.15,27.07,26.31,27.04,27.3,27.08,27.88,27.34,27.52,26.73,25.44,25.33,25.63,26.55,25.95,26.69,26.45,26.67,26.96,28.44,29.07,30.25,29.32,29.49,25.96,26.62,26.77,26.06,26.68,26.9,26.35,26.66,26.63,27.21,26.65,27.21,27.43,27.48,27.34,27.45,26.54,26.63,25.44,26.09,26.36,25.87,26.42,25.81,26.44,26.37,27.07,26.84,29.64,27.74,29.54,27.87,26.67,25.47,26.21,26.35,26.69,26.41,26.08,27.08,26.76,26.03,26.92,26.29,27.51,26.9,27.64,27.75,26.24,26.04,25.11,25.65,26.16,26.23,26.08,26.14,26.39,26.48,26.32,26.71,26.16,27.64,26.92,27.24,26.34,26.54,26.3,26.75,26.78,26.74,26.71,26.88,26.95,26.25,26.23,26.4,27.01,26.85,27.77,27.72,25.48,25.76,25.7,25.39,25.2,26.23,26.72,26.2,26.37,26.22,26.52,26.49,26.77,26.8,26.6,26.27,26.52,26.07,26.33,25.75,26.21,26.16,26.68,27.22,26.87,26.48,26.06,26.28,27.06,26.87,27.57,27.89,26.17,26.45,25.67,26.07,25.54,26.26,25.81,26.44,26.1,26.58,25.87,26.71,25.95,26.86,26.56,26.35,26.32,26.7,26.5,26.58,26.72,26.6,26.52,26.76,26.9,26.89,25.96,26.72,26.63,27.85,27.55,27.69,27.05,25.77,25.6,24.84,26.32,26.17,26.52,26.16,26.02,25.93,25.78,25.68,26.73,25.84,26.31,26.35,26.35,26.64,26.07,26.23,26.52,26.12,26.81,26.5,26.08,26.66,26.16,26.32,26.5,27.48,27.75,27.95,26.69,27.4,26.67,26.34,25.94,26.27,26.03,26.25,25.56,26.61,25.33,25.53,25.72,26.64,24.9,26.25,26.38,26.45,26.29,26.13,25.57,26.39,26.43,26.55,25.61,26.38,25.77,25.61,27.34,28.02,27.93,29.0,26.85,26.33,25.7,26.47,26.21,24.57,25.38,26.5,26.25,26.41,25.97,26.0,26.73,25.62,25.71,26.13,25.76,25.45,25.82,25.92,26.12,26.5,26.13,26.89,26.4,26.11,25.95,25.93,26.65,25.7,27.78,29.41
2020-06-29 16:09:16.9514,0,27.34,28.24,25.97,25.31,25.54,25.03,25.05,24.92,25.64,26.55,26.23,27.05,25.82,25.82,26.27,26.26,26.11,26.17,26.74,26.55,26.55,26.45,26.44,26.6,27.0,27.7,27.07,26.26,27.02,28.12,30.13,30.19,25.97,26.28,27.37,26.42,24.12,24.27,24.36,25.45,25.7,25.31,25.47,26.4,25.26,26.33,25.85,26.31,25.65,25.75,26.24,26.45,26.58,25.8,26.33,26.36,26.76,26.48,27.17,26.98,26.82,27.42,26.72,30.19,26.64,26.98,25.65,26.11,24.67,25.47,25.1,25.14,25.31,25.66,25.1,24.96,25.52,26.07,25.7,25.88,25.63,26.32,25.97,26.25,25.51,25.71,26.15,26.88,26.33,26.33,25.98,26.91,27.15,26.52,28.18,30.34,26.99,26.15,26.33,25.81,25.25,24.09,25.47,25.3,24.85,25.34,25.35,25.6,25.47,25.77,26.11,25.46,26.31,25.84,25.58,26.05,26.29,26.07,26.96,26.26,26.75,26.43,26.03,26.39,26.37,27.54,27.38,28.06,25.11,26.13,25.25,26.1,25.17,25.75,25.17,25.63,25.25,24.81,25.38,25.52,25.26,25.41,25.41,25.34,25.94,26.35,25.89,26.12,26.56,26.26,25.88,26.8,26.0,26.23,26.06,26.67,26.56,27.05,26.29,27.54,25.84,26.02,25.36,25.42,25.46,25.74,25.16,25.18,25.43,24.9,25.48,25.19,25.1,24.93,25.58,25.84,25.49,25.8,26.05,26.33,26.15,25.97,25.99,26.19,26.38,26.47,26.04,26.37,26.57,27.98,26.85,27.27,25.51,26.77,25.57,24.86,25.35,25.5,25.18,25.38,25.58,25.92,25.43,25.55,24.79,25.1,25.71,25.45,25.52,25.79,25.89,26.28,26.22,26.78,26.12,26.0,26.75,26.54,26.06,27.12,26.26,26.97,25.86,27.14,26.33,25.95,24.7,24.83,26.07,26.05,25.43,25.22,24.95,26.3,25.49,25.5,24.96,24.61,26.12,25.81,25.33,25.88,25.72,26.17,26.19,26.54,26.28,26.46,26.61,26.39,26.64,26.82,26.69,27.02,26.62,27.5,26.72,26.05,25.36,25.38,25.46,25.72,25.95,25.47,25.84,25.96,25.25,25.7,24.84,25.31,25.71,25.97,26.11,24.94,26.14,26.37,25.9,26.34,26.65,26.39,25.74,26.39,26.75,26.86,26.5,26.64,27.7,27.34,26.87,26.83,25.15,25.89,25.6,25.48,25.35,25.93,26.13,25.71,26.28,25.6,25.19,25.94,25.8,26.17,25.26,25.57,25.89,26.17,26.27,26.33,26.54,26.67,25.86,26.9,26.87,26.62,26.46,26.55,26.94,27.42,26.77,25.52,25.6,25.61,25.31,26.06,25.83,25.46,25.74,25.49,25.15,25.76,25.11,25.76,26.42,25.83,25.75,26.04,26.03,26.78,26.07,26.82,26.33,26.65,26.62,26.73,26.76,26.78,26.84,26.76,27.05,27.39,26.68,25.89,25.7,25.68,25.94,25.94,25.08,25.48,25.9,25.92,25.7,26.22,25.46,25.85,26.64,27.0,26.02,25.91,25.81,26.46,26.5,26.52,26.43,26.45,26.81,26.66,26.63,26.99,27.36,27.11,26.61,27.64,26.13,26.29,26.33,25.35,25.52,25.75,25.37,25.98,25.93,25.87,26.09,26.61,29.33,26.69,27.92,27.36,25.99,26.55,26.32,26.63,25.65,26.14,25.93,26.34,25.73,26.67,26.8,27.29,26.89,26.89,27.59,27.22,26.33,26.6,25.51,25.85,25.67,25.65,25.51,25.74,25.79,25.99,26.6,27.69,28.73,29.43,27.92,28.89,26.54,25.95,26.33,26.14,25.51,25.8,26.04,26.2,26.11,26.5,26.38,26.81,27.23,27.19,26.78,27.07,26.41,25.32,25.34,25.88,26.24,25.49,25.86,26.05,25.78,25.87,26.55,28.57,29.3,29.33,28.59,28.66,26.13,26.09,26.23,26.03,25.81,26.05,26.15,26.5,26.78,27.13,26.09,26.93,28.05,26.91,27.54,27.49,26.07,26.62,25.75,26.02,25.46,26.3,26.6,26.74,26.34,25.78,27.18,27.16,29.55,28.77,28.92,28.25,26.04,25.78,26.34,26.29,25.48,25.9,26.16,26.69,26.5,27.04,26.35,26.77,27.07,27.22,27.63,28.2,25.92,26.47,25.13,25.71,27.14,25.66,26.18,25.86,25.52,26.04,26.18,26.59,27.19,28.56,28.71,28.07,26.21,25.76,26.05,26.57,26.64,26.41,26.43,26.57,26.5,27.25,26.64,27.39,26.7,26.49,27.37,26.66,26.45,25.77,25.84,25.48,25.86,25.99,26.33,26.78,26.02,25.79,26.45,26.8,26.81,27.3,28.21,27.44,26.58,26.12,25.92,26.61,26.4,26.38,26.21,26.73,26.21,26.73,26.97,26.83,27.28,26.3,27.21,28.47,26.86,26.14,25.3,25.56,25.73,26.14,26.59,26.06,26.25,25.81,25.96,26.3,26.23,26.31,27.09,26.65,26.61,26.15,25.75,25.84,25.9,26.22,26.92,26.21,26.57,26.17,26.65,26.89,27.02,27.07,26.73,27.64,26.36,25.99,25.27,24.74,25.55,26.37,26.11,25.53,25.92,26.43,25.99,26.46,26.15,26.45,26.72,26.54,26.13,25.62,26.14,25.92,25.58,26.02,26.01,26.96,26.29,26.34,27.25,26.28,26.97,26.73,27.12,27.93,25.82,25.57,25.16,25.11,24.93,26.48,25.96,26.49,25.71,25.48,26.09,26.5,25.92,25.66,25.64,26.37,26.62,25.95,26.02,26.72,26.58,25.93,26.12,25.66,25.96,25.71,26.27,26.48,25.82,27.08,28.18,27.6,26.75,25.41,26.44,26.11,25.28,25.87,25.86,26.58,25.67,26.3,26.3,25.91,25.96,25.82,25.78,26.09,25.92,26.27,26.33,26.44,26.44,26.22,26.72,26.1,26.26,25.83,26.38,26.64,27.08,27.17,27.06,27.15,26.04,26.21,26.72,27.03,24.94,25.69,25.57,25.86,25.97,26.11,25.99,26.1,25.07,25.43,25.37,25.92,26.0,25.64,26.28,26.17,25.81,26.44,25.88,25.75,26.35,25.23,25.95,25.53,26.3,27.0,27.55,27.78,27.32,26.17,26.42,25.53,25.43,25.44,25.61,25.4,25.73,25.7,25.2,25.72,25.48,25.34,25.62,25.61,25.54,25.8,25.47,26.55,26.81,26.23,25.34,26.31,26.75,26.27,25.19,26.48,26.01,28.04,28.75,30.22
2020-06-29 16:09:17.0795,0,26.84,25.73,24.66,26.2,24.57,24.27,24.7,25.25,25.48,26.08,25.49,26.32,25.4,25.94,25.99,26.51,26.9,25.49,26.18,25.69,25.69,26.72,25.51,26.43,26.35,26.17,25.95,27.01,28.44,26.68,24.92,30.81,26.36,25.92,27.35,25.77,24.84,24.62,24.85,25.6,25.83,25.74,25.88,25.01,25.24,25.66,26.88,26.3,26.15,26.13,26.75,26.04,25.88,26.62,26.75,26.05,26.9,27.12,27.33,26.97,27.42,27.41,29.75,25.57,27.79,25.76,25.65,25.7,25.17,25.29,24.01,25.87,25.3,24.83,25.36,25.97,25.15,25.69,25.82,26.11,26.22,25.95,25.72,26.48,26.74,25.57,25.87,26.31,26.75,26.76,26.29,26.39,26.43,26.5,26.5,27.53,26.22,27.23,25.73,25.05,25.23,25.22,25.3,25.15,25.1,24.8,25.34,25.72,25.93,25.88,26.1,25.81,25.95,26.07,26.04,26.05,25.67,25.94,26.55,26.12,26.74,26.86,26.96,26.55,26.7,25.71,27.13,26.89,26.16,24.7,24.69,26.08,25.17,24.97,24.74,25.62,24.61,25.04,25.49,25.62,24.92,25.28,25.29,25.77,26.15,25.79,25.66,26.44,25.75,26.01,25.75,26.04,26.66,26.62,25.91,26.51,25.73,26.36,26.68,28.63,25.0,25.81,25.51,24.72,25.59,25.44,25.28,25.97,25.05,25.51,25.58,24.83,24.86,25.03,25.23,25.62,25.47,25.69,26.25,25.45,26.35,26.19,26.44,26.3,26.23,26.46,26.17,26.21,27.03,25.84,26.83,26.65,27.03,26.01,24.39,25.17,25.92,24.92,25.44,25.75,25.69,25.56,24.76,25.54,24.47,25.19,25.19,25.94,25.91,25.47,25.68,26.37,26.0,26.23,26.11,26.33,26.38,26.39,26.6,26.82,27.17,27.11,26.57,27.13,26.32,25.94,25.0,25.3,25.35,25.36,25.54,25.09,25.75,25.28,25.58,25.17,24.63,25.01,25.8,25.5,25.51,25.27,26.3,26.06,26.38,25.91,26.48,26.34,26.36,26.26,26.49,26.26,26.82,25.78,26.6,26.94,26.36,26.03,25.36,25.05,25.05,25.44,25.94,25.82,25.5,26.16,25.35,25.27,25.42,25.19,26.09,26.34,25.43,25.78,25.85,26.25,25.99,25.93,26.54,26.48,26.76,26.38,26.74,26.45,25.92,27.21,26.01,27.66,25.97,26.65,25.76,25.27,25.18,25.34,25.94,25.45,26.23,25.92,25.54,25.8,24.88,25.46,26.06,26.16,25.25,26.03,26.06,25.88,26.16,25.93,26.52,26.45,26.86,26.66,26.47,26.48,26.59,27.12,26.42,27.08,25.53,25.85,24.8,25.9,25.57,26.04,25.47,25.8,25.62,26.22,25.95,26.25,28.24,26.21,27.24,27.29,26.38,26.12,25.75,26.2,26.16,26.61,26.12,27.27,26.61,26.37,26.14,26.51,26.56,26.88,26.4,26.54,26.31,26.23,26.45,25.52,25.53,25.93,25.54,25.59,26.0,25.81,25.68,26.81,28.27,29.06,27.7,27.99,26.01,25.99,26.26,25.69,25.92,25.93,26.31,26.34,26.69,26.2,26.98,26.6,26.8,26.54,27.55,27.14,26.12,26.11,25.87,26.22,25.77,26.11,25.6,26.08,25.82,25.65,25.98,27.76,29.42,29.55,28.91,28.96,25.52,26.17,25.95,26.34,25.74,25.83,26.23,26.12,26.39,26.54,26.92,27.27,27.3,27.29,26.6,27.7,25.79,26.59,26.25,24.95,25.79,25.65,25.5,25.15,26.09,25.99,26.28,26.91,29.35,28.42,29.17,27.99,26.35,25.76,26.59,26.23,25.78,25.99,26.33,26.61,26.64,26.84,26.61,26.68,26.8,27.18,28.38,28.05,25.69,26.33,26.26,26.46,25.57,25.22,25.61,26.27,25.78,25.96,26.04,27.86,27.99,28.58,28.59,28.0,26.03,25.61,26.04,26.68,25.61,25.53,25.94,26.49,26.09,26.65,26.59,27.18,27.76,27.33,27.7,27.47,26.59,25.93,25.58,25.87,26.24,25.64,26.1,26.15,25.79,25.24,26.76,26.54,28.24,28.21,28.81,28.7,26.4,26.24,26.61,25.9,25.66,26.2,26.45,26.04,26.37,26.92,26.72,27.03,26.76,27.22,27.78,26.84,25.92,25.92,25.61,25.7,26.17,25.91,25.68,25.72,25.97,25.8,25.75,26.05,26.59,27.97,28.13,28.05,26.21,25.65,26.15,26.56,26.74,25.78,25.99,26.01,26.26,26.04,25.97,27.24,26.7,26.63,27.02,27.52,26.07,24.69,26.15,24.68,26.12,25.58,25.57,26.15,25.77,25.45,26.11,25.95,26.4,27.0,27.91,27.73,25.79,25.62,26.01,26.1,26.69,26.27,26.09,26.61,25.72,26.97,27.09,26.41,26.52,27.06,28.22,27.25,26.09,26.49,25.63,25.22,25.87,26.4,25.67,26.04,25.89,25.91,25.62,26.72,26.02,26.08,26.37,26.73,26.3,25.83,25.33,26.96,26.1,26.1,25.88,26.31,26.07,26.02,26.36,27.44,27.02,26.27,27.62,28.91,25.96,25.79,25.77,24.9,26.11,25.51,26.09,25.66,26.02,26.19,26.42,25.78,26.67,25.92,26.9,26.23,26.42,26.13,26.54,25.6,26.64,26.68,26.69,26.37,26.02,26.07,26.81,26.71,26.49,27.35,28.19,27.17,26.43,25.15,25.33,25.79,24.76,26.62,25.52,26.89,25.18,25.72,25.0,26.13,25.23,25.76,25.97,26.13,26.4,25.72,25.79,26.36,26.35,26.5,26.5,26.78,26.09,25.7,26.27,26.31,26.64,27.58,27.01,27.18,26.52,25.61,25.86,24.51,26.22,25.71,26.13,26.58,25.26,25.52,25.68,25.54,25.94,25.81,26.1,25.97,26.02,25.7,26.54,25.38,25.83,25.85,26.58,26.48,26.38,25.54,26.51,26.64,27.23,27.16,27.65,27.58,26.78,27.51,25.12,27.2,24.41,25.34,25.25,26.15,25.55,25.68,24.78,25.95,25.32,25.66,24.75,26.03,25.87,26.22,24.77,26.66,25.68,26.29,25.46,26.59,25.46,24.91,26.11,25.68,26.11,26.24,26.83,29.73,27.3,26.16,26.6,26.11,25.06,25.78,25.75,25.55,25.43,25.83,26.13,25.57,25.85,25.21,26.11,25.47,25.4,25.8,25.58,26.54,25.88,25.95,26.44,25.72,26.14,25.8,25.17,25.78,26.0,26.12,28.2,29.56
2020-06-29 16:09:17.2076,0,25.89,24.87,24.43,25.28,24.79,24.08,25.42,25.07,26.12,25.77,25.51,26.31,26.25,26.21,26.28,26.51,25.87,25.49,26.2,25.69,25.43,26.57,26.31,26.58,27.19,26.16,28.01,26.62,26.8,26.67,27.89,28.18,24.69,25.62,24.87,25.17,24.83,23.94,24.5,25.47,24.77,25.18,25.17,25.87,25.63,26.61,25.44,26.72,25.37,26.16,25.54,26.2,26.28,25.95,25.72,25.78,26.74,26.17,26.08,27.18,27.0,26.97,28.0,27.96,26.96,25.27,26.07,25.5,26.04,24.78,24.51,24.66,25.19,24.41,25.12,25.19,25.42,25.68,25.96,25.74,26.25,26.06,26.11,25.99,25.77,25.69,26.17,25.76,26.78,26.75,26.16,26.04,26.1,26.3,25.97,26.81,25.7,25.51,24.96,25.08,24.4,25.09,24.7,25.03,24.55,25.23,25.08,25.25,25.92,25.31,25.74,25.72,25.6,26.09,25.44,25.84,25.79,26.09,26.02,25.88,25.47,25.59,26.17,26.25,25.65,26.47,27.36,26.93,26.61,25.9,25.63,25.2,25.19,24.66,24.91,24.79,25.02,25.16,26.11,25.26,25.39,25.5,25.54,25.65,26.06,25.67,26.35,25.87,26.12,25.66,25.77,26.16,26.68,25.94,25.79,25.58,26.41,26.52,27.71,26.41,26.01,26.04,24.62,25.27,25.29,25.02,24.72,25.33,24.54,24.8,25.35,24.97,24.86,25.27,24.68,25.76,25.89,25.61,25.82,25.91,25.9,25.88,25.97,26.81,26.35,26.62,25.44,26.83,26.07,26.86,26.83,27.09,26.49,25.82,25.26,25.16,25.08,24.91,25.33,24.84,25.72,24.97,25.34,24.86,24.81,24.98,25.62,25.22,25.23,25.46,26.01,26.05,26.34,26.01,26.25,25.97,26.53,25.89,27.02,25.54,27.35,26.63,26.6,26.75,25.75,25.97,25.0,25.65,25.05,24.84,25.15,25.62,25.4,25.31,25.36,25.52,24.63,25.73,25.49,25.73,25.31,25.6,25.7,25.98,26.06,25.73,26.15,26.71,26.59,26.04,25.96,26.98,26.66,26.58,26.77,27.34,26.38,24.98,25.7,25.2,25.62,25.3,25.6,25.2,25.53,26.05,25.48,25.57,26.79,25.96,27.91,26.05,25.26,25.4,26.06,25.95,25.91,26.22,26.67,26.15,26.22,25.89,26.51,26.18,26.67,25.87,27.55,26.97,25.96,25.66,25.44,25.14,25.44,25.37,25.08,26.07,25.01,24.97,25.64,25.83,26.49,28.59,26.99,27.96,25.81,25.59,25.96,26.67,25.96,26.25,26.2,26.8,26.29,26.34,26.85,26.51,26.86,25.54,26.91,27.11,25.91,25.84,25.77,25.74,25.6,25.26,26.21,25.44,25.43,25.79,25.57,26.64,28.64,28.97,28.17,27.74,25.86,25.93,26.52,25.72,26.28,26.12,26.76,26.41,26.63,26.48,26.29,26.5,26.03,26.87,27.39,26.53,25.6,25.75,25.83,25.85,25.39,25.32,25.65,25.85,25.45,25.73,25.77,26.74,28.26,29.45,28.59,28.2,25.91,25.92,25.78,26.0,25.81,26.45,26.1,26.58,26.35,26.34,26.48,26.63,27.07,26.43,26.26,27.17,26.5,25.59,25.89,24.88,25.54,25.98,25.51,25.5,25.95,25.95,26.01,26.49,27.23,28.72,28.57,27.97,25.64,25.6,26.34,26.14,25.76,25.33,25.95,25.8,26.19,26.65,26.32,26.25,26.07,26.58,26.95,27.03,25.61,25.43,25.94,25.57,26.43,26.43,25.49,25.76,25.23,25.38,25.88,25.86,27.61,28.07,27.9,29.26,26.16,26.07,25.76,26.34,25.58,25.43,25.71,26.43,26.2,26.18,26.23,27.21,26.8,27.21,26.59,27.42,25.9,25.64,26.28,26.0,25.99,25.73,26.0,25.67,25.69,25.64,26.26,25.94,26.31,28.39,28.79,28.55,26.15,25.88,26.54,26.29,25.73,25.93,26.17,26.37,26.79,26.53,26.49,26.91,26.94,27.18,27.39,27.3,26.05,25.79,24.8,25.44,25.57,25.54,25.62,25.82,25.46,25.59,25.94,26.87,26.82,27.86,28.99,27.99,26.3,25.8,26.23,26.31,25.76,26.12,25.62,26.07,25.68,26.6,26.2,26.27,26.61,27.53,26.95,27.21,26.13,25.38,26.44,25.85,26.2,25.37,25.83,26.09,25.88,25.47,26.31,25.94,26.12,26.81,28.44,27.47,25.94,25.84,26.46,26.45,26.66,25.78,26.66,26.22,26.51,26.03,25.99,26.14,27.02,26.92,28.08,26.99,26.06,24.72,25.65,25.82,25.42,25.34,25.56,26.06,25.42,25.37,25.68,25.98,25.19,26.34,27.23,27.36,25.97,25.84,25.9,26.53,25.76,25.78,26.08,26.85,26.3,26.03,26.28,27.4,26.08,27.08,26.66,27.11,26.12,25.37,25.66,25.37,24.88,25.98,25.7,25.38,26.39,25.9,26.53,25.72,25.73,25.87,26.6,26.01,26.33,25.92,26.19,25.61,25.59,25.77,26.94,26.42,26.22,25.89,27.09,26.58,27.2,26.27,28.54,27.61,25.76,25.26,24.56,25.59,25.09,25.68,25.55,26.08,26.02,25.63,25.51,26.48,25.6,26.16,25.86,26.15,25.9,25.84,25.9,25.84,25.78,26.26,25.99,26.51,25.64,25.97,26.38,26.3,26.64,25.96,27.46,28.33,26.05,25.15,26.27,26.13,25.89,25.69,26.12,26.05,26.49,25.58,25.51,25.64,25.71,25.64,26.21,25.57,25.98,25.71,26.6,26.01,26.95,26.14,26.52,26.15,25.98,26.51,26.59,25.99,27.33,26.54,28.21,26.15,25.44,25.64,25.86,25.43,25.58,25.43,25.54,26.32,24.73,25.93,24.56,25.44,25.59,25.38,25.64,26.11,25.56,25.62,25.85,26.23,25.94,26.6,26.44,26.12,25.7,25.71,25.59,26.03,26.39,26.31,26.63,27.83,25.82,26.18,25.35,26.03,25.64,24.49,25.91,26.14,24.87,25.25,25.61,25.16,25.22,25.66,25.02,25.9,26.14,25.62,25.92,25.51,26.09,25.88,25.63,25.73,25.2,24.59,25.15,25.16,26.5,26.61,27.57,26.9,27.01,25.96,25.38,25.75,25.23,25.3,25.74,25.43,25.42,25.86,25.72,25.47,25.59,25.62,25.47,26.01,26.02,25.33,25.32,25.93,26.53,26.78,25.59,26.76,25.24,25.52,25.33,26.5,25.99,26.15,26.86,28.62
2020-06-29 16:09:17.3358,0,26.38,26.58,27.27,25.99,24.79,24.85,24.55,25.09,25.5,25.49,25.96,26.33,25.98,25.68,25.61,26.12,26.13,25.51,25.51,26.54,26.71,26.73,26.46,26.75,26.54,26.52,27.46,26.83,27.51,28.4,28.45,28.87,27.6,26.3,26.02,25.59,25.22,24.65,24.86,25.63,25.85,25.48,25.61,25.6,25.92,25.96,26.11,26.2,25.52,25.78,26.63,26.34,26.44,26.92,26.18,26.38,26.91,26.99,26.81,26.82,27.43,27.2,28.03,28.51,28.39,26.26,26.47,25.33,25.2,23.8,24.82,25.13,25.75,25.79,25.52,25.08,25.79,25.46,26.57,25.52,26.37,26.08,25.87,26.01,26.89,25.84,25.49,26.05,26.92,26.18,25.84,26.91,27.7,26.32,27.92,28.95,26.98,27.04,26.32,25.46,25.73,25.09,25.32,25.61,25.25,25.1,25.1,25.63,26.06,26.03,25.76,25.95,26.54,26.78,26.4,26.08,26.05,26.09,26.43,26.42,25.49,26.17,26.66,26.08,27.4,26.47,27.85,27.22,26.4,26.32,24.17,24.87,25.35,24.99,25.34,25.09,25.66,25.43,25.52,25.76,25.39,26.19,25.43,25.56,26.17,25.81,25.91,25.78,26.24,26.03,26.14,26.06,26.42,26.36,26.52,26.52,26.25,26.21,26.91,26.88,27.05,26.04,26.4,24.93,25.31,25.03,25.3,25.6,26.05,25.66,25.25,25.67,25.42,25.71,25.47,26.08,26.12,26.36,26.16,26.35,26.15,26.22,26.34,26.33,26.63,26.49,25.9,26.98,26.41,27.03,26.46,27.7,26.87,26.21,24.92,25.35,25.8,24.66,25.85,25.63,25.96,25.11,25.78,25.77,25.34,25.51,26.24,25.85,25.74,25.18,26.21,26.07,26.24,26.03,26.7,27.04,26.77,25.91,26.76,26.41,27.65,26.65,27.13,26.77,26.15,25.79,25.02,24.69,25.08,26.07,25.3,25.37,26.47,25.65,25.7,25.74,25.87,27.82,26.91,26.63,25.33,25.9,26.02,26.29,26.4,26.77,26.39,26.37,26.14,26.29,26.38,27.12,25.78,25.96,27.14,26.61,26.92,26.39,25.39,25.22,24.94,25.85,25.48,25.59,25.98,25.96,25.9,25.59,26.98,28.93,28.0,27.77,26.22,25.8,25.97,26.36,26.41,26.64,26.04,26.5,26.45,26.39,26.77,26.46,26.95,26.19,26.71,27.85,26.69,25.49,25.15,24.68,25.19,25.9,25.83,25.23,25.69,25.41,26.18,25.83,27.64,28.88,28.03,26.85,25.73,25.87,26.55,26.48,26.27,26.55,26.43,26.59,26.31,26.57,26.74,26.12,26.88,26.71,26.6,27.62,26.97,25.18,25.46,26.52,26.0,25.8,25.37,25.93,25.87,25.7,25.57,26.06,26.76,28.99,28.72,27.21,26.59,25.86,26.34,26.4,26.09,26.14,26.15,26.75,27.08,26.61,26.41,26.39,26.86,26.47,26.75,26.88,26.33,25.92,26.93,25.1,25.41,25.58,25.79,25.74,25.47,25.73,25.79,25.35,27.35,27.72,28.08,29.19,26.38,26.11,26.36,26.48,26.6,26.64,26.63,26.69,26.04,26.34,26.75,27.01,27.63,26.85,27.25,27.0,26.67,25.95,25.44,26.24,26.45,25.75,24.79,25.98,26.06,25.87,25.21,25.52,26.02,28.0,29.21,29.33,26.38,26.18,26.25,26.16,26.05,25.94,26.36,26.65,26.2,26.45,26.82,26.01,27.05,26.74,27.28,27.05,26.67,26.79,26.11,26.02,25.28,25.68,25.99,25.18,25.68,26.22,25.6,26.16,26.53,27.14,29.18,28.28,27.0,26.07,25.96,26.25,25.7,25.92,26.34,26.53,26.98,27.09,26.37,26.96,27.23,27.49,27.1,27.42,26.61,27.2,25.98,26.32,26.0,25.88,26.0,25.58,25.7,25.66,26.07,26.36,25.93,27.3,28.07,28.29,26.71,26.27,26.06,26.41,26.13,26.14,26.07,26.29,26.57,26.44,26.11,26.41,28.07,26.62,26.4,27.65,26.78,26.3,26.82,25.75,25.86,25.93,26.24,25.59,25.8,26.02,25.56,26.06,26.55,28.05,28.1,27.53,26.14,25.99,26.72,26.03,26.07,26.33,26.16,26.5,26.72,26.01,26.22,26.93,26.78,26.81,27.13,27.89,27.22,25.23,25.64,25.71,26.34,25.79,25.7,25.24,25.54,25.6,26.42,26.06,25.93,27.5,27.59,27.87,25.75,25.76,25.98,26.27,26.16,26.31,26.77,26.35,26.63,26.05,26.13,26.85,27.17,27.25,27.91,27.71,27.0,25.97,26.0,26.44,25.72,25.48,25.58,26.06,25.9,26.36,25.81,26.3,26.02,26.54,27.44,27.36,25.9,25.94,26.12,26.43,26.8,26.71,26.54,25.97,26.32,26.52,26.97,27.13,26.83,27.24,27.89,27.8,25.54,25.95,24.82,25.56,25.75,26.14,25.96,26.31,26.51,25.81,26.43,26.18,26.25,26.62,26.4,26.03,26.74,25.94,25.67,26.46,25.92,26.33,26.48,26.32,26.84,26.42,26.25,26.74,27.2,26.29,28.01,28.0,25.97,25.82,24.93,25.76,25.98,25.25,25.57,25.29,25.68,26.1,26.21,26.15,25.73,26.48,26.3,26.25,25.92,26.15,25.82,26.16,26.66,26.38,26.36,26.51,26.41,26.23,26.68,26.45,27.13,26.59,27.84,27.76,25.84,26.36,25.73,25.98,25.89,26.02,25.69,26.07,26.11,25.98,25.39,25.78,25.94,26.0,26.11,26.15,25.98,25.51,25.93,26.26,26.26,26.63,26.77,26.42,26.51,26.66,26.14,26.63,26.01,27.42,27.62,29.01,26.54,26.04,26.06,25.43,25.6,25.58,26.0,25.75,26.06,25.81,25.94,25.07,25.38,26.18,26.23,26.46,26.15,26.63,25.98,26.12,26.2,26.24,26.34,26.51,25.99,26.68,26.38,26.35,27.08,27.01,27.86,28.47,25.81,26.64,24.55,27.02,24.96,25.85,25.91,26.47,25.29,26.24,25.35,26.1,25.6,25.93,25.89,25.79,25.78,25.52,25.55,26.29,26.22,25.91,26.45,26.32,25.93,25.53,25.15,25.52,26.5,26.44,28.51,27.21,26.47,25.95,25.4,26.74,24.91,25.64,26.09,24.95,25.16,25.72,26.28,25.87,25.74,25.88,25.99,25.88,25.79,25.95,25.6,25.67,26.29,26.38,26.59,26.62,25.71,26.44,25.86,26.33,26.74,27.3,28.48,29.59
2020-06-29 16:09:17.4642,0,26.84,27.83,26.74,25.77,24.78,24.85,24.19,25.95,26.42,25.64,24.91,25.76,26.92,26.24,26.0,26.8,26.65,26.18,26.19,26.27,26.97,26.31,25.98,26.61,27.33,26.69,26.52,27.03,27.97,26.41,28.43,30.83,25.14,26.96,26.7,25.57,24.31,23.92,25.04,25.12,25.7,26.05,25.76,25.86,26.06,25.81,26.25,25.79,26.17,25.89,26.11,26.32,25.9,25.8,26.04,26.06,26.92,25.83,27.0,26.98,27.23,27.18,27.16,26.16,27.8,26.02,25.26,25.92,26.2,24.64,23.87,25.44,25.87,24.57,25.63,25.61,25.89,25.83,26.43,25.53,26.47,26.8,25.85,26.14,26.38,25.46,25.88,26.2,26.9,26.48,26.3,26.58,26.8,26.52,27.35,27.55,26.99,26.37,24.79,25.06,25.58,25.07,25.32,24.13,25.25,25.08,25.36,25.48,26.07,25.53,25.65,26.4,25.74,26.08,26.18,25.11,26.41,26.32,25.52,26.54,26.2,25.86,26.19,26.07,26.03,26.27,26.19,26.61,25.96,25.13,25.07,25.76,25.18,24.84,24.47,24.55,24.62,25.81,25.38,25.76,25.04,25.97,25.75,25.79,25.94,26.03,25.67,26.24,26.34,26.27,26.61,26.81,26.93,26.91,26.21,26.07,26.56,25.87,26.89,27.99,25.84,26.02,25.71,25.94,24.71,25.45,25.17,24.92,25.44,25.52,25.6,25.42,25.1,25.48,26.02,25.42,25.6,25.92,25.52,26.23,26.38,25.97,26.11,26.31,26.77,26.34,25.9,26.37,25.94,26.68,26.66,26.66,26.28,24.92,24.57,25.35,25.93,25.64,25.45,25.38,25.94,25.35,24.99,25.89,25.84,26.64,27.85,26.27,26.02,25.28,25.79,25.87,26.11,25.61,26.35,26.7,26.03,26.54,26.07,26.56,27.49,26.66,26.58,25.65,25.22,26.86,25.03,24.35,24.94,25.37,25.31,25.48,25.66,25.29,25.38,25.18,25.98,27.61,28.2,27.9,26.02,26.18,26.32,25.67,26.09,26.34,26.39,26.58,26.5,26.39,27.17,26.97,25.63,27.02,27.32,26.41,26.37,26.05,25.21,25.23,25.88,25.46,25.71,25.6,25.74,25.97,25.25,25.91,26.87,28.28,29.01,27.4,26.68,25.9,26.05,26.08,25.8,26.55,26.55,26.61,26.66,26.51,26.88,26.47,26.22,26.49,26.69,27.34,26.88,26.15,25.16,24.51,25.47,25.09,26.08,25.34,25.48,25.61,26.08,26.02,26.9,27.37,28.67,28.69,27.05,26.79,25.99,26.27,25.8,26.73,26.86,26.03,26.21,26.67,26.37,26.1,26.47,27.57,26.27,26.92,26.95,26.21,25.44,25.77,24.92,25.68,25.6,25.35,25.41,25.71,25.16,25.57,25.69,27.53,29.69,29.48,28.11,26.32,26.23,26.88,26.17,26.44,26.85,26.23,26.73,26.73,26.4,27.17,26.85,26.48,26.41,27.56,25.81,26.41,26.32,25.83,26.07,26.07,25.8,25.14,25.7,25.72,25.6,25.83,25.75,26.32,29.42,29.35,27.65,26.83,26.0,26.55,26.22,26.72,26.64,26.24,26.71,26.67,26.51,26.61,27.64,26.83,26.93,27.15,25.61,26.97,25.72,25.95,25.52,25.37,25.37,25.87,26.15,25.36,25.79,25.73,25.63,26.7,28.29,28.62,27.09,26.37,26.14,26.36,25.94,26.05,26.24,26.55,26.84,26.57,26.31,26.91,26.61,26.61,26.94,26.72,26.16,26.43,25.82,25.56,25.81,25.66,25.87,25.63,25.79,25.68,25.81,25.94,25.69,26.66,28.02,27.64,27.09,26.61,26.42,26.05,25.51,26.0,25.84,26.21,26.66,27.19,26.88,26.81,27.38,26.48,27.92,26.91,27.12,26.01,25.96,24.83,26.25,25.63,25.75,26.05,26.22,26.09,26.05,25.87,26.49,27.12,28.96,28.67,26.32,25.91,26.52,26.7,25.92,26.05,26.46,26.4,26.44,26.68,26.09,26.81,28.05,26.48,27.05,26.65,26.61,25.42,25.75,26.03,26.13,25.13,26.12,24.85,26.02,26.0,26.38,25.84,26.56,27.94,29.29,28.34,26.24,26.07,26.16,26.49,25.88,26.21,25.95,25.95,26.73,26.58,26.35,27.04,27.07,27.08,26.31,27.19,25.74,26.29,26.1,26.49,25.77,25.53,25.19,26.48,25.75,26.04,25.98,25.75,25.71,26.83,27.28,28.26,26.79,25.96,26.26,26.58,26.65,26.11,26.43,26.03,26.62,26.3,26.78,26.72,27.3,26.8,27.03,28.06,27.37,25.42,26.17,25.48,25.59,26.0,25.46,25.54,25.79,25.91,25.6,25.43,25.72,25.72,26.77,26.66,25.9,26.32,26.13,26.21,26.4,26.59,26.22,25.84,26.33,26.13,26.71,26.56,26.99,26.91,27.73,27.09,25.72,25.59,24.8,25.4,26.02,26.28,25.68,26.32,25.78,26.28,25.4,26.19,26.03,25.26,26.39,26.55,26.32,26.15,26.69,25.84,26.22,26.77,26.12,26.56,25.96,26.68,26.37,26.46,26.87,27.08,27.63,26.89,25.59,25.8,25.45,25.74,25.41,25.66,25.98,25.54,25.45,26.2,25.99,26.02,25.52,26.25,26.41,26.03,26.54,25.72,26.35,26.14,26.24,26.47,26.48,25.43,25.91,26.73,25.69,26.14,26.66,26.26,28.03,27.36,26.44,25.77,25.71,25.29,25.24,25.72,26.1,26.77,25.84,25.99,25.85,25.43,25.47,26.11,26.31,26.04,26.08,25.52,26.37,26.38,26.01,26.05,26.51,26.68,26.36,26.26,26.58,26.48,26.49,27.43,26.82,28.01,26.33,26.22,25.7,24.52,25.29,25.41,25.86,26.02,25.68,26.43,25.08,25.67,25.85,26.05,25.55,25.76,26.26,26.39,26.79,25.86,25.97,26.22,26.6,25.97,25.73,25.97,26.23,26.17,26.92,27.34,27.06,28.24,26.04,26.21,25.93,25.87,25.96,25.52,25.89,25.71,26.26,25.84,24.93,25.58,25.08,25.93,25.38,25.55,25.88,25.52,25.66,26.43,26.07,26.18,25.75,26.32,26.06,26.29,25.63,25.53,26.3,27.01,27.79,29.47,26.76,25.68,26.42,26.72,25.43,25.79,25.93,25.72,25.31,25.98,26.29,25.31,25.61,25.47,25.5,25.99,26.17,25.68,25.86,26.17,25.91,26.63,26.18,26.31,26.01,25.81,25.53,26.48,26.2,27.47,26.89,29.24
2020-06-29 16:09:17.5922,0,27.39,24.89,26.0,25.07,24.8,23.91,24.56,24.23,26.13,25.33,25.97,26.04,26.12,25.95,25.61,25.57,25.87,25.5,25.93,25.98,26.29,26.3,26.62,26.44,27.52,26.85,26.73,26.44,27.53,26.69,29.05,24.85,24.71,28.34,26.91,26.03,24.3,23.77,25.03,25.15,24.94,24.89,25.18,26.3,25.78,25.56,25.84,26.86,26.28,25.53,25.96,27.02,26.03,26.24,26.61,26.84,26.13,26.18,27.16,27.01,26.81,27.46,27.15,32.48,25.81,25.29,24.89,26.48,24.36,24.13,25.59,24.67,25.34,25.24,25.39,25.08,25.92,24.96,26.09,25.39,25.9,26.08,25.99,25.51,26.03,25.2,25.77,26.73,27.21,26.03,26.33,25.89,26.47,26.7,27.66,26.83,26.23,26.4,25.55,25.09,25.24,24.77,24.87,25.77,24.84,25.37,24.71,26.26,25.82,25.79,25.64,26.07,25.96,25.98,25.46,26.56,25.44,26.1,25.9,26.03,25.49,27.04,26.34,26.42,26.88,26.48,27.14,28.67,26.62,25.92,25.09,25.74,24.74,25.13,25.06,25.22,25.41,25.17,25.05,24.68,25.29,25.4,25.77,25.78,26.29,25.8,26.03,25.66,26.24,25.91,26.27,26.05,26.16,25.82,26.24,26.36,25.44,26.54,27.52,27.31,25.42,26.25,25.52,24.93,24.55,24.29,24.74,25.34,25.3,25.05,25.59,25.44,25.09,25.5,25.35,26.51,25.8,25.72,26.05,26.25,26.47,26.33,26.1,25.97,25.85,26.5,25.89,27.58,26.57,26.87,26.65,28.11,26.31,25.83,25.27,25.18,25.52,24.65,25.34,25.63,25.25,25.45,25.24,25.21,25.65,26.83,28.16,27.57,26.14,25.78,26.21,25.65,26.45,26.24,26.37,25.64,26.17,26.4,27.03,26.83,26.44,26.17,26.43,26.39,25.58,25.8,24.85,24.86,24.93,25.26,24.53,25.5,25.53,25.88,26.12,25.42,25.87,27.33,29.55,28.99,25.52,25.9,25.81,26.09,26.29,26.47,26.49,26.38,26.49,26.54,26.63,26.71,25.92,26.43,26.79,27.35,26.03,25.52,25.71,25.37,25.76,25.31,25.73,25.46,25.53,25.3,25.38,25.8,26.51,27.51,30.41,28.89,26.89,25.79,25.78,26.16,25.62,25.83,26.57,26.28,26.11,25.67,26.13,26.46,27.24,26.03,27.56,27.33,26.16,26.35,25.77,25.77,24.78,25.38,25.58,25.0,25.58,25.84,25.45,25.42,25.27,26.44,29.84,29.81,27.78,26.72,26.36,26.29,26.07,26.55,26.01,26.8,26.08,26.46,26.74,26.78,26.45,26.14,26.6,27.12,26.8,25.86,25.47,24.84,25.21,25.27,25.62,25.45,25.11,25.38,25.58,25.46,26.0,26.12,28.99,29.38,28.48,27.13,25.87,26.11,26.19,25.84,26.15,26.22,26.42,26.38,26.54,26.26,26.87,26.89,26.92,27.21,26.15,25.93,25.07,26.31,25.54,26.1,25.79,25.74,25.79,25.63,25.39,26.15,25.55,26.53,28.61,28.92,27.9,26.57,25.61,26.39,26.02,26.26,26.73,26.37,26.26,27.14,26.5,27.14,26.54,27.0,26.76,27.18,26.68,26.62,25.75,25.19,25.55,25.23,25.75,25.4,25.75,25.24,25.91,25.62,25.55,26.12,27.94,28.43,27.11,26.36,26.34,25.69,25.48,25.84,26.16,26.43,26.42,26.33,26.33,26.39,26.78,26.74,27.29,27.54,25.28,26.12,25.66,26.32,25.54,26.06,25.62,26.11,25.89,26.12,26.09,25.87,25.21,26.58,28.1,29.0,26.36,26.72,25.59,26.16,25.69,26.02,26.13,26.64,26.21,26.3,26.24,26.2,26.12,27.07,26.77,27.43,26.97,26.17,25.83,25.42,25.87,25.49,26.13,25.33,25.6,25.76,26.17,26.46,26.03,27.2,28.43,28.75,26.53,25.71,26.54,26.21,25.54,25.84,26.17,26.39,27.14,26.32,26.12,26.41,27.93,26.76,27.07,27.31,25.89,26.48,25.28,26.2,25.85,25.42,25.87,26.07,25.37,25.92,25.65,26.07,26.07,26.65,28.28,27.44,26.04,25.99,26.24,26.32,26.27,25.73,26.05,26.29,26.26,26.14,26.85,26.54,26.05,27.25,26.3,27.56,25.95,25.04,25.49,25.86,26.07,25.52,25.46,25.61,26.0,25.59,26.1,25.85,25.73,25.84,26.34,26.99,26.72,26.14,26.27,26.17,26.06,26.1,26.88,26.35,26.98,25.81,26.8,26.29,27.17,27.24,28.25,26.48,26.99,25.81,25.99,26.29,25.29,26.16,25.2,26.44,25.78,25.6,25.37,25.88,24.8,25.85,25.58,26.39,26.38,25.95,26.01,25.94,26.8,26.4,25.87,26.53,26.55,26.88,26.29,26.59,26.09,26.94,27.2,28.33,26.51,25.2,25.84,25.72,25.47,25.71,26.1,25.66,26.04,25.68,26.1,26.51,25.94,25.46,25.79,25.92,26.44,25.53,26.09,26.24,26.35,26.22,26.72,26.32,26.72,26.29,26.54,26.31,27.36,26.44,27.84,28.0,25.77,25.46,25.09,26.1,24.66,26.11,26.1,26.09,25.43,26.11,25.64,26.04,26.04,25.85,26.4,25.74,25.91,26.78,25.92,26.16,26.12,25.83,26.12,26.87,26.15,26.37,25.97,26.89,26.5,27.55,28.2,27.78,27.09,25.76,26.1,25.45,26.06,25.4,25.7,25.36,25.09,25.72,25.88,25.42,26.06,25.54,26.11,25.81,25.66,25.84,26.5,26.26,26.26,25.8,26.28,26.04,25.72,26.52,26.0,26.93,26.84,27.07,27.24,27.59,26.32,26.66,25.87,25.62,25.59,25.59,25.85,26.33,25.8,25.43,25.44,25.57,25.26,25.39,25.88,25.32,25.8,25.96,25.63,26.47,26.43,26.25,26.33,26.13,25.44,26.0,25.76,26.68,27.24,26.33,26.45,28.92,27.07,25.31,25.76,25.27,24.97,25.35,25.45,25.69,26.0,25.69,25.49,24.64,25.48,25.29,25.89,25.66,25.78,25.63,25.93,26.04,25.58,26.03,26.46,26.03,25.06,25.83,25.82,25.69,26.33,26.44,28.06,27.2,25.34,26.45,25.6,26.16,24.9,25.48,25.6,26.23,24.58,25.45,25.47,25.75,25.08,25.5,25.23,25.51,25.91,25.22,26.1,26.07,25.5,26.26,26.17,26.2,25.1,25.38,25.68,26.34,26.55,25.97,26.61,28.97
2020-06-29 16:09:17.7212,0,28.32,27.85,26.49,24.18,24.4,24.49,24.54,25.62,26.43,26.1,25.95,25.62,25.97,25.97,26.14,26.4,26.26,25.65,26.06,26.42,26.14,26.6,25.84,26.92,26.37,26.53,27.08,26.85,26.79,27.0,29.02,30.22,26.4,26.29,25.36,26.01,25.6,24.64,25.55,24.8,24.96,25.91,25.77,25.03,25.8,26.21,25.73,25.66,26.43,26.02,26.51,25.93,26.59,25.81,26.19,26.07,26.92,26.33,26.65,26.44,27.45,28.14,29.78,28.51,28.1,26.03,26.06,25.73,24.68,24.15,24.65,25.14,25.32,25.67,25.64,25.61,25.29,25.84,25.71,25.89,26.12,26.45,26.22,26.38,25.77,26.23,26.02,25.79,26.34,26.04,26.63,26.75,26.63,27.29,27.64,28.62,27.25,26.16,26.72,25.26,24.11,24.92,26.21,25.31,24.99,25.22,25.49,26.12,25.48,26.01,26.24,26.75,26.09,26.08,25.59,26.07,26.06,25.83,26.05,25.87,26.34,26.45,26.2,25.91,26.38,26.46,27.63,27.21,25.76,26.53,25.8,25.41,25.18,25.15,25.33,24.55,25.01,24.69,25.75,25.77,25.71,25.53,26.21,26.01,26.16,25.92,26.35,26.35,26.0,26.04,26.73,26.07,26.01,26.37,26.51,26.23,26.08,26.05,26.3,27.11,26.05,25.44,25.89,25.95,25.17,25.16,25.86,25.33,25.44,25.77,25.38,25.43,25.54,25.92,26.45,26.07,26.13,25.6,25.95,26.12,26.71,25.87,26.0,26.2,26.51,26.22,27.05,26.38,26.58,26.36,27.62,26.87,26.29,25.67,25.58,25.36,25.36,24.67,25.45,25.26,25.47,25.35,25.77,25.45,25.95,26.65,28.95,27.98,25.93,25.69,26.4,26.28,26.97,26.36,25.79,26.35,26.52,26.54,26.88,26.71,26.58,27.13,27.12,27.53,26.9,25.59,25.68,24.84,25.8,24.97,26.08,25.23,25.78,25.53,25.6,25.62,26.08,27.32,29.56,28.59,26.02,25.69,25.63,25.57,26.51,25.93,26.18,26.48,26.74,26.03,26.39,26.84,26.09,26.42,25.93,26.23,26.73,26.23,25.53,25.23,25.2,24.93,25.22,25.48,25.86,25.09,25.58,25.81,26.21,27.05,30.12,29.55,26.97,26.56,25.77,25.98,26.3,26.75,26.56,26.94,26.21,26.04,26.12,26.61,26.51,26.79,27.37,26.83,26.35,25.65,25.63,25.29,26.01,25.36,25.24,25.7,25.48,25.18,25.88,25.72,25.19,26.33,29.76,30.16,27.89,26.61,25.99,26.18,26.19,26.54,26.44,26.47,26.21,26.45,26.88,26.24,26.75,26.7,27.27,26.24,26.08,26.73,26.23,25.93,25.59,26.07,25.36,25.7,25.53,25.08,25.46,25.87,25.6,26.42,28.89,29.12,27.39,26.51,25.57,26.03,26.08,26.54,26.65,26.76,26.52,26.51,26.89,26.79,26.3,26.76,27.06,27.73,26.51,26.75,26.48,25.69,25.82,25.57,25.57,25.61,26.02,25.62,25.61,25.34,25.94,25.95,28.62,28.55,27.74,25.92,26.09,25.71,26.51,26.34,26.95,26.57,26.82,26.45,26.51,26.24,27.1,26.84,26.94,27.16,26.66,26.13,25.73,25.95,25.79,25.5,25.5,26.11,26.05,25.57,25.6,25.73,25.92,26.7,28.02,27.9,26.55,26.28,26.33,25.8,25.85,26.05,26.76,26.96,25.96,27.02,26.94,26.79,26.9,26.33,27.27,27.4,26.51,26.44,25.22,25.42,25.68,25.92,26.0,25.86,25.05,25.9,25.81,26.15,25.98,27.04,28.74,27.19,27.0,26.06,26.24,26.06,25.8,26.01,26.04,26.42,26.45,26.85,26.51,26.69,26.55,26.77,27.11,27.25,26.06,26.36,26.12,25.74,25.18,25.5,26.11,26.41,25.9,25.67,25.85,26.37,26.5,27.5,28.42,27.29,26.79,26.37,26.34,26.42,25.52,25.66,26.16,26.51,26.56,26.22,26.74,27.2,27.5,26.63,26.89,26.99,26.09,25.43,26.53,26.04,25.6,25.14,25.77,25.69,26.03,25.9,25.97,25.95,25.99,26.82,27.56,28.07,26.98,26.16,26.45,26.4,25.88,25.61,26.06,26.06,26.62,26.0,26.1,26.52,27.5,26.8,27.48,26.52,26.3,25.42,25.47,25.72,25.08,25.67,25.57,25.87,25.98,25.83,25.98,26.18,25.82,25.86,26.32,26.72,26.12,26.16,26.46,26.38,26.15,26.42,26.87,26.47,26.51,26.3,26.12,26.72,26.57,27.56,27.56,27.37,27.19,26.85,26.17,26.12,26.01,25.74,25.97,26.17,25.45,25.69,26.03,25.44,25.83,25.83,25.69,26.17,25.81,25.64,26.03,26.12,26.81,26.18,26.44,26.29,26.1,26.26,26.71,26.57,26.7,26.77,27.73,28.14,26.49,25.78,25.15,25.57,26.03,26.15,25.56,26.45,25.67,25.47,26.08,25.75,26.03,25.58,26.39,26.04,26.42,25.85,26.18,26.16,26.65,25.8,26.24,26.45,26.21,26.3,26.52,26.9,27.19,25.99,27.1,27.46,26.95,25.06,24.94,25.42,26.0,26.38,26.12,25.54,25.57,25.74,25.54,25.35,26.06,26.04,26.0,26.24,26.13,26.35,26.14,25.94,25.7,26.03,26.48,26.5,26.04,26.35,26.98,25.71,26.98,26.11,27.32,27.56,26.45,25.38,24.99,26.51,26.04,25.42,25.68,26.36,25.97,25.61,25.62,25.67,25.59,25.89,26.1,26.05,26.41,25.41,26.03,25.82,26.13,26.17,26.14,26.56,25.84,25.45,26.43,26.8,26.99,26.58,26.83,28.62,26.13,25.02,25.9,25.42,25.61,25.42,25.87,26.31,25.94,25.41,25.46,25.8,25.85,25.83,25.44,26.11,26.04,25.83,26.57,26.22,26.09,26.47,26.73,26.24,25.87,26.25,26.08,26.02,26.92,26.83,27.28,26.07,26.55,27.1,25.54,25.29,25.8,25.7,25.43,25.56,25.14,25.7,25.34,25.45,25.34,25.44,25.88,25.56,25.52,25.89,25.41,25.67,26.21,26.44,26.3,26.89,25.48,25.85,25.8,26.39,26.49,27.76,26.38,28.64,25.66,25.21,26.03,25.34,26.3,25.29,25.62,25.89,25.32,25.57,25.76,25.05,25.75,24.46,25.13,25.62,25.55,25.57,25.99,25.13,25.91,26.24,26.47,26.75,25.72,26.13,26.21,25.8,26.21,26.72,27.71,30.23
2020-06-29 16:09:17.8488,0,27.81,27.4,24.92,25.98,24.38,24.09,24.87,25.43,26.56,26.39,25.93,26.61,25.95,26.22,25.71,25.7,26.1,25.63,26.18,26.54,26.26,26.15,25.97,26.44,27.0,26.68,26.88,27.4,27.48,27.54,27.27,26.19,27.18,27.28,25.34,25.56,25.22,24.62,24.35,24.94,25.39,26.77,25.32,25.98,25.65,25.39,26.37,26.03,26.41,26.39,25.96,26.31,25.75,25.93,25.88,26.35,26.28,26.47,26.98,26.79,26.6,27.89,25.36,29.61,26.34,27.69,25.45,25.32,25.68,24.63,24.94,24.97,25.02,25.79,25.22,25.72,25.52,25.82,26.06,26.47,26.22,26.31,25.47,26.12,26.12,25.83,26.27,26.87,26.17,26.47,25.8,26.05,26.61,26.89,27.89,28.94,27.23,25.48,26.31,25.05,24.91,25.38,25.31,24.71,24.84,25.2,24.96,25.09,25.7,26.11,26.57,26.16,25.96,26.29,26.51,26.05,26.4,26.55,25.9,26.66,25.91,26.28,25.86,26.38,26.88,27.35,26.89,27.18,25.74,25.11,25.24,24.68,24.54,24.98,24.74,25.35,25.5,25.68,25.25,25.63,25.58,25.96,25.85,25.89,25.38,26.02,25.66,26.33,26.32,25.68,25.75,25.93,26.26,26.22,26.2,26.82,26.22,26.54,27.08,26.42,26.23,26.4,25.17,25.41,25.45,24.99,25.29,25.31,25.55,25.38,25.71,25.64,25.31,25.68,26.22,25.94,25.91,26.01,26.05,25.99,25.92,25.62,26.22,26.18,26.11,26.72,26.18,26.95,26.09,27.16,27.03,26.85,26.65,25.46,24.89,25.5,26.06,25.35,24.91,25.11,25.33,26.02,25.75,25.77,25.2,27.14,28.03,27.77,25.31,25.78,25.88,26.17,25.78,26.13,26.0,26.34,26.14,26.15,26.46,26.55,27.17,26.8,25.85,26.76,25.95,26.12,25.01,24.34,25.07,25.91,24.91,25.21,25.88,25.51,25.8,25.93,26.07,28.28,29.74,27.69,25.91,26.07,25.91,26.26,26.49,26.12,25.94,26.46,25.9,26.87,26.37,27.09,25.77,27.17,27.65,26.94,26.89,26.21,26.14,25.84,25.45,25.71,26.06,25.34,25.72,25.84,26.29,25.69,26.48,28.18,29.92,29.36,27.04,25.98,25.94,26.55,26.28,26.84,26.11,26.71,26.19,26.38,26.23,26.46,26.92,26.77,27.02,26.98,27.21,26.31,26.39,25.58,25.45,25.34,25.7,25.44,25.35,25.92,25.86,25.59,25.75,27.82,30.29,29.96,27.04,26.22,26.07,25.97,26.07,26.42,26.95,26.66,26.31,26.43,26.99,26.22,26.45,27.56,26.92,27.59,25.71,25.0,25.59,24.99,25.57,25.79,25.7,25.57,25.84,25.91,25.04,25.76,25.87,26.96,28.69,29.02,27.1,26.4,26.12,25.92,26.25,26.42,26.43,26.96,26.61,26.61,26.38,26.52,26.7,26.75,26.72,27.21,26.32,26.22,26.31,25.52,25.8,25.8,25.78,25.82,25.9,26.22,25.39,25.62,25.64,27.42,28.52,28.44,27.37,26.45,26.17,25.98,26.4,26.9,26.53,26.66,26.15,27.33,26.37,26.34,27.35,27.24,27.24,27.3,26.12,26.45,26.17,25.64,25.64,26.25,25.36,25.51,26.14,25.55,25.88,25.22,25.99,26.68,27.73,27.35,26.8,26.17,26.59,26.06,25.73,25.94,26.33,26.02,26.17,26.44,26.17,26.52,26.88,25.74,27.42,28.04,25.8,26.42,25.8,25.69,26.57,25.52,25.86,25.5,25.57,25.88,25.99,25.93,26.15,27.39,27.55,27.53,26.54,26.41,25.86,25.94,25.5,25.99,26.44,25.89,26.21,26.83,27.11,27.05,27.09,27.18,27.26,26.4,26.4,25.65,25.64,25.87,26.23,26.13,25.13,26.51,26.09,26.08,25.43,26.26,26.38,28.13,29.03,29.11,27.05,25.99,26.51,26.12,25.9,25.94,25.93,26.28,25.98,27.01,25.95,26.79,27.33,26.76,27.53,27.48,26.95,26.44,25.59,25.87,26.52,26.29,25.99,25.79,26.12,25.46,25.96,26.14,26.26,27.55,29.0,28.33,26.41,26.15,26.53,26.0,25.97,26.6,26.15,26.47,26.49,26.69,26.85,26.5,27.48,26.64,26.96,27.35,26.28,25.57,25.29,25.55,26.44,26.32,25.42,25.98,25.74,25.26,26.07,25.74,25.4,25.94,26.4,26.31,26.01,26.24,26.14,26.66,26.33,25.69,25.98,26.13,26.72,26.64,26.5,26.57,26.99,25.72,27.36,27.18,26.26,26.83,25.99,26.25,26.13,26.12,26.2,26.4,25.78,26.22,26.23,25.74,25.31,26.21,25.87,25.76,25.6,25.72,26.31,25.7,26.8,26.16,26.64,26.5,25.73,26.73,27.09,27.37,26.83,26.6,27.37,27.25,25.9,25.94,24.62,25.06,25.29,25.71,26.19,26.3,26.71,25.45,25.73,25.96,26.01,25.46,25.66,26.33,26.61,25.63,25.85,26.45,26.53,26.0,25.99,27.13,26.31,26.29,26.36,26.59,27.17,27.06,27.44,27.44,25.77,26.72,25.43,25.4,25.83,26.5,26.76,25.79,26.03,26.07,25.86,25.44,26.15,25.6,26.29,26.12,26.01,26.33,26.55,25.6,25.68,26.23,26.58,26.48,26.78,26.58,26.53,26.56,27.12,27.03,27.47,27.54,26.01,26.16,26.24,26.14,25.55,26.17,25.95,25.78,25.83,25.72,25.24,25.42,26.03,25.88,25.96,26.03,26.17,25.84,26.01,26.37,26.11,25.8,26.74,26.29,26.35,26.25,26.56,26.78,26.47,27.24,27.0,28.4,25.67,25.6,25.5,25.04,25.11,26.02,25.56,25.86,26.32,25.77,25.32,25.9,25.37,25.24,25.77,25.74,26.14,26.38,26.2,26.55,25.95,26.57,26.46,26.6,26.12,26.65,26.67,26.64,25.4,27.85,27.05,28.65,26.03,25.97,24.52,26.05,25.1,25.51,25.72,26.0,25.4,25.68,25.45,25.7,25.32,25.92,25.61,25.91,25.87,25.87,25.52,26.03,25.93,26.29,25.18,25.88,25.75,26.28,25.61,25.86,26.65,26.99,27.54,28.61,27.85,26.64,25.79,26.51,25.42,25.43,25.92,25.23,25.44,26.25,26.27,25.71,25.86,25.97,26.11,25.22,25.78,25.67,26.1,25.5,26.54,26.35,26.45,26.44,26.15,25.95,26.35,26.98,26.0,27.27,29.52,27.92
2020-06-29 16:09:17.9800,0,26.39,26.15,24.95,25.29,24.6,25.01,24.55,25.41,25.96,25.92,25.66,26.17,26.11,26.35,26.01,26.37,26.79,25.49,26.75,26.53,26.0,25.57,26.45,26.58,26.69,26.5,27.27,26.63,27.75,28.39,29.03,28.21,27.18,27.32,26.01,27.27,25.02,25.01,24.51,25.46,24.63,25.47,25.17,26.01,26.57,26.48,25.96,25.79,25.76,26.15,26.35,26.2,26.42,26.64,26.45,26.68,27.36,26.82,26.8,27.9,27.0,26.72,28.02,30.8,27.24,26.72,25.67,25.89,25.36,25.28,23.88,25.27,25.46,25.91,25.12,25.19,26.02,25.93,25.84,25.86,25.53,26.3,25.98,26.48,26.64,26.2,26.43,26.03,26.2,26.31,26.48,26.21,28.05,26.69,26.81,28.24,26.47,26.82,25.92,26.2,25.39,24.27,25.15,25.17,25.36,25.22,25.08,25.74,25.69,26.02,25.98,26.18,25.83,25.97,26.03,26.07,26.51,25.96,26.81,25.88,26.73,27.02,25.54,26.9,26.7,27.38,26.88,28.37,25.55,26.5,24.9,25.38,24.88,25.27,25.33,24.93,25.65,24.91,25.75,25.74,25.61,26.05,25.2,26.1,26.16,26.11,26.12,25.42,26.23,26.12,26.73,26.16,26.01,25.8,25.79,26.04,27.22,26.36,27.51,27.75,24.99,26.62,25.51,25.26,25.44,25.61,24.31,25.59,25.41,26.02,25.69,25.2,25.72,26.24,25.56,25.96,26.74,25.71,25.6,26.35,26.46,25.65,26.32,26.44,26.61,26.62,26.45,26.83,27.03,27.18,26.64,27.49,25.33,26.01,24.58,25.16,25.22,25.48,25.85,25.23,25.83,26.35,25.66,25.97,26.88,27.53,27.35,26.55,25.73,25.66,26.1,25.95,26.12,25.69,26.24,26.32,26.28,26.26,26.21,27.1,26.73,26.79,26.95,26.38,26.31,25.42,25.49,25.17,25.06,25.66,25.28,25.23,25.4,25.53,25.57,25.84,26.76,28.98,28.76,27.41,26.19,26.28,25.9,25.88,26.38,26.24,26.15,26.93,26.24,26.65,26.23,26.56,27.56,26.73,26.43,27.33,26.2,27.06,25.54,25.2,25.07,25.3,25.47,25.82,25.63,25.83,26.21,25.88,27.07,28.26,29.94,29.34,27.16,26.44,26.25,26.05,26.2,26.72,26.34,26.91,26.44,26.61,26.25,26.58,27.37,26.32,27.38,26.97,26.85,26.85,25.29,26.06,25.71,25.63,25.21,25.35,26.0,25.83,25.85,25.62,26.59,28.12,30.01,30.25,27.67,26.52,25.96,25.61,26.35,27.32,26.2,26.79,26.63,26.68,26.85,26.9,27.01,27.44,27.57,26.76,26.61,27.04,26.24,25.74,25.73,25.78,25.61,25.91,25.42,25.9,25.26,25.84,25.99,27.32,29.43,29.18,26.76,26.11,25.86,26.29,26.66,26.99,26.65,26.31,26.52,26.25,26.28,26.37,26.3,27.58,26.74,26.87,25.96,27.26,25.68,25.54,25.79,26.08,25.65,25.61,25.56,25.73,25.18,25.54,25.82,27.07,28.5,28.73,27.17,26.29,25.97,26.37,26.01,26.54,26.41,26.57,26.13,26.56,26.24,26.75,26.8,26.98,26.91,27.16,26.15,26.61,25.74,25.18,25.53,25.73,26.1,25.73,26.05,25.64,25.9,25.8,25.82,27.04,27.66,27.61,27.27,26.44,26.61,26.24,26.04,25.82,26.46,26.32,26.41,26.08,26.94,26.25,27.45,26.58,27.44,27.03,26.99,25.94,25.94,25.42,25.91,26.17,25.73,25.75,26.09,25.8,25.28,25.46,26.04,27.6,27.36,28.0,26.89,26.34,26.03,26.06,25.77,26.11,25.91,26.22,26.64,26.63,26.98,26.82,27.21,27.2,27.89,28.24,26.95,25.81,25.82,25.41,26.12,26.5,25.99,25.67,25.8,25.75,25.34,26.04,26.69,27.75,29.41,29.09,26.79,25.7,26.53,26.1,26.12,26.22,25.95,26.48,26.56,27.0,26.36,26.52,27.78,27.32,27.39,27.81,26.23,27.15,25.73,25.89,26.64,25.54,26.46,25.7,25.57,25.8,26.66,26.26,26.24,27.95,28.35,28.35,26.39,25.79,26.51,26.3,26.05,26.42,26.14,26.39,26.48,26.36,26.46,26.92,27.19,26.81,27.78,27.04,27.76,26.27,24.5,26.0,26.05,26.17,25.82,25.47,26.55,25.58,25.88,26.15,25.72,26.03,26.71,26.3,26.13,25.55,26.55,26.95,26.76,26.29,26.55,26.33,26.51,26.15,27.05,26.69,27.16,27.23,27.9,28.03,27.16,27.03,25.98,25.65,25.7,25.87,25.81,26.05,25.77,26.14,25.89,26.19,25.4,26.33,25.96,26.37,25.88,26.03,26.1,26.32,26.89,26.39,26.74,26.08,26.3,26.39,26.82,26.98,26.67,26.62,27.88,27.62,26.5,26.67,25.66,26.51,25.89,25.7,25.95,26.16,25.79,25.9,25.75,26.61,26.14,25.76,26.09,25.81,25.92,26.43,26.49,26.23,26.44,26.42,26.59,26.89,26.58,26.4,26.1,26.73,27.04,26.9,28.18,28.54,25.38,25.63,25.59,25.92,25.82,25.96,26.35,26.21,26.26,25.86,25.96,26.03,26.45,25.94,26.07,25.93,26.21,26.25,26.43,26.46,26.53,26.26,26.45,26.5,26.64,26.35,26.38,26.44,27.42,27.06,27.83,28.14,26.46,26.15,26.45,25.09,25.57,26.31,25.83,26.19,25.85,25.33,25.5,26.0,25.82,25.75,25.65,26.02,26.19,26.26,26.15,26.47,26.6,26.14,27.02,26.4,26.51,26.64,26.44,26.15,27.16,27.92,27.42,27.58,26.09,26.24,25.68,25.07,25.42,26.2,25.55,25.89,26.31,26.06,25.55,25.92,26.17,26.17,26.32,26.0,25.9,26.29,25.73,26.34,26.06,26.35,26.19,26.5,26.11,25.84,25.59,27.13,26.56,27.36,28.25,27.83,27.3,26.63,25.95,26.04,25.81,24.33,25.9,26.3,26.13,26.09,24.94,26.08,25.34,26.28,25.63,25.28,26.01,26.22,25.54,26.15,25.95,26.68,25.9,26.44,26.07,25.97,25.97,25.51,26.49,27.17,28.04,29.45,26.74,27.39,26.2,25.75,25.93,26.14,26.39,25.74,25.57,26.28,25.18,26.14,25.2,24.85,25.47,25.37,25.4,25.94,25.71,25.92,26.4,26.91,26.3,26.18,25.69,26.13,25.84,26.33,25.63,27.49,27.14,29.93
2020-06-29 16:09:18.1055,0,24.06,27.13,26.65,25.43,23.39,25.52,25.21,25.55,25.64,26.81,25.94,25.87,26.11,26.35,26.15,26.78,26.13,25.89,26.61,26.8,25.71,27.41,27.05,26.72,26.51,26.47,27.59,26.76,27.42,28.25,28.05,29.69,26.51,25.77,25.92,26.37,25.89,24.08,24.98,25.77,26.11,25.32,25.73,26.01,26.83,25.43,26.23,26.59,26.91,25.78,26.35,26.74,26.01,26.5,26.44,26.67,27.03,26.96,26.22,27.32,28.38,26.87,29.9,30.41,25.64,25.9,25.22,26.03,25.51,25.26,24.95,25.4,25.88,25.91,25.65,26.49,25.8,26.67,25.61,26.0,26.02,26.32,27.08,26.37,25.91,26.08,26.57,26.99,25.9,26.89,27.58,26.01,27.3,26.44,28.89,28.04,27.11,26.09,25.49,25.41,26.01,25.23,26.03,25.75,25.77,25.1,25.72,26.26,26.29,25.92,25.88,26.32,26.77,25.88,26.64,26.8,26.76,25.85,26.42,26.55,26.73,26.59,26.62,26.55,27.35,26.25,26.31,27.66,26.12,27.04,25.95,26.04,25.33,26.01,25.33,25.34,25.41,25.67,25.53,25.64,25.63,25.3,25.9,26.45,26.52,25.59,26.48,26.46,26.59,26.49,26.63,26.55,26.55,26.61,26.65,26.33,25.9,27.0,26.25,27.0,26.56,24.8,25.3,25.58,25.28,24.72,25.14,26.13,26.16,25.18,26.17,25.57,25.43,26.06,25.91,26.32,26.34,25.42,26.06,26.16,26.82,25.79,26.46,26.7,26.23,26.63,26.59,27.26,27.32,26.51,27.54,26.82,26.62,25.77,25.73,25.95,25.36,26.31,25.85,25.88,25.97,26.03,26.13,26.11,26.71,28.06,27.18,26.68,25.56,26.51,25.93,26.18,26.47,26.68,26.16,26.58,26.9,27.39,26.62,27.24,26.72,26.45,26.55,27.82,26.45,24.83,25.63,25.95,25.48,25.25,26.31,25.63,26.0,25.78,25.81,26.09,28.09,29.02,28.11,27.84,25.94,26.03,26.13,26.52,26.51,26.17,26.06,26.5,27.08,26.17,26.89,26.15,27.55,26.72,27.09,26.93,26.52,26.16,26.15,25.81,25.34,25.44,26.35,25.83,25.43,26.18,26.45,25.92,27.68,29.88,29.88,29.29,27.67,26.48,26.48,26.19,25.65,26.86,27.22,26.94,26.46,26.39,26.39,26.58,26.66,27.05,27.01,27.11,27.87,26.31,26.05,25.74,26.79,25.63,25.95,26.33,26.47,25.75,25.98,26.47,27.19,28.53,30.59,30.02,27.16,26.28,26.19,26.61,26.58,26.68,27.07,26.39,26.54,26.47,26.98,27.04,27.42,27.58,28.37,27.08,26.58,26.66,25.75,25.58,26.0,26.56,26.1,26.16,25.45,26.45,25.8,25.88,26.12,27.27,29.92,29.4,26.72,26.52,27.02,26.14,26.79,26.54,27.09,26.44,26.76,26.96,27.16,27.28,26.44,27.29,27.37,27.5,26.1,25.72,24.89,26.43,26.05,25.45,25.32,25.52,26.23,26.18,25.91,26.28,26.24,27.02,28.9,28.68,27.13,25.78,26.66,26.51,26.52,26.09,26.55,27.03,26.92,26.47,27.11,26.63,26.8,26.98,26.88,27.8,26.29,25.73,25.88,26.8,25.54,25.99,25.52,25.4,25.66,26.19,26.14,25.64,26.34,27.36,28.25,28.28,26.77,26.48,26.65,26.18,25.51,26.64,26.29,26.35,26.43,27.01,27.07,27.02,26.9,27.0,27.58,28.49,26.79,26.76,26.68,26.15,26.31,26.19,25.03,25.08,25.8,26.25,26.02,26.09,26.18,27.46,27.58,28.67,27.11,26.47,26.26,26.2,26.1,26.15,26.25,26.77,26.77,26.77,27.11,26.71,28.45,27.62,26.73,28.55,26.21,25.95,26.72,26.44,26.13,25.87,26.37,26.4,25.29,25.88,25.79,26.48,26.63,27.69,28.37,29.23,26.74,26.48,26.57,26.71,26.26,26.06,26.61,26.83,27.04,27.01,27.13,27.31,27.64,27.89,27.85,26.93,27.25,26.61,25.87,25.88,26.78,26.07,26.12,26.78,26.24,26.04,25.98,26.6,26.47,27.43,28.49,28.76,26.53,26.68,26.74,26.82,26.48,26.26,26.17,26.95,26.95,27.31,26.85,26.67,27.47,26.95,27.58,27.69,27.54,27.28,25.61,25.99,26.06,26.31,26.08,25.98,26.35,26.26,25.91,25.76,26.15,26.26,26.94,26.53,26.07,26.07,26.3,26.59,26.79,26.32,26.68,27.34,26.65,26.53,27.19,26.42,27.0,27.66,27.7,27.31,27.48,26.12,25.48,25.95,25.84,25.34,25.83,26.19,26.24,24.95,26.67,26.32,26.03,26.17,26.09,26.31,26.3,25.58,26.43,26.86,26.51,26.63,26.55,26.44,26.9,26.41,27.22,27.26,27.1,27.22,26.81,28.11,25.3,25.52,26.63,24.86,25.74,25.83,26.75,26.04,25.81,25.69,26.11,26.3,26.07,26.11,26.53,26.56,26.36,26.46,26.73,26.37,26.9,26.66,26.84,26.79,26.72,27.04,26.95,27.29,26.87,26.72,27.61,27.94,26.1,25.97,25.23,25.74,26.39,26.38,26.49,26.61,26.16,25.65,26.21,26.06,26.59,26.08,25.9,26.07,27.16,26.49,26.15,26.08,27.1,26.51,26.48,26.64,27.15,26.36,26.94,27.02,27.25,26.42,27.24,28.84,27.43,26.29,25.5,26.1,25.09,26.14,26.25,26.33,25.73,25.72,25.04,25.54,25.51,26.22,26.35,26.6,25.89,26.62,26.29,26.61,25.92,26.04,26.9,26.41,26.65,26.24,26.58,26.9,26.48,27.71,27.95,28.53,26.45,25.79,25.45,24.87,26.04,26.19,26.83,26.46,26.05,25.3,26.06,26.31,25.84,25.86,25.67,26.25,26.6,26.09,25.99,26.48,26.2,26.01,26.33,26.26,26.51,25.85,25.73,27.12,26.54,27.68,27.39,28.41,26.21,26.99,26.29,26.37,24.42,25.31,26.05,26.9,26.13,25.95,25.22,25.82,25.36,26.42,25.65,26.28,25.91,26.24,26.68,26.54,25.45,26.81,26.58,27.14,25.92,26.26,25.95,26.5,27.0,28.05,28.65,29.32,26.62,25.39,26.54,26.69,26.76,26.29,25.41,26.2,26.42,26.0,25.87,26.01,26.12,25.25,25.36,26.02,26.28,25.47,25.85,26.45,26.41,26.52,26.16,26.47,26.87,26.89,25.48,26.82,26.69,26.87,28.09,30.09
2020-06-29 16:09:18.2337,0,27.02,27.16,25.08,26.14,24.35,24.25,24.16,25.06,25.78,26.23,25.64,25.61,26.1,25.82,26.27,26.8,25.86,25.65,25.91,25.99,25.85,26.73,26.89,27.2,27.63,26.83,26.29,27.36,26.93,27.71,25.71,29.08,28.97,26.1,25.73,26.36,25.0,23.89,25.01,25.27,26.13,25.75,25.9,26.55,25.79,25.55,25.86,25.8,25.91,25.26,26.24,26.33,26.31,25.25,26.47,26.36,26.58,26.63,27.13,27.13,27.37,28.05,28.2,26.96,26.51,26.65,25.61,25.28,24.65,24.61,24.79,25.73,25.04,25.12,25.12,24.83,26.28,25.72,25.24,26.14,25.78,26.45,25.75,26.14,26.4,26.1,25.89,26.74,26.47,26.47,26.29,27.38,26.41,25.89,27.22,27.36,26.89,25.86,25.9,25.21,25.39,24.89,25.31,25.16,25.52,25.09,25.36,25.25,25.73,26.27,25.78,25.73,26.22,25.64,25.72,26.55,25.82,25.97,26.31,26.15,26.33,26.01,26.17,26.87,25.3,26.6,27.29,28.51,25.9,26.27,25.21,25.36,25.47,25.58,24.47,25.09,25.65,25.19,25.52,25.42,25.07,26.21,25.11,25.81,26.08,26.7,26.03,26.03,26.59,26.05,26.14,26.2,25.75,26.23,25.77,26.96,26.05,27.02,26.44,27.47,26.99,25.78,25.32,25.57,24.7,25.6,25.44,25.33,25.57,25.66,25.85,25.79,25.66,25.94,26.04,26.2,26.05,26.37,26.08,26.48,26.61,26.45,26.48,26.58,26.64,26.75,27.18,26.51,26.71,26.33,26.99,27.22,26.23,26.17,25.39,25.32,25.35,24.94,25.59,25.77,25.84,25.48,26.01,25.91,26.19,27.58,27.27,26.6,26.06,26.02,26.13,26.0,26.36,26.27,26.37,26.71,25.93,26.55,26.61,26.98,27.47,26.48,26.9,27.1,25.54,25.92,25.97,24.82,25.64,25.65,25.95,25.11,25.67,25.88,25.84,25.87,27.62,28.92,27.54,27.84,26.34,25.92,26.05,25.81,26.53,26.06,26.3,26.15,26.75,26.54,27.17,27.11,26.82,26.71,26.93,27.47,26.51,26.7,25.83,25.83,25.34,25.99,25.72,25.61,25.54,26.53,26.13,26.04,27.86,29.9,29.79,29.12,26.63,25.65,25.99,26.3,26.04,26.78,26.26,26.63,26.46,27.11,26.77,26.34,26.22,26.48,27.01,27.13,26.84,26.13,25.45,24.34,26.01,24.97,25.61,26.08,25.5,26.07,25.9,25.54,27.02,28.34,30.43,29.74,26.8,26.18,25.74,25.83,26.6,26.57,26.57,26.49,26.0,26.0,27.13,26.25,26.46,26.7,27.24,27.75,26.39,25.83,25.74,25.6,25.46,26.19,25.62,26.18,25.33,25.73,25.6,25.9,26.4,27.47,29.2,29.24,26.62,26.08,25.89,26.44,26.02,26.56,26.37,26.78,26.54,26.06,26.78,26.79,26.85,26.89,26.71,26.86,26.82,26.72,26.3,25.07,25.42,25.44,25.58,25.98,26.04,25.54,25.63,25.97,25.69,27.29,28.74,28.5,27.15,26.14,26.03,26.41,26.26,26.38,26.67,26.6,26.94,27.03,26.27,26.63,27.09,26.42,26.58,26.97,25.76,25.92,25.41,25.93,25.54,26.14,25.51,25.54,25.65,25.69,25.73,25.56,26.14,27.01,28.33,27.67,26.77,26.5,26.18,25.55,26.08,26.66,26.18,26.58,26.76,26.69,26.57,26.92,27.31,26.74,27.24,27.03,26.12,26.07,25.96,25.85,25.94,25.68,26.13,26.46,25.61,25.93,26.04,25.89,26.29,27.45,28.41,28.76,26.86,26.19,26.09,26.19,25.74,25.46,26.27,26.25,26.13,26.65,26.51,27.08,27.23,27.19,26.59,26.73,26.38,26.49,25.02,25.42,26.12,25.76,26.12,26.42,25.82,25.69,26.09,26.3,26.15,27.8,28.46,28.97,26.83,26.87,26.47,26.16,26.05,26.28,26.19,26.32,26.13,26.69,26.62,27.07,27.63,27.05,27.35,27.46,26.4,25.92,25.12,25.12,26.53,25.8,26.14,26.18,25.73,25.72,26.1,25.88,26.59,27.14,28.14,29.12,26.64,26.3,26.67,26.53,25.71,25.95,25.98,26.3,26.86,26.26,26.61,26.66,26.63,27.8,26.45,27.18,25.71,26.25,25.29,25.54,26.05,25.67,25.95,26.0,25.67,26.28,26.22,26.51,25.55,26.37,26.94,27.23,26.16,25.51,26.29,26.81,26.38,26.24,26.14,26.38,26.87,26.43,26.52,27.12,26.7,27.08,27.86,27.68,26.42,25.93,25.34,25.16,26.55,25.47,25.35,25.32,25.92,25.72,25.73,26.21,25.75,25.47,26.51,26.31,26.23,25.87,26.06,25.75,26.73,26.52,26.35,26.65,26.46,26.52,26.84,26.98,27.12,27.36,27.87,26.89,25.87,25.72,26.13,25.54,25.59,26.0,25.82,26.71,26.04,26.18,25.77,26.43,26.37,26.13,25.5,26.47,26.15,26.08,26.21,26.59,26.47,26.57,25.8,26.81,26.47,26.56,26.24,26.88,26.86,26.59,27.24,27.96,26.13,25.77,25.42,25.56,25.98,26.23,26.78,26.47,26.18,25.88,26.12,26.05,25.97,26.07,26.13,26.17,26.57,25.66,26.38,26.28,26.26,26.5,26.5,26.52,26.55,27.25,26.12,25.7,26.64,26.57,27.63,27.14,25.56,26.11,25.86,25.43,25.71,26.16,25.96,26.35,25.72,25.24,25.75,25.68,25.5,25.57,26.01,26.29,26.44,25.87,26.84,26.51,26.73,26.3,25.89,26.18,26.24,25.99,26.72,27.08,26.3,27.57,26.77,27.95,26.48,25.57,26.03,24.86,25.91,25.25,26.0,26.45,26.08,25.93,25.35,25.57,25.87,25.85,25.91,26.13,26.28,26.31,26.24,26.24,26.22,26.84,26.35,26.63,25.86,26.12,26.67,26.48,26.72,26.97,26.81,27.31,26.7,25.91,25.89,25.81,25.09,25.66,25.25,26.15,25.98,25.83,25.74,25.32,25.35,26.31,25.52,26.43,25.29,25.66,26.42,26.18,25.83,25.78,25.48,25.75,25.62,25.07,25.28,26.36,25.55,26.77,26.76,26.51,26.65,26.82,26.57,26.09,26.1,26.28,25.6,25.72,25.88,25.57,25.48,25.19,25.88,25.37,26.01,25.63,25.81,25.83,26.13,25.67,26.3,26.11,26.18,26.17,26.3,25.97,25.84,26.29,25.8,26.86,27.85,28.11
2020-06-29 16:09:18.3617,0,27.01,27.55,26.11,25.67,24.14,25.16,24.15,24.37,25.62,26.52,26.37,25.45,26.51,25.95,25.99,26.38,26.51,26.17,26.18,26.25,26.54,26.43,26.88,26.57,27.14,26.48,27.02,27.16,27.4,28.54,29.16,26.39,25.7,26.77,26.38,26.77,24.62,24.95,24.66,25.09,26.12,25.59,26.31,26.27,26.18,26.07,25.85,26.57,27.05,25.76,25.83,26.19,26.3,25.79,25.28,26.35,26.57,27.1,26.77,27.3,27.15,28.51,28.18,29.81,27.94,25.43,26.78,25.27,25.15,24.93,23.7,25.26,25.58,25.65,24.97,25.98,26.51,25.46,25.96,25.77,26.01,26.8,26.94,26.01,26.14,26.34,25.88,26.18,25.74,26.01,26.76,27.04,27.11,27.4,26.38,26.63,25.86,26.51,25.88,26.51,26.02,24.4,25.3,26.02,25.11,24.82,25.86,25.74,25.72,26.26,26.35,25.83,26.55,26.21,25.83,25.95,26.53,25.84,25.91,27.2,26.32,26.86,25.85,26.53,27.02,26.41,26.56,27.92,26.73,27.05,25.93,25.53,24.38,25.12,25.31,25.35,25.39,25.56,25.87,25.88,25.73,25.87,25.88,26.24,25.74,26.15,25.8,26.58,26.23,26.04,26.61,26.93,26.14,26.36,26.2,26.34,26.69,26.84,26.43,26.57,26.37,25.96,24.96,25.73,25.44,25.59,25.56,25.19,25.81,25.53,25.61,25.78,25.44,26.37,26.35,26.09,25.93,25.94,26.07,26.69,26.61,26.55,26.23,26.57,26.89,26.35,26.6,26.95,26.38,27.14,26.4,25.98,26.8,25.6,26.37,24.82,25.49,25.76,25.45,25.76,26.31,26.04,26.0,25.9,26.49,27.17,27.37,26.79,25.65,26.01,25.82,25.99,26.35,26.26,26.81,26.7,26.4,27.28,26.6,26.83,27.01,26.62,26.71,27.09,26.46,26.63,25.15,25.45,25.49,25.23,25.18,25.48,26.13,25.65,25.4,25.97,27.31,29.1,27.73,27.04,25.75,25.91,26.04,26.4,26.31,26.26,26.29,26.83,25.91,26.77,25.71,26.68,26.66,26.85,26.75,28.0,26.5,27.21,25.82,25.51,25.74,25.71,26.33,25.35,25.75,25.1,26.12,26.13,27.66,29.52,29.96,29.11,26.62,26.11,25.98,26.2,25.83,26.97,26.57,26.84,26.56,26.87,26.5,26.86,27.92,26.46,26.83,27.46,26.47,26.46,26.06,25.88,25.32,25.22,25.48,25.83,25.93,25.84,25.79,25.94,26.83,28.52,30.42,29.73,26.14,25.8,25.92,26.11,26.4,26.86,26.14,27.02,26.77,26.46,26.24,26.63,26.3,26.98,27.72,28.24,27.08,27.01,25.58,26.04,26.25,25.41,25.49,25.59,25.65,26.15,25.79,25.59,26.2,27.0,29.28,29.14,26.52,25.98,26.45,26.05,26.59,26.26,26.77,26.88,26.42,26.85,27.26,26.52,26.42,27.3,26.86,27.18,25.93,27.21,25.98,25.82,26.2,25.56,25.68,25.5,25.49,25.95,25.53,26.16,26.06,27.19,28.91,28.67,26.69,26.32,26.21,26.4,26.53,26.85,26.76,26.48,26.39,27.02,26.38,26.87,27.08,26.69,27.22,27.94,26.27,26.25,26.31,25.92,26.05,25.36,25.86,25.76,25.96,26.0,25.42,25.85,25.66,27.28,28.5,28.29,26.94,26.67,26.27,25.92,25.97,25.87,26.17,26.26,26.75,26.34,26.81,26.65,26.75,26.17,26.41,28.18,26.28,26.4,25.79,25.69,25.67,25.79,25.88,26.33,25.91,26.23,25.53,25.78,26.19,27.81,29.21,28.93,26.76,26.46,26.45,26.37,26.01,26.23,26.06,26.75,26.45,26.52,26.5,27.07,27.5,27.18,27.07,28.2,26.9,26.31,25.94,25.71,26.11,25.75,25.04,25.58,25.81,25.79,26.18,26.49,26.52,27.89,29.35,29.14,26.63,26.12,26.46,26.54,25.94,25.97,26.38,26.95,26.68,26.68,26.61,26.93,27.48,27.76,27.51,27.11,26.91,26.08,25.73,26.31,26.39,25.92,25.53,26.41,25.82,25.71,25.99,26.38,26.49,26.85,28.59,28.75,26.91,26.47,26.28,26.52,26.0,25.84,26.39,26.51,26.74,27.06,25.58,26.91,27.34,27.65,27.59,28.01,26.06,25.71,25.76,25.84,26.18,26.05,26.19,25.74,26.56,25.83,25.46,26.29,25.24,26.07,26.64,27.12,26.73,26.37,25.8,26.1,26.37,26.23,26.45,26.15,26.98,26.42,27.04,26.84,26.99,26.77,27.68,27.49,26.95,25.92,26.29,26.09,26.13,26.0,25.84,25.93,26.03,25.6,25.93,25.67,25.84,25.96,25.91,26.79,25.93,26.45,26.15,26.35,26.62,26.61,26.12,26.75,26.68,26.63,26.56,27.11,26.82,27.81,27.16,27.58,26.05,26.45,25.95,25.36,25.72,25.28,25.95,25.79,26.03,26.51,26.65,25.76,26.05,26.22,26.41,26.46,26.04,26.37,26.51,26.99,26.03,26.56,26.37,26.68,27.07,26.42,26.23,27.16,27.46,26.11,27.23,27.77,26.69,25.76,25.07,25.22,25.53,26.37,26.77,27.11,25.81,25.75,26.0,26.49,25.86,26.06,26.12,26.47,25.94,26.17,25.73,26.79,26.03,25.83,27.53,26.75,26.29,27.12,26.25,25.99,26.95,27.65,28.34,28.63,27.41,26.1,26.21,26.63,26.32,25.38,25.53,26.06,25.2,25.48,25.14,26.15,26.17,26.01,26.0,25.71,25.76,26.52,26.04,26.28,26.49,26.41,26.76,26.67,26.76,26.25,26.86,27.07,27.12,26.87,27.54,28.54,26.46,25.97,25.65,25.55,25.57,26.17,26.42,25.44,26.06,25.92,25.33,25.44,25.63,25.84,25.68,25.44,26.05,26.07,26.11,26.35,26.56,25.99,26.47,26.24,26.79,25.83,26.36,26.47,26.71,27.48,27.6,27.52,26.93,26.78,25.87,26.38,26.1,25.48,25.87,26.14,25.83,25.82,25.46,25.31,25.85,26.18,25.39,25.8,26.25,26.49,25.79,26.55,25.69,26.3,25.19,26.73,25.76,25.81,26.42,26.17,26.98,26.95,28.4,27.64,26.9,26.57,25.95,26.27,25.56,25.76,25.59,26.65,26.29,26.69,25.74,25.72,25.61,25.1,25.75,26.0,26.05,25.82,26.24,26.18,26.16,26.64,26.03,26.59,26.14,26.11,25.99,26.28,25.78,26.85,28.36,28.75
2020-06-29 16:09:18.4893,0,29.42,27.95,26.37,26.11,24.91,24.04,25.02,25.38,26.24,25.45,25.93,26.31,26.23,25.8,27.21,26.37,26.38,25.76,26.04,26.25,26.26,26.28,26.88,26.56,27.62,26.3,27.02,27.15,28.11,27.11,29.16,29.02,26.51,28.78,27.48,26.56,24.8,24.42,24.65,25.1,25.07,26.04,26.3,26.13,25.51,26.07,26.23,27.48,25.51,26.28,26.49,26.05,25.61,27.04,26.44,26.2,26.72,27.91,27.46,27.66,27.14,27.8,29.46,31.48,28.23,25.17,25.99,26.03,26.16,24.59,24.78,25.55,26.0,25.51,25.89,25.33,26.03,25.94,26.44,25.88,26.01,26.2,26.22,26.37,27.0,26.21,26.55,26.31,26.46,26.45,26.76,26.01,27.29,26.44,28.32,27.68,27.11,26.73,25.68,26.33,25.2,25.53,25.44,26.02,25.77,24.95,25.6,25.62,26.18,26.26,26.46,26.76,26.43,26.21,26.64,26.31,25.68,26.33,25.63,26.8,26.45,27.0,26.46,26.53,25.97,26.96,26.55,28.78,27.57,26.04,25.39,24.81,25.77,25.26,25.59,25.21,25.64,25.17,25.4,25.76,25.73,25.97,26.22,26.01,26.72,26.14,25.8,26.23,26.46,25.8,26.37,26.05,26.4,26.35,26.35,26.79,26.53,26.66,27.23,27.0,26.16,25.77,25.48,25.56,24.98,25.14,25.55,25.59,25.43,25.53,25.25,26.01,25.11,26.15,25.8,26.41,25.5,26.26,25.41,27.12,26.37,26.78,25.87,26.33,26.11,26.61,26.3,26.21,26.69,27.63,26.78,27.21,26.6,25.96,25.87,24.65,25.78,25.47,25.97,25.75,25.71,25.46,25.68,26.0,26.8,28.06,27.57,26.58,26.05,25.8,26.83,26.39,26.03,25.83,26.48,26.0,26.89,26.9,26.6,26.39,27.31,26.45,27.24,27.26,26.08,26.81,24.98,25.13,25.34,25.92,25.8,26.37,25.65,26.1,26.24,25.75,27.2,29.59,29.09,28.12,25.84,26.31,26.33,26.0,26.31,26.57,27.15,26.37,26.26,27.02,26.23,26.82,27.1,26.39,28.29,28.18,27.39,26.34,25.19,25.18,25.74,25.17,25.47,25.96,26.32,25.86,26.64,25.71,27.47,29.05,30.97,28.92,27.0,26.1,26.47,26.09,25.93,26.76,27.1,26.51,26.9,26.15,26.88,26.19,27.07,26.6,27.33,27.28,26.28,26.8,26.05,26.03,26.12,25.35,25.59,25.83,25.81,25.85,25.57,26.15,26.54,28.43,30.32,30.18,26.51,26.36,25.82,26.21,26.29,27.45,26.34,27.02,26.77,26.81,27.11,27.15,26.58,27.41,27.38,27.9,26.38,25.13,26.67,26.03,25.85,25.79,26.09,25.58,25.98,25.4,25.69,25.48,26.49,26.71,29.63,28.95,26.79,26.07,26.17,26.33,26.68,26.35,26.46,26.87,26.97,26.16,26.4,26.51,26.28,26.59,27.51,26.5,25.92,27.05,26.44,26.12,25.93,25.95,26.26,25.74,26.13,26.16,25.71,25.96,25.77,26.82,28.9,28.49,26.95,26.5,26.48,26.31,26.33,26.66,26.14,26.8,26.38,27.02,26.86,27.13,27.34,27.53,27.2,26.96,27.13,26.24,26.61,25.91,26.18,25.74,25.98,25.4,25.86,25.47,26.32,25.74,26.13,26.62,28.32,28.1,27.58,26.11,27.09,26.0,25.97,26.16,26.68,26.97,26.53,26.79,27.31,27.02,27.3,26.86,27.56,27.34,25.93,27.07,26.23,25.4,26.05,26.42,25.75,26.91,26.01,26.23,26.02,26.08,26.08,27.53,29.29,29.1,27.11,26.64,26.81,26.37,26.48,26.23,26.26,26.44,26.77,26.86,26.87,27.45,27.62,27.6,27.87,28.53,26.55,26.81,26.09,25.55,27.04,25.87,26.11,26.05,26.13,25.88,25.77,26.48,26.81,27.69,29.89,29.5,27.0,26.11,26.84,26.34,26.54,26.26,26.18,26.3,26.57,26.67,26.86,27.44,28.32,26.45,27.84,26.42,26.19,26.93,25.87,25.56,26.11,25.92,26.24,25.94,25.81,26.35,26.08,26.48,26.48,27.42,28.58,29.48,26.81,25.92,26.46,26.62,26.88,26.34,26.48,26.83,27.07,27.18,26.34,27.04,26.47,28.08,27.75,27.67,26.98,26.06,26.08,25.68,26.04,25.51,25.69,25.98,25.88,25.93,26.32,25.55,25.84,25.87,26.83,27.31,27.11,25.97,26.48,26.98,26.88,26.42,26.67,26.25,26.98,26.29,27.3,27.1,27.43,26.76,28.02,27.83,26.94,26.8,25.8,26.25,25.84,26.4,25.7,26.67,25.33,26.37,25.92,26.41,25.33,26.65,26.39,26.99,26.31,26.45,26.53,26.35,26.1,27.12,26.44,26.75,26.2,27.11,26.95,26.83,26.95,28.26,27.15,28.61,26.05,26.26,25.95,25.19,26.73,25.55,26.34,26.3,26.74,25.81,26.21,25.97,26.78,26.21,26.31,26.25,26.14,25.55,26.51,25.75,26.78,26.66,26.48,26.56,26.7,25.9,27.07,26.86,27.77,26.41,28.48,27.94,26.29,27.24,26.07,25.88,25.67,26.51,26.09,25.94,26.04,26.57,25.88,26.15,25.95,26.27,26.21,26.37,26.55,26.58,26.67,27.0,26.24,26.38,26.13,26.98,26.65,26.99,26.24,27.44,27.09,27.03,27.79,28.26,26.79,26.88,26.21,25.4,26.32,25.68,25.53,26.47,26.1,25.85,25.98,26.14,25.94,25.56,25.66,25.71,26.54,26.07,26.04,26.27,27.07,26.4,27.14,26.41,26.76,25.97,26.71,26.44,26.79,27.2,27.93,27.72,26.03,27.57,26.19,25.2,25.72,26.48,25.26,27.0,25.27,26.31,25.81,26.17,25.15,26.41,26.46,26.12,26.04,26.52,25.99,26.93,26.32,26.47,26.46,26.37,25.97,26.52,26.19,27.1,27.03,27.48,27.18,28.59,27.18,26.77,26.07,26.18,25.42,26.14,26.34,25.51,26.67,25.95,26.0,25.43,26.1,25.55,25.88,25.42,26.5,26.36,26.16,26.91,26.46,26.81,26.02,25.87,26.34,25.65,26.09,25.99,26.97,27.12,27.46,28.47,26.89,26.32,26.14,26.07,25.73,25.76,25.57,25.55,25.57,27.11,25.87,26.4,25.21,26.12,25.87,25.88,25.41,26.44,26.1,26.69,26.41,26.64,26.16,26.31,26.43,25.95,25.82,26.11,26.32,27.42,28.08,28.75
2020-06-29 16:09:18.6179,0,26.38,26.6,26.24,25.32,24.4,24.86,25.24,25.78,25.65,25.49,25.95,26.05,25.97,25.14,26.55,26.13,26.26,25.78,25.92,26.41,25.71,26.45,26.61,27.23,27.18,27.03,26.72,27.42,26.55,27.0,27.3,29.58,27.22,25.61,26.26,26.43,24.68,24.29,24.87,24.64,25.26,24.88,25.62,25.59,25.93,25.82,26.25,25.66,26.04,26.67,26.64,26.33,25.9,26.78,27.35,25.92,26.3,26.66,25.57,26.81,27.24,27.44,27.18,29.65,26.08,26.75,25.67,26.5,25.03,25.48,25.12,24.99,26.02,24.71,25.77,26.25,25.78,25.83,26.08,26.01,26.01,26.44,26.22,26.26,26.51,25.84,25.89,26.47,26.91,26.49,26.15,27.59,26.99,26.14,27.36,29.67,27.25,26.16,26.34,25.64,25.42,24.92,24.88,25.61,24.85,25.36,25.49,25.37,25.6,26.02,26.23,26.06,25.97,25.97,25.71,25.95,26.53,26.57,26.05,26.81,26.06,26.16,27.29,25.91,25.86,26.47,25.71,28.36,25.55,25.93,25.62,25.41,25.03,25.75,25.33,25.77,25.4,25.69,25.51,25.41,25.39,25.64,25.87,26.56,25.95,26.03,25.79,26.12,26.69,25.8,26.5,26.07,26.55,26.64,25.93,27.14,26.89,26.22,26.71,28.0,25.03,25.84,25.37,25.95,24.87,25.31,25.03,25.06,25.19,25.41,25.6,25.66,25.32,25.81,26.12,25.75,25.18,25.71,25.84,26.57,26.6,26.21,26.58,26.2,25.74,26.62,26.48,26.68,26.58,26.2,27.81,26.67,26.29,25.48,25.75,24.54,25.36,25.22,26.24,25.64,25.71,25.58,25.77,26.22,26.06,27.75,28.46,27.08,25.93,25.89,26.0,26.18,26.12,26.14,26.7,26.35,26.77,26.66,26.88,26.85,27.19,26.34,27.12,27.15,26.34,25.78,25.19,25.49,25.79,25.52,25.95,25.11,26.01,25.08,26.13,25.52,26.79,28.79,29.75,28.59,25.53,25.89,26.61,26.28,25.78,26.45,26.17,26.71,26.73,26.77,27.04,26.98,25.64,26.57,27.49,27.69,26.38,25.71,25.85,25.39,25.61,25.46,25.47,25.97,25.86,25.64,26.0,25.7,26.78,28.56,30.95,29.92,27.07,25.71,25.96,26.37,26.01,26.85,26.24,26.83,26.33,26.4,26.89,26.6,26.95,26.49,27.71,27.52,26.35,25.82,26.25,25.91,25.33,25.76,25.35,24.74,25.48,25.4,25.98,25.21,26.71,27.28,30.03,29.98,26.58,26.24,25.99,26.18,26.18,26.05,26.65,27.01,26.21,26.22,26.87,27.03,26.47,26.56,26.78,27.61,26.44,26.38,26.39,26.23,25.6,25.93,25.85,25.93,25.2,25.18,25.67,25.47,25.7,26.69,29.43,29.02,27.22,25.77,25.95,26.6,26.85,26.14,27.06,27.18,26.52,26.28,26.03,26.53,26.3,27.18,26.9,27.56,25.81,26.25,26.48,26.14,25.68,25.31,25.68,25.85,25.37,26.14,25.6,25.94,25.56,26.61,28.62,27.92,26.57,26.38,26.0,25.9,26.13,26.63,26.44,26.57,26.49,26.56,26.63,26.75,27.1,26.28,26.93,26.83,25.97,26.64,25.58,25.36,26.44,25.24,25.86,26.45,25.95,25.67,25.5,25.63,26.02,26.79,28.12,27.81,27.1,26.09,25.87,26.08,25.95,25.75,26.36,26.34,26.3,26.79,26.69,26.91,27.04,26.47,27.28,27.73,25.82,25.94,26.12,25.72,25.81,25.16,26.0,25.75,25.26,25.9,25.71,25.66,25.69,27.04,29.09,28.99,27.18,26.61,26.51,26.06,25.41,26.31,26.25,26.53,26.55,26.63,27.37,26.44,27.24,26.49,27.76,27.09,26.42,26.18,25.2,26.03,25.85,25.76,25.64,26.64,25.9,25.77,26.06,26.37,26.5,27.58,29.86,29.93,26.33,26.0,26.34,26.32,25.73,25.35,26.27,26.51,26.9,26.33,26.23,26.94,26.93,27.49,27.88,27.67,25.91,25.95,25.61,25.74,26.0,26.57,25.77,25.93,25.49,25.48,26.07,25.55,26.46,27.48,29.01,29.18,25.96,25.61,26.16,26.4,25.88,26.12,26.37,26.92,26.5,27.17,26.86,26.92,26.79,27.24,27.31,27.38,26.85,25.41,25.47,26.03,26.06,25.27,25.45,25.62,25.65,25.93,25.88,26.07,25.82,26.15,27.19,27.59,26.13,25.47,26.17,26.48,26.66,26.21,27.2,26.14,26.63,26.3,26.79,27.12,27.16,27.4,27.39,28.06,26.83,25.61,25.69,26.43,25.87,26.01,25.22,25.8,25.34,26.14,25.92,25.87,25.22,25.43,26.18,26.37,26.58,25.93,26.22,26.62,26.09,26.19,26.55,25.97,26.56,26.63,26.58,26.85,26.25,26.32,27.04,27.62,26.3,25.78,25.49,26.22,26.03,26.29,25.95,26.19,25.79,25.81,26.09,25.97,25.83,26.21,26.29,26.55,26.22,26.36,25.66,26.98,26.66,26.66,26.82,27.15,26.46,26.05,26.1,26.61,27.04,27.24,28.0,28.01,25.6,25.44,25.46,25.75,25.99,26.24,26.38,26.47,25.33,25.39,25.88,26.03,26.05,26.26,26.2,26.14,25.82,26.15,25.82,26.36,26.24,26.48,25.66,26.15,26.17,26.48,26.55,26.15,27.45,26.9,27.5,27.76,27.07,25.18,25.36,26.51,25.26,25.73,25.69,26.77,26.11,26.24,25.98,25.91,26.05,25.67,26.1,26.38,25.97,26.18,26.71,26.16,26.48,26.29,26.14,26.43,26.51,26.13,26.89,27.26,26.83,28.62,28.2,27.61,26.34,26.04,25.9,24.89,24.81,26.04,26.01,25.89,25.16,26.18,25.82,25.92,25.16,25.6,26.12,26.0,26.15,25.72,26.22,26.34,25.37,25.75,26.73,25.86,26.27,26.26,26.39,26.98,26.59,27.36,26.67,27.61,26.06,26.66,27.13,26.65,25.64,25.53,25.12,26.02,26.27,25.29,26.01,26.11,25.6,25.81,25.63,25.56,26.13,26.13,25.67,26.05,25.83,26.18,26.31,26.18,26.51,25.69,25.8,26.22,26.67,26.64,27.33,29.21,25.94,26.67,26.83,26.34,25.27,25.63,25.78,25.58,25.17,26.56,26.03,25.73,25.1,25.49,25.13,25.5,25.3,25.45,25.35,26.05,26.04,26.38,25.91,26.9,25.57,25.98,25.87,26.84,25.84,26.91,27.97,28.28
2020-06-29 16:09:18.7460,0,27.84,27.41,26.75,25.99,24.59,24.28,25.41,25.26,26.42,26.84,26.38,26.04,26.51,25.82,26.27,26.12,26.25,25.9,26.74,25.56,26.41,26.73,27.05,27.06,26.36,26.35,27.26,27.4,27.5,27.55,32.38,29.52,27.59,27.31,26.47,26.22,25.59,23.93,25.7,25.29,25.54,26.35,25.89,25.86,25.79,26.07,26.63,26.31,25.64,26.02,26.23,26.86,25.35,26.36,26.32,26.67,26.44,26.81,26.28,25.89,26.39,26.48,28.03,26.79,27.81,27.45,26.26,25.91,25.53,24.63,24.96,24.98,25.45,25.52,25.24,25.34,26.38,25.7,26.07,26.0,26.59,25.96,26.58,26.25,26.13,25.96,26.15,26.46,27.19,26.03,26.95,26.9,26.62,26.89,28.73,28.6,26.23,25.94,26.32,25.45,25.73,24.43,25.17,26.04,25.78,25.48,25.35,25.99,25.82,26.01,26.11,25.94,26.08,26.19,26.17,26.18,26.16,25.71,26.04,26.54,26.47,26.87,26.97,27.05,25.67,27.19,28.33,28.93,27.02,26.52,26.34,26.45,25.18,24.99,25.04,25.49,25.26,25.3,25.62,25.87,25.38,25.74,25.87,25.67,26.27,25.8,26.12,26.0,26.68,25.68,26.37,26.43,26.41,25.55,26.22,26.36,26.24,26.54,27.7,26.43,26.03,26.22,25.7,24.91,25.01,25.31,25.02,25.19,24.94,25.4,25.94,25.65,25.31,26.35,26.76,26.39,25.81,26.13,26.27,26.67,26.26,26.2,26.1,26.68,26.24,26.35,26.32,26.97,26.73,27.01,27.42,28.09,26.85,25.28,25.74,24.69,25.21,25.35,25.58,26.02,25.7,24.88,25.77,25.88,25.74,27.55,28.64,27.87,26.22,25.99,26.09,26.48,26.65,26.46,26.12,26.69,26.4,26.53,26.74,26.7,27.64,26.8,27.29,27.32,26.33,25.04,24.85,25.16,25.36,25.79,25.81,26.24,25.77,25.75,26.34,25.73,26.48,28.39,30.23,29.36,26.11,26.08,25.82,26.38,25.87,26.65,26.27,26.7,26.37,26.76,26.77,26.97,26.83,26.72,26.96,27.51,26.37,25.52,26.79,25.69,25.88,25.58,25.58,25.71,26.3,25.74,25.78,26.21,26.87,28.27,30.66,30.28,26.68,26.27,26.24,26.26,25.8,26.44,26.65,26.39,26.43,26.03,26.63,27.12,26.22,27.22,26.87,27.16,26.34,25.82,25.46,25.75,25.19,25.75,25.83,26.06,25.69,25.82,25.86,26.12,25.75,27.27,29.48,30.33,26.95,26.14,26.17,26.56,26.37,26.73,26.85,26.36,26.2,27.14,26.74,27.02,26.03,26.85,26.76,27.09,27.3,26.03,26.54,26.22,25.85,25.54,26.31,25.57,25.52,25.49,25.76,25.86,26.17,26.87,29.06,29.38,26.94,26.31,26.22,26.12,26.36,26.14,26.54,26.33,26.84,26.61,27.62,26.65,26.85,26.61,27.22,27.21,25.97,25.56,25.39,25.69,25.8,26.08,25.67,26.07,25.79,25.82,25.59,26.43,25.55,26.41,28.61,28.72,26.56,25.91,25.9,26.74,25.54,26.53,26.43,26.78,26.26,26.55,26.25,27.0,26.54,26.98,26.92,27.32,26.48,26.46,25.58,25.79,26.18,25.62,25.85,25.52,25.73,25.66,26.09,25.82,26.66,26.78,28.56,28.52,27.45,25.99,26.69,25.88,26.13,25.74,26.55,26.95,26.51,27.01,27.43,27.15,27.17,26.88,27.27,27.55,25.46,26.44,26.41,25.71,25.28,26.17,26.34,26.55,25.68,25.58,25.7,25.65,25.87,27.13,28.82,29.51,26.72,26.42,26.51,26.14,25.21,26.39,25.83,26.11,26.43,26.85,26.99,27.07,26.95,27.47,26.94,28.23,26.77,26.0,26.12,26.32,25.98,25.88,26.34,25.93,25.79,25.66,26.15,26.56,26.68,28.23,30.12,29.66,26.41,26.27,26.62,26.03,26.51,25.94,26.77,26.07,26.89,25.97,27.11,27.06,27.77,27.05,28.36,27.65,26.42,26.97,25.74,25.28,25.85,25.66,25.76,25.93,25.26,26.0,26.27,26.45,26.74,27.85,29.64,29.45,25.85,25.97,26.44,26.58,25.87,25.91,26.05,26.16,26.72,26.12,26.34,27.04,26.78,26.51,27.3,27.03,26.48,25.93,25.46,26.18,26.05,25.66,26.06,26.35,25.64,25.81,26.51,26.27,26.11,26.24,27.76,28.16,26.41,26.05,26.55,26.27,26.34,25.79,26.65,26.35,26.5,26.05,26.91,27.39,27.44,27.09,28.23,27.36,27.18,25.43,25.03,26.27,26.13,25.87,25.71,26.17,25.44,25.91,25.8,26.6,24.71,26.12,26.37,27.54,26.38,25.93,26.31,26.42,26.39,26.69,26.21,27.06,26.32,26.74,27.23,27.11,26.39,26.92,26.51,27.44,26.68,25.39,25.98,25.88,25.74,26.28,26.08,26.18,26.14,25.92,26.41,25.63,26.65,26.2,26.28,26.34,26.31,26.55,26.59,26.25,26.43,26.54,26.7,26.9,26.45,26.42,26.52,26.02,27.33,26.91,28.35,28.18,25.58,25.25,24.06,26.24,25.25,25.66,26.23,25.81,25.8,25.73,26.09,26.24,25.51,26.14,26.19,26.65,25.92,26.24,26.55,26.14,26.12,25.92,26.35,26.62,26.03,26.09,26.82,26.58,26.5,26.27,28.02,27.37,26.66,26.36,26.26,25.97,25.88,26.33,26.95,26.07,25.84,25.73,25.61,25.78,25.7,25.66,26.53,25.92,26.3,26.28,26.25,26.03,26.47,26.04,26.26,26.54,26.37,26.12,26.88,26.94,26.82,26.39,27.61,27.8,25.68,25.83,25.69,26.13,25.75,25.42,26.14,26.02,25.67,25.92,25.44,26.16,25.26,25.94,26.0,26.44,25.92,25.49,26.78,26.68,26.08,26.58,26.33,26.24,25.72,26.11,26.37,26.97,26.91,27.35,27.06,27.82,26.3,27.08,26.53,25.86,25.29,26.18,25.9,26.47,25.98,25.97,25.73,25.31,25.21,25.67,25.63,25.79,25.76,25.63,25.91,26.29,25.95,25.77,26.16,26.74,25.92,26.28,25.8,25.69,27.02,26.62,27.8,27.2,26.19,26.43,26.01,26.14,25.08,26.64,25.6,26.36,25.87,25.99,25.74,26.0,25.08,25.23,25.24,25.62,25.54,25.81,25.85,26.3,25.9,26.1,26.59,26.89,25.41,25.67,24.85,26.66,26.92,26.52,26.61,30.24
2020-06-29 16:09:18.8746,0,25.93,27.42,26.01,25.76,24.04,25.4,25.27,25.94,26.3,25.78,26.41,25.61,25.99,25.68,26.71,25.98,26.68,26.56,26.08,26.26,25.88,26.3,26.93,26.59,27.04,26.35,26.74,27.4,27.3,27.84,30.2,30.85,26.79,26.67,26.92,26.04,24.67,24.5,25.7,25.32,25.54,25.35,26.17,26.17,26.05,25.57,25.45,26.21,25.9,25.92,25.96,26.09,26.03,26.53,26.03,27.0,26.59,25.87,26.99,27.2,26.81,27.47,26.72,24.5,26.98,26.26,25.5,25.52,25.89,24.47,24.83,24.98,25.21,25.79,25.53,25.59,25.92,25.57,25.86,26.11,26.26,25.72,26.12,26.12,26.16,25.96,26.99,26.19,26.22,27.36,26.5,26.4,26.12,27.27,28.49,28.26,25.98,26.19,25.17,25.48,25.4,24.62,24.57,25.49,25.37,25.51,25.35,26.02,26.05,26.63,26.92,25.85,26.53,25.76,26.28,25.85,25.32,26.23,25.77,26.44,26.6,26.04,26.03,26.59,26.19,26.13,27.14,27.25,25.36,26.12,25.83,25.04,25.21,25.14,25.07,24.81,24.91,25.17,25.29,25.51,24.85,25.62,26.12,26.66,26.4,25.58,25.7,26.67,26.13,25.56,26.39,26.42,26.04,26.22,26.1,25.9,26.27,26.54,26.33,26.87,26.24,24.88,25.7,25.12,24.55,24.89,25.98,25.22,25.3,25.43,25.24,25.22,25.52,25.73,26.11,26.09,25.8,25.84,26.37,26.59,26.03,26.34,26.22,27.07,26.75,26.51,26.46,26.7,26.41,25.89,26.84,27.52,25.74,26.21,24.94,24.85,25.1,25.35,25.22,25.5,25.61,25.91,25.35,25.21,26.18,27.14,29.46,27.46,26.05,25.98,26.12,26.16,25.39,25.92,26.6,26.34,25.58,27.02,26.9,26.55,26.91,27.43,27.32,26.95,26.14,26.17,25.99,24.39,25.64,25.13,25.68,25.76,25.53,25.44,25.91,25.87,26.37,27.73,30.41,29.58,26.2,26.21,25.61,26.2,26.49,26.47,26.81,26.73,27.07,26.67,26.63,27.28,26.38,26.13,26.79,27.9,25.86,25.87,25.24,25.99,25.91,25.18,25.37,25.83,25.99,25.62,25.7,25.59,26.13,28.36,30.59,30.18,26.52,26.26,26.46,26.36,26.12,26.03,26.58,26.82,26.46,26.38,26.66,25.93,26.54,26.48,26.73,27.16,27.39,25.85,25.15,25.47,25.46,25.39,25.34,26.21,25.13,26.07,26.07,25.94,26.03,27.02,29.66,30.08,26.76,25.51,26.26,26.49,26.26,26.26,26.32,26.6,26.64,26.47,26.73,26.4,26.74,26.15,26.93,27.97,25.4,25.69,26.1,25.45,25.48,25.79,25.99,25.57,25.66,25.7,25.49,25.75,25.43,26.49,29.45,29.55,26.87,25.85,26.34,26.3,26.2,26.23,26.36,26.53,26.32,26.61,26.79,26.26,26.74,26.46,27.09,27.55,25.97,25.77,25.85,25.72,25.67,26.11,25.79,25.87,25.79,25.54,25.59,26.06,26.21,26.35,28.34,28.48,26.73,26.03,26.35,26.21,26.11,26.17,26.63,26.7,26.04,26.36,26.5,26.26,26.26,26.73,27.08,27.03,26.34,26.28,25.91,26.23,25.56,25.74,26.0,25.51,25.75,25.76,25.72,25.52,25.47,26.77,28.4,27.8,27.02,26.17,25.8,26.34,25.68,26.03,26.17,26.43,26.21,27.23,26.83,26.64,27.2,27.3,26.97,27.05,25.98,26.64,25.81,25.59,25.54,25.69,25.86,25.66,26.1,25.51,25.59,25.97,26.05,27.06,28.72,29.45,27.53,25.9,26.04,26.73,25.69,25.84,26.13,26.34,26.21,26.54,26.49,27.22,26.95,27.64,27.91,27.94,26.27,26.51,25.99,25.12,26.14,26.0,26.01,26.27,25.71,25.97,26.18,25.95,26.52,28.22,30.41,29.74,26.16,25.8,25.98,26.4,26.04,25.84,25.56,26.49,25.91,27.01,27.01,27.05,27.38,26.76,27.24,27.65,27.13,25.46,25.44,25.31,25.58,26.46,26.23,25.25,25.8,26.03,26.06,25.98,26.73,28.34,29.9,29.2,26.13,25.91,26.05,26.23,26.26,26.34,26.56,26.19,26.38,26.73,25.96,26.68,26.49,27.26,27.13,27.57,26.15,25.4,25.5,26.02,25.8,25.65,26.58,25.73,25.67,25.81,26.22,26.06,26.33,26.62,27.88,28.44,26.05,25.85,26.57,26.46,26.17,26.09,26.89,26.57,26.07,25.44,26.94,26.98,27.33,26.79,26.9,27.36,26.81,26.0,25.68,25.84,25.57,25.76,25.83,26.2,25.55,25.61,26.12,26.21,25.91,26.55,27.05,26.79,25.99,25.96,25.92,26.64,26.59,26.41,26.2,26.1,26.31,26.17,26.83,26.6,26.68,27.71,26.86,27.3,25.95,25.95,25.51,26.2,25.77,25.57,25.84,25.79,25.34,25.8,25.99,25.96,25.95,26.3,26.92,26.64,26.24,25.83,26.41,26.35,26.14,26.0,26.27,26.67,26.48,26.54,26.83,26.45,27.82,26.91,26.95,27.81,26.17,24.91,24.93,25.95,25.83,25.84,26.89,26.36,26.27,26.12,25.75,26.05,26.15,25.75,25.88,26.48,26.42,25.55,25.92,26.28,26.01,26.39,26.93,26.53,26.28,26.25,26.25,26.76,26.5,26.77,27.3,27.6,26.28,25.17,25.57,25.63,25.75,26.02,25.85,26.34,25.23,25.72,25.64,25.3,25.84,25.43,26.23,26.25,25.77,25.95,26.39,26.6,26.15,25.56,26.79,25.91,26.26,26.25,26.46,26.78,26.36,26.9,27.64,27.8,25.68,25.66,26.62,25.45,25.75,25.29,26.28,26.48,26.06,25.57,25.32,25.83,25.49,25.74,26.11,26.47,26.03,25.97,25.98,26.6,26.19,26.01,26.71,26.52,26.12,25.87,26.37,26.69,27.07,26.51,27.26,28.93,26.34,26.2,25.77,25.47,24.98,25.51,26.71,26.0,25.87,25.96,25.9,26.23,25.37,25.29,25.29,25.42,25.67,26.71,26.06,26.29,25.46,26.43,26.19,25.88,25.8,25.83,25.66,25.52,25.44,25.87,28.53,27.78,25.92,26.47,25.41,26.37,24.73,25.83,25.13,25.92,25.44,25.46,26.01,25.76,25.6,25.77,25.49,25.9,25.91,25.47,25.59,26.08,26.15,26.0,26.31,26.35,26.01,26.01,25.19,26.87,27.29,27.71,27.96,29.64
2020-06-29 16:09:19.0023,0,25.48,26.75,25.56,24.54,25.26,24.62,24.99,25.07,26.05,26.38,25.45,26.33,26.75,25.41,26.1,25.44,26.35,26.18,25.87,25.85,26.09,26.44,26.54,26.74,27.27,27.33,25.69,26.21,26.64,27.43,29.11,28.42,26.13,26.04,26.4,25.68,25.01,24.74,24.67,24.4,25.24,26.15,25.19,25.54,25.93,25.91,25.86,25.89,26.04,25.99,25.97,26.56,26.31,26.73,26.17,26.32,27.2,27.23,26.78,26.54,27.99,26.09,28.2,26.88,28.19,26.89,24.76,26.25,26.3,24.61,24.13,24.97,25.83,25.66,24.94,25.35,26.48,26.33,25.81,25.9,26.57,26.22,25.83,26.14,26.36,26.35,26.39,25.92,26.72,26.91,25.92,26.21,26.72,27.04,27.18,28.42,27.63,26.03,25.13,24.41,25.55,25.17,24.87,24.67,25.66,26.11,24.98,25.96,26.08,25.87,26.02,26.39,26.33,26.75,25.96,26.28,26.06,26.05,25.66,25.84,26.05,26.4,26.17,26.17,27.03,26.92,26.81,27.88,27.54,25.47,24.99,25.01,26.35,24.98,25.56,25.09,25.49,25.7,25.13,26.25,25.59,25.77,25.85,26.03,25.93,25.94,25.99,25.8,27.01,26.4,26.34,26.32,26.64,26.23,25.73,25.9,26.66,26.69,26.6,27.03,25.78,27.3,24.8,24.84,25.0,25.7,24.75,25.29,24.96,25.62,25.39,25.41,25.56,26.01,26.25,26.38,26.26,25.59,25.87,26.11,26.73,26.3,25.89,26.29,26.38,26.58,26.47,26.62,26.24,26.78,27.18,27.38,26.0,26.35,24.34,24.18,26.18,26.19,24.76,25.0,25.92,25.48,24.87,25.25,26.67,27.38,28.94,27.71,25.92,25.41,25.99,26.1,26.54,25.95,26.0,26.25,26.98,26.42,25.76,26.7,27.28,27.26,26.15,28.21,25.55,25.14,25.33,24.29,25.79,25.75,25.44,24.94,26.37,25.84,25.62,25.72,26.92,27.81,30.17,29.56,26.73,26.08,26.25,26.27,26.64,26.54,25.76,26.68,26.51,26.37,26.65,26.51,27.12,26.51,26.59,26.7,26.11,26.88,25.47,25.05,25.71,25.19,25.19,25.61,25.95,25.99,25.56,25.94,26.59,27.93,30.12,30.04,27.25,26.03,26.34,26.31,26.0,26.38,26.12,25.87,26.87,26.29,26.73,26.08,27.32,26.33,26.63,26.61,26.13,26.43,24.67,24.76,26.14,25.32,25.49,25.8,26.05,25.71,25.8,25.61,26.08,27.28,29.71,30.34,27.18,26.33,25.84,26.28,26.12,26.43,26.15,26.45,26.11,27.01,26.25,26.34,26.46,26.94,26.58,27.02,26.53,26.52,26.33,24.83,25.82,26.71,25.58,25.48,25.84,25.42,25.56,25.8,26.08,26.54,28.89,28.97,26.86,26.63,25.86,26.25,26.46,26.37,26.13,27.1,26.72,26.64,26.62,26.02,26.81,26.89,27.32,26.03,26.12,26.0,25.69,25.93,25.69,26.05,25.22,25.82,25.61,26.13,25.24,25.73,25.79,26.7,28.3,28.46,26.88,26.47,25.66,25.9,26.45,26.43,26.57,26.56,26.62,26.54,26.76,26.2,27.09,26.79,26.42,26.76,26.24,26.09,25.52,24.74,25.89,25.89,25.23,25.43,25.83,25.69,25.89,25.86,26.2,27.1,28.48,28.03,27.37,26.68,26.06,25.64,25.56,26.18,26.04,26.37,26.72,27.26,26.78,27.04,26.72,27.03,27.04,27.69,25.78,26.03,25.66,25.81,25.69,25.63,26.01,25.5,26.14,26.1,25.64,25.85,26.57,27.79,28.86,28.9,27.4,26.43,26.28,25.96,25.64,26.3,25.76,26.31,26.24,26.83,26.26,27.29,26.96,27.29,26.59,27.34,26.34,26.66,26.06,26.02,26.21,25.76,26.2,26.18,25.89,26.11,25.84,26.0,26.87,28.54,30.31,29.43,26.7,25.76,26.72,25.88,26.51,26.38,26.05,26.64,26.65,26.81,26.07,26.03,28.15,27.05,26.82,26.96,26.22,26.22,24.82,25.83,25.87,26.02,25.54,25.67,25.83,25.78,25.9,26.45,27.16,28.6,29.77,28.81,26.73,26.17,26.29,26.4,26.21,26.31,26.6,26.58,26.29,26.68,26.49,26.36,27.91,27.62,27.28,26.28,26.58,25.55,25.24,24.6,26.15,26.07,24.79,25.13,26.08,26.06,25.75,25.67,27.19,27.92,28.72,27.52,26.41,26.48,26.55,26.11,26.44,26.95,25.88,25.94,26.37,26.07,27.01,26.31,26.81,26.78,26.45,27.68,27.51,26.94,26.15,25.74,26.56,25.02,25.48,25.9,26.04,26.23,25.3,26.8,26.65,27.7,27.58,26.86,26.52,25.93,26.55,26.11,26.33,26.89,26.35,26.17,26.81,27.08,26.31,26.53,26.39,27.77,26.83,28.23,26.21,25.54,25.07,25.21,25.98,26.84,25.78,25.67,25.88,26.29,26.07,26.43,26.44,26.44,26.79,26.17,26.41,25.88,25.86,26.08,26.53,26.25,26.22,26.58,27.17,25.8,26.05,27.17,27.13,27.83,27.02,26.85,26.51,25.53,25.08,25.84,25.84,26.9,25.32,25.77,26.3,26.3,25.33,26.23,26.5,26.35,26.34,26.23,26.57,26.24,26.17,26.24,25.83,26.13,26.15,26.24,27.17,26.83,26.54,26.53,27.11,26.99,27.27,27.85,25.72,26.51,25.08,25.43,26.13,26.47,26.06,25.93,25.94,26.12,25.83,25.68,26.59,25.58,26.08,25.95,26.84,26.42,26.13,26.17,26.22,26.42,26.36,26.18,26.6,26.13,26.68,26.93,27.41,27.4,28.1,27.95,26.48,24.91,25.48,25.69,26.22,25.82,26.15,26.97,25.82,26.79,25.23,25.65,25.75,25.7,25.69,26.43,26.73,25.81,25.89,25.73,26.1,26.2,26.48,26.33,26.54,26.07,26.68,26.59,26.89,26.75,27.81,27.26,26.89,24.79,26.63,25.42,26.24,26.16,25.52,25.53,25.94,25.97,25.7,25.58,26.2,25.94,25.36,26.18,26.1,26.62,25.76,26.43,26.3,26.7,25.85,25.75,26.6,25.37,25.57,25.5,27.3,26.96,26.47,27.37,27.21,27.24,25.36,25.84,26.27,25.21,26.4,26.46,26.16,25.81,25.76,25.69,25.88,25.71,25.26,25.59,26.68,25.91,25.49,26.4,26.69,26.06,26.05,25.83,26.6,26.07,25.17,25.72,25.8,27.39,27.58,28.04
2020-06-29 16:09:19.1304,0,23.84,25.28,26.98,25.5,24.57,25.37,24.17,25.57,26.71,25.46,25.93,26.16,25.53,26.06,25.71,26.09,26.37,25.61,25.76,26.24,26.11,26.42,26.12,25.94,26.67,26.99,26.87,26.61,27.96,29.21,26.1,30.78,28.37,26.26,26.88,26.4,24.27,24.08,24.49,25.27,24.92,25.89,25.72,25.43,26.29,26.05,25.69,26.03,26.77,25.87,26.2,26.17,26.68,26.34,26.73,25.59,26.88,27.44,26.07,26.79,27.82,27.17,28.43,26.74,26.92,25.74,25.44,25.88,25.51,24.27,24.32,25.1,25.16,26.17,25.09,25.18,26.0,25.92,25.81,25.85,25.74,27.36,26.2,26.1,25.75,26.44,26.14,26.16,26.6,27.04,26.45,26.71,26.96,26.86,27.33,28.21,26.45,25.69,25.91,25.61,26.02,24.73,25.43,25.58,24.95,25.2,25.45,25.59,25.91,25.4,26.08,25.69,26.51,25.94,25.9,25.81,26.14,26.06,25.88,26.39,26.3,26.85,25.84,26.38,26.68,26.07,27.11,26.31,25.95,26.89,25.23,24.66,24.7,25.56,24.74,24.51,25.62,25.4,26.08,25.73,25.47,25.93,25.51,25.86,25.6,25.89,25.88,26.2,26.66,26.0,26.23,26.65,26.79,25.93,26.05,26.18,27.19,26.51,25.87,26.39,26.82,26.01,26.37,24.89,25.73,26.17,25.54,25.17,25.65,25.5,25.8,25.52,25.39,25.35,25.76,26.26,26.31,26.11,26.02,26.43,26.12,26.18,25.96,26.9,26.6,26.2,25.87,26.5,25.74,26.83,26.05,26.85,25.69,25.44,26.22,25.48,25.48,24.76,25.17,25.47,25.57,25.42,24.87,25.52,26.14,27.62,28.93,27.65,25.9,25.96,25.67,25.94,26.42,26.22,26.11,26.2,26.38,26.25,26.32,26.1,26.71,26.78,26.92,26.36,26.49,26.3,24.99,24.66,25.04,25.08,25.53,25.59,25.62,25.39,25.45,25.71,26.55,28.48,30.39,28.96,26.86,25.96,26.09,25.75,26.16,26.22,25.81,26.34,26.23,26.38,26.35,26.81,26.95,26.24,26.24,27.3,25.99,26.36,25.51,25.19,25.04,26.09,25.44,25.32,25.38,25.49,25.45,25.56,26.86,27.96,30.38,30.26,26.95,26.24,25.55,26.14,25.69,26.61,26.11,26.25,26.19,26.0,26.22,26.04,26.35,26.9,26.85,26.61,26.66,25.28,24.96,24.96,25.57,25.2,25.44,25.68,26.21,25.7,25.63,25.59,25.73,26.97,29.73,30.05,27.02,25.94,26.05,26.73,26.05,26.22,25.98,26.55,26.51,26.66,26.84,26.35,27.0,27.12,26.57,27.41,26.59,27.19,26.05,25.73,25.7,26.16,25.94,25.55,25.62,25.36,25.24,25.23,25.96,26.2,28.6,28.81,26.83,25.92,26.02,25.52,26.73,26.11,26.53,26.51,26.38,26.13,26.75,25.85,26.97,26.86,27.36,26.85,26.12,25.54,26.9,25.97,26.3,25.54,25.41,25.82,25.23,25.6,25.47,25.82,25.91,26.68,28.5,28.17,27.34,25.8,26.15,26.35,26.47,27.29,26.5,26.12,26.23,26.08,26.35,25.83,27.33,26.68,27.05,27.13,26.46,26.09,25.71,25.91,25.51,26.22,24.99,25.95,25.5,25.42,25.88,25.99,26.18,27.41,28.18,27.96,27.34,26.52,26.03,26.23,25.83,26.11,26.02,26.0,26.5,26.76,26.66,26.62,26.6,26.86,27.09,27.35,26.46,25.91,26.83,25.54,26.42,25.52,25.96,25.38,25.65,25.88,25.57,25.73,26.31,27.3,29.06,29.49,27.33,26.31,26.39,25.57,25.67,25.89,26.21,26.09,26.41,26.37,26.72,26.8,27.75,26.47,27.39,27.39,26.22,25.8,26.1,25.54,25.43,26.1,25.85,26.13,25.77,25.42,25.93,25.73,26.28,28.38,29.84,29.54,26.12,25.97,26.32,26.29,26.0,25.92,26.45,26.26,27.1,26.64,27.09,27.29,27.33,26.88,27.53,27.29,26.75,25.92,25.56,25.56,25.96,25.38,25.85,25.55,25.77,25.24,26.24,26.03,27.56,28.39,29.88,28.79,25.73,25.68,26.12,26.47,26.24,26.29,26.33,26.25,26.24,26.92,26.32,26.76,27.18,27.36,27.27,26.5,26.64,26.61,25.6,25.52,25.48,26.29,25.55,25.71,26.19,26.55,25.75,25.93,27.08,28.43,28.6,27.36,26.01,25.73,26.14,26.05,26.53,26.38,26.63,26.54,26.72,26.26,26.63,27.09,26.84,27.21,27.53,27.85,26.96,25.58,25.97,25.15,26.66,25.71,25.8,25.53,25.87,26.44,25.77,26.05,26.59,27.98,27.7,27.14,26.35,25.91,26.78,26.3,26.67,26.37,26.4,26.6,27.22,26.48,26.67,26.82,26.8,27.05,27.35,27.24,25.89,25.17,24.62,25.85,25.72,26.53,25.93,25.5,25.29,25.89,26.17,26.15,26.74,25.96,26.47,26.31,26.3,26.12,26.36,26.01,26.1,26.52,26.34,26.41,26.31,26.26,25.79,26.71,26.86,26.73,27.62,27.6,26.13,25.22,25.24,25.06,25.22,25.79,26.47,26.31,25.53,25.6,25.72,26.11,26.55,26.65,26.48,25.91,26.09,26.12,26.0,26.02,26.09,26.56,26.56,26.36,26.13,26.71,26.23,27.28,26.78,26.4,27.81,28.85,26.43,26.33,24.59,25.42,25.23,25.38,26.23,26.18,25.82,25.45,25.72,25.63,26.02,25.74,26.52,25.33,26.17,26.03,26.01,26.12,25.87,26.37,26.37,26.01,26.08,26.09,26.41,26.75,26.47,26.88,27.98,27.16,25.86,26.41,26.4,25.57,25.88,26.17,26.25,26.0,26.03,25.26,25.66,25.53,25.81,25.0,26.08,26.08,26.0,26.15,25.95,26.32,26.17,26.08,25.92,26.09,26.36,25.95,26.04,26.16,26.55,27.33,27.43,27.36,26.77,27.27,25.32,26.02,24.58,25.32,25.56,26.13,25.82,26.21,25.31,25.28,26.21,26.15,25.85,26.38,26.35,25.85,26.27,25.88,26.06,25.61,25.87,26.71,25.9,25.5,26.27,25.83,26.28,27.71,27.54,29.43,27.55,26.64,25.16,26.31,26.6,25.43,25.57,25.71,25.7,24.97,25.03,25.03,25.7,25.08,25.96,25.21,26.25,25.54,26.2,24.98,26.39,25.81,25.58,26.29,26.57,25.03,25.82,26.12,26.34,26.31,27.11,29.55
2020-06-29 16:09:19.2585,0,25.87,28.63,26.49,24.14,24.39,25.19,25.06,25.75,26.11,25.61,25.5,26.6,26.24,26.21,26.54,26.37,25.85,26.41,26.46,25.82,25.56,25.85,26.44,26.58,27.81,26.83,27.44,26.62,27.26,27.25,31.27,27.54,26.35,26.62,25.33,25.57,24.28,24.28,24.16,24.79,24.77,25.46,25.31,25.44,26.17,26.07,26.35,26.83,26.78,25.89,26.34,26.59,26.01,26.35,26.16,27.41,27.2,26.16,26.44,26.25,27.0,26.95,26.25,26.77,27.23,24.78,26.25,27.04,23.99,23.78,24.49,25.41,25.73,25.09,25.63,25.19,26.14,25.31,26.07,25.74,27.06,26.65,26.09,26.23,26.01,26.32,26.15,25.48,26.62,26.6,26.79,26.21,26.8,27.25,27.07,26.82,27.46,25.49,25.92,26.37,24.56,25.39,25.44,25.16,25.22,25.74,25.46,25.23,26.27,26.01,25.62,26.63,25.83,25.61,26.38,26.65,26.62,25.83,26.02,26.13,27.0,26.01,26.01,26.39,26.35,25.91,26.64,27.49,26.81,25.7,25.79,25.2,25.79,24.97,25.18,25.34,25.64,25.53,25.98,24.67,25.48,25.61,25.97,26.31,26.37,26.0,26.45,25.64,25.87,26.35,26.0,25.66,27.19,26.21,26.94,26.04,26.07,26.18,26.9,27.74,26.62,25.83,24.98,25.42,25.59,25.45,25.41,25.98,25.78,25.52,25.0,25.53,25.29,26.02,25.77,26.49,25.78,25.59,26.14,26.66,26.57,26.64,25.61,26.55,26.61,26.47,26.02,26.96,26.55,26.84,27.02,27.68,26.09,25.07,26.24,24.83,25.21,25.19,25.18,25.87,25.58,25.09,25.65,25.53,26.25,27.53,28.64,27.95,26.22,25.76,26.29,26.25,26.11,26.01,25.9,25.97,26.88,26.51,26.2,26.68,27.33,27.1,27.82,26.93,25.75,26.13,24.34,25.63,25.48,25.51,25.15,25.73,26.33,25.97,25.68,25.62,26.36,28.0,30.3,29.46,26.09,25.88,25.7,26.17,26.48,26.23,26.25,26.58,27.06,26.39,26.88,26.83,27.26,26.72,26.77,27.32,26.37,26.02,25.37,24.41,25.19,25.7,25.83,25.69,26.18,25.83,26.09,25.88,26.49,27.87,30.93,30.54,27.15,25.97,26.14,25.66,26.19,26.32,26.12,26.15,26.43,26.49,27.01,26.71,26.51,26.76,26.53,26.97,26.85,26.32,25.44,25.9,25.84,25.75,25.08,25.94,25.67,25.28,25.22,25.81,26.3,27.17,29.55,30.33,26.84,25.67,25.96,26.17,26.35,26.63,26.31,26.35,26.06,26.67,26.85,26.76,26.44,26.4,27.9,27.94,26.78,26.35,26.22,25.89,25.32,26.03,25.83,25.44,25.41,25.47,25.76,25.84,26.17,26.57,28.97,28.55,26.3,26.29,26.32,26.29,26.17,26.41,26.33,26.52,27.06,27.16,26.52,26.63,26.43,27.01,27.54,26.19,26.13,25.56,25.06,26.13,25.65,25.56,25.29,25.84,26.42,25.92,25.77,25.93,26.01,26.69,28.5,28.99,26.72,25.72,25.97,26.27,26.29,26.04,26.1,27.3,26.46,26.66,25.99,26.99,27.75,27.39,26.9,27.15,26.13,27.44,26.48,25.62,26.3,25.98,25.97,25.38,26.25,25.53,25.79,25.4,26.19,27.04,28.74,28.32,26.81,26.16,25.77,26.23,25.84,25.92,26.86,26.52,26.84,26.54,26.68,26.88,26.89,26.72,27.92,27.36,26.64,25.76,25.49,26.15,25.78,25.91,25.49,25.86,26.19,26.2,26.28,26.14,26.5,27.4,29.25,29.95,27.25,26.14,26.03,26.23,25.77,25.8,26.22,26.62,26.74,27.3,26.48,26.94,27.07,26.77,26.75,27.74,26.59,26.32,25.8,26.45,26.78,26.5,25.98,26.37,25.68,25.42,25.74,26.54,27.25,28.48,29.85,29.64,26.41,26.06,26.24,26.48,26.21,26.02,26.67,26.59,26.55,26.65,27.23,26.65,27.91,27.18,28.03,27.47,26.76,26.46,25.57,26.03,25.57,25.65,25.62,26.75,25.56,25.79,26.04,26.55,27.0,28.59,30.16,29.17,26.39,25.6,25.94,27.06,25.95,26.01,26.65,26.37,26.13,26.46,26.58,27.3,27.47,26.79,27.11,28.04,25.93,25.38,25.94,25.53,25.91,25.9,26.43,26.09,26.09,26.12,26.08,26.36,27.09,28.92,28.9,27.56,25.83,25.54,26.15,26.75,26.04,26.49,26.97,26.77,26.96,26.39,26.51,26.55,26.41,27.22,27.72,27.34,26.79,26.31,25.17,26.58,25.7,26.27,26.56,25.92,25.88,26.01,26.21,26.49,26.59,27.31,27.71,27.25,25.68,26.22,25.9,26.61,26.27,26.17,26.3,26.62,26.99,26.62,26.68,26.97,27.54,27.07,27.36,27.78,25.72,25.56,25.98,25.37,25.88,26.4,25.94,25.9,25.42,25.9,26.07,25.83,26.65,26.6,27.2,26.01,25.91,26.02,26.69,26.74,25.9,26.31,26.58,26.65,26.82,26.4,26.23,26.43,27.18,26.11,27.45,27.8,25.95,25.8,25.25,25.74,26.54,25.8,25.95,25.67,26.02,25.85,25.62,26.24,26.34,26.67,25.86,26.55,25.69,26.34,25.79,26.03,25.67,26.47,26.1,26.49,26.39,26.47,26.66,27.73,26.79,26.89,27.46,27.75,27.47,25.94,26.26,25.43,25.72,26.31,26.24,26.05,26.09,25.96,25.25,25.28,25.81,25.97,25.98,25.79,26.07,25.82,26.14,26.35,26.24,26.73,26.51,25.64,25.83,26.37,26.88,26.3,27.31,27.23,28.38,28.38,27.15,25.82,25.11,26.12,25.58,26.03,25.4,25.45,25.78,26.68,24.93,26.04,25.82,25.02,25.64,26.21,25.67,26.05,25.84,26.33,25.94,25.74,26.44,26.49,25.97,25.69,26.2,26.81,27.22,27.52,27.44,28.24,26.54,27.5,25.73,26.03,25.28,25.33,25.74,26.45,25.84,24.84,25.73,25.81,25.97,25.53,26.48,25.15,25.64,26.45,26.53,26.02,25.43,25.48,26.16,26.58,25.62,25.96,26.12,26.02,26.84,26.42,28.26,29.73,28.12,25.69,26.99,27.11,25.92,24.77,25.43,26.67,25.71,25.99,25.18,25.58,25.97,25.73,25.34,25.48,25.64,25.56,25.83,26.04,26.4,25.96,26.29,26.89,25.99,25.66,24.83,26.14,26.54,26.71,26.05,28.93
2020-06-29 16:09:19.3872,0,26.53,27.53,26.64,25.42,23.96,25.32,24.68,25.2,25.63,26.5,25.64,25.57,26.24,25.93,26.55,25.82,26.26,26.01,26.88,25.53,26.13,27.4,26.74,25.77,26.5,26.96,27.4,26.17,25.97,27.38,28.61,28.35,27.72,26.1,26.8,25.72,24.6,24.43,24.29,25.6,25.95,26.19,25.29,26.14,26.03,26.21,26.09,26.58,25.88,26.03,26.34,26.33,26.27,25.53,26.43,26.96,26.55,25.98,26.21,26.95,26.92,27.34,28.15,29.82,26.8,27.09,26.4,24.85,24.99,24.41,25.1,25.09,25.32,25.49,25.38,24.8,26.4,25.93,26.09,25.5,25.78,26.31,26.35,25.87,26.4,26.07,26.02,26.02,26.61,27.03,26.45,26.68,26.41,26.81,26.67,27.31,27.35,25.64,25.09,26.15,25.19,24.89,25.57,25.01,25.22,24.96,25.46,25.63,25.93,26.15,25.98,26.31,26.3,26.79,26.16,26.67,25.55,27.19,25.88,26.94,26.3,26.58,26.61,26.7,26.13,26.79,26.29,28.79,26.32,25.83,25.4,24.98,25.01,25.55,25.32,25.06,26.28,25.54,25.64,25.51,25.52,25.4,26.23,26.0,25.97,25.91,26.37,26.22,26.36,26.13,26.26,26.17,26.68,27.14,27.23,26.02,26.38,26.31,27.04,27.87,26.15,26.17,24.76,24.88,24.81,24.71,24.85,25.59,25.79,25.17,25.47,25.45,25.85,25.84,26.11,26.1,26.34,26.05,25.83,26.48,26.25,26.11,26.45,27.3,26.48,26.75,26.86,27.11,26.68,26.99,26.38,28.43,26.62,25.39,26.22,24.96,25.79,25.74,24.93,25.22,25.84,26.02,25.57,26.1,26.08,27.15,28.78,27.78,25.76,25.99,26.13,26.28,26.14,26.46,26.15,26.57,26.77,26.64,26.88,27.23,27.32,27.07,26.72,26.69,27.0,26.1,25.13,25.78,25.47,26.06,25.28,25.49,25.99,25.55,25.7,26.41,26.58,29.02,30.24,29.4,26.8,25.82,25.72,26.61,26.29,26.37,26.27,26.95,26.6,26.29,26.48,27.25,26.79,26.71,26.9,28.01,26.33,26.67,25.83,25.79,25.2,25.42,25.85,25.33,25.88,25.41,25.81,26.11,26.53,28.28,30.52,30.02,27.1,26.38,26.38,26.37,26.04,26.85,27.11,27.04,26.57,26.85,26.89,26.04,26.07,26.74,27.17,27.44,26.98,25.27,26.04,25.73,25.57,25.89,24.96,26.44,25.36,25.64,25.04,26.15,26.05,27.41,29.59,30.1,26.31,26.09,26.28,26.31,26.18,27.06,26.64,26.71,26.19,26.7,26.72,26.77,26.85,26.99,26.38,27.92,25.69,26.82,25.27,25.41,25.33,26.42,25.86,25.68,25.88,26.02,25.39,25.16,25.73,26.98,29.02,28.49,26.71,26.05,26.45,25.94,26.21,26.44,26.68,26.11,26.54,27.06,26.41,26.88,27.13,27.28,27.2,26.49,26.43,26.05,26.27,26.43,25.13,25.19,26.25,25.63,25.9,25.86,25.7,25.87,25.85,26.92,28.27,28.59,27.03,26.14,25.91,26.6,26.23,26.28,26.02,26.91,26.37,26.58,26.12,26.37,26.65,26.84,27.19,27.3,26.28,26.23,25.72,25.9,25.67,25.98,25.87,25.97,25.97,25.35,25.73,25.43,26.14,27.07,28.6,28.18,27.13,26.19,26.64,25.8,25.89,26.73,26.48,26.55,26.87,27.0,26.69,26.5,26.48,27.13,27.08,27.16,26.94,26.41,25.62,25.85,26.3,25.17,25.74,26.12,26.0,26.35,25.41,26.18,26.72,27.54,29.19,29.82,26.83,26.56,26.06,26.56,25.8,25.85,26.04,26.45,26.21,26.65,26.48,27.21,27.48,27.61,26.88,27.56,25.49,25.59,25.18,26.43,26.79,26.5,25.77,25.8,25.5,25.55,26.19,26.17,27.01,28.79,30.34,29.04,26.27,26.1,26.38,26.61,25.66,26.05,26.91,26.18,26.35,27.35,27.0,26.65,27.49,27.31,27.68,27.43,26.36,26.09,25.86,26.03,25.83,25.8,25.39,25.95,25.8,26.14,25.97,26.39,27.51,29.09,29.66,29.21,26.7,26.67,25.97,26.53,26.28,26.05,25.95,26.73,26.72,26.37,26.84,27.18,26.6,28.09,27.24,27.68,27.53,26.75,25.61,25.82,26.05,26.17,25.83,26.21,25.55,26.14,25.79,25.96,27.82,28.28,28.85,27.4,26.26,26.06,26.49,25.98,26.18,26.61,26.35,26.24,26.18,26.4,27.18,26.54,26.11,27.2,27.35,27.29,27.83,27.17,25.46,26.88,26.1,25.6,25.57,26.56,25.66,26.27,25.37,26.53,26.72,27.64,27.93,27.09,26.1,25.97,26.13,26.65,26.3,26.32,26.65,26.98,26.66,26.52,26.54,26.84,26.35,27.67,27.14,27.59,25.49,26.43,25.62,25.5,25.73,26.52,26.61,25.77,26.04,26.49,25.88,26.51,26.17,25.99,26.93,26.03,25.84,26.35,26.31,26.25,26.78,26.54,26.95,26.19,26.34,26.27,26.66,26.42,25.93,26.87,27.96,27.56,25.5,26.52,25.04,26.22,25.8,27.36,25.68,26.47,25.67,25.99,26.09,26.83,26.05,26.18,26.2,26.79,26.23,26.18,26.24,26.91,26.55,26.28,26.11,26.16,26.27,26.61,26.79,27.01,26.92,27.51,27.41,28.27,25.77,26.67,25.68,25.39,25.39,25.98,26.25,26.17,26.11,26.34,25.99,25.53,25.95,25.99,26.34,26.25,25.66,26.17,26.17,26.14,26.96,26.62,26.52,26.53,26.37,27.31,26.57,26.58,26.96,26.5,27.36,27.91,26.65,26.58,25.62,24.68,26.03,25.72,25.96,25.74,26.3,25.81,25.43,26.06,25.95,25.28,25.99,26.36,26.36,26.53,25.63,26.82,26.42,26.0,26.57,27.02,25.96,25.98,25.72,26.8,27.19,27.67,26.97,28.39,25.7,25.87,26.08,25.58,25.94,25.46,26.19,25.34,25.98,26.08,26.01,25.42,25.86,25.66,25.27,25.53,26.51,25.98,25.92,25.9,25.83,26.54,25.62,25.28,26.35,26.4,26.27,24.77,26.09,27.48,28.88,28.18,26.32,25.62,25.52,27.07,25.54,25.94,24.92,26.66,25.98,26.42,25.85,26.27,25.85,25.37,25.35,25.63,25.65,25.46,25.45,26.57,26.4,26.65,25.59,27.32,26.56,25.66,25.47,27.5,25.94,27.25,26.19,31.68
2020-06-29 16:09:19.5154,0,27.39,24.92,25.49,25.32,25.19,24.67,25.09,25.78,25.83,26.1,25.97,26.05,26.81,26.51,26.3,25.72,26.41,25.65,26.63,26.0,25.59,26.46,26.32,26.61,27.2,26.36,26.73,26.27,27.05,26.43,29.05,26.25,25.98,25.64,25.59,25.82,23.95,25.56,25.71,25.32,24.5,26.08,26.05,26.57,25.67,25.83,25.86,26.73,25.53,25.66,26.38,26.35,25.91,26.52,26.34,26.4,26.76,26.68,26.29,26.83,25.57,27.7,27.17,27.98,26.68,26.27,25.49,25.73,25.55,23.98,24.98,25.75,25.48,24.99,24.47,25.74,25.92,26.2,25.97,25.53,26.49,25.97,25.75,25.77,26.28,24.83,25.77,26.2,27.07,26.19,26.17,26.41,26.83,26.52,27.94,27.21,26.75,26.4,25.38,26.03,24.76,24.78,25.18,25.77,24.99,25.11,25.11,25.89,25.48,25.68,25.89,25.85,25.74,25.99,26.06,25.61,25.94,25.61,26.05,26.3,25.22,26.61,26.04,26.26,26.21,26.85,28.58,26.08,25.99,25.33,25.64,24.88,25.67,24.85,24.78,25.1,25.29,24.81,26.0,25.88,25.4,25.86,26.11,25.68,26.18,25.37,25.69,25.9,26.47,25.69,26.15,25.94,26.83,26.24,26.68,26.38,26.91,26.22,27.52,27.78,25.64,25.86,25.19,25.97,24.72,25.48,24.75,25.21,25.07,25.43,25.38,25.79,25.11,25.94,26.45,25.98,25.82,25.94,26.06,26.36,26.27,26.45,26.0,26.58,26.13,26.11,26.48,26.1,26.58,26.87,26.86,26.7,25.54,24.92,25.1,25.19,25.38,24.95,25.34,26.03,25.61,25.23,25.46,25.89,26.59,27.15,28.87,28.08,26.34,25.59,25.81,25.56,26.25,26.04,26.37,26.47,26.66,26.29,26.77,26.71,27.21,25.39,26.79,27.34,25.6,25.98,25.84,25.82,24.37,25.67,24.67,24.87,25.42,25.88,25.17,26.08,26.08,28.51,30.04,29.67,26.12,26.1,25.83,26.3,25.88,26.36,26.61,26.27,26.38,26.54,26.52,26.86,26.39,26.28,26.8,26.99,26.22,24.83,25.55,25.54,25.77,25.33,25.49,25.36,25.65,25.42,25.91,26.12,26.99,28.19,30.59,30.29,27.36,25.71,26.36,26.37,26.22,26.35,26.57,26.18,25.88,26.04,27.16,26.61,26.39,26.79,26.89,26.65,25.46,26.01,25.01,26.08,25.07,25.38,25.72,25.49,25.37,26.06,25.46,25.74,25.38,27.67,30.03,30.35,26.49,26.16,26.46,26.39,26.09,26.75,26.13,26.81,26.1,26.93,26.37,26.52,26.04,26.73,26.94,26.78,26.8,25.36,26.25,25.47,25.61,25.42,25.26,25.59,25.55,25.5,25.48,25.67,25.91,26.79,28.91,28.85,26.51,26.14,26.34,25.94,26.2,26.15,26.56,27.29,26.87,26.62,26.05,25.89,26.18,27.47,27.73,26.56,26.16,25.59,25.56,26.31,25.95,26.1,26.04,25.4,24.94,26.47,25.6,25.96,25.56,26.9,28.71,28.57,26.66,26.12,25.81,26.95,25.36,26.75,26.75,26.91,26.27,26.69,26.51,26.64,26.41,26.16,26.94,26.53,26.16,26.47,25.6,25.51,26.07,24.73,25.64,25.41,25.64,25.67,25.42,25.93,26.22,26.88,28.04,28.71,27.02,25.45,26.07,25.98,26.25,25.46,25.96,26.14,26.42,26.34,26.08,26.53,26.64,26.9,26.96,26.56,25.47,26.46,25.37,25.44,25.03,26.19,25.52,25.77,25.16,25.61,25.41,25.68,26.07,28.17,29.19,29.27,26.73,25.98,25.97,26.17,25.03,26.03,25.53,25.93,26.22,27.21,26.51,26.71,27.38,27.08,27.44,27.44,26.79,25.5,25.68,26.33,25.47,25.24,25.65,25.58,25.92,25.14,26.07,26.57,27.27,28.51,30.14,29.66,26.34,26.09,26.36,26.23,25.94,26.15,26.28,26.3,26.69,26.56,26.63,26.29,27.51,27.06,26.91,27.67,26.44,26.32,25.3,25.91,25.33,26.2,25.53,26.31,25.17,26.13,26.28,26.07,26.75,29.17,29.83,28.64,26.05,26.18,26.35,26.32,25.98,26.14,25.85,26.3,26.28,26.73,26.36,26.94,26.36,27.26,26.98,26.38,27.78,26.47,25.81,24.94,26.07,25.67,25.22,26.24,26.0,25.72,26.0,26.39,27.02,28.18,28.64,27.88,26.05,25.28,26.18,26.38,26.06,25.5,26.02,26.47,26.06,26.3,26.14,26.31,27.32,26.65,27.4,26.85,26.46,27.23,25.37,26.3,25.17,26.3,25.59,25.7,25.57,26.37,26.14,26.62,26.62,27.63,27.45,27.08,25.52,26.24,26.03,26.14,26.1,26.51,26.55,26.76,25.98,26.77,26.04,26.86,26.4,27.4,27.39,27.12,26.71,25.59,26.01,25.41,25.62,25.3,26.1,25.93,25.69,25.82,26.32,26.19,26.16,25.79,27.32,26.24,26.24,26.56,26.3,26.46,26.03,26.45,26.26,26.45,26.6,26.05,27.1,27.32,26.75,26.46,27.84,27.83,25.41,25.84,25.79,25.77,25.41,26.4,25.72,26.09,25.69,26.0,25.54,26.05,25.74,26.49,25.79,26.16,25.62,26.37,25.93,25.75,26.45,26.17,26.25,26.4,25.67,26.63,26.55,26.46,26.36,27.24,27.13,27.97,25.86,25.18,25.19,25.99,25.9,25.26,25.99,26.22,25.61,25.99,25.64,25.91,25.73,25.56,26.0,26.49,25.77,25.85,26.16,26.27,26.15,25.46,26.41,26.55,26.39,25.72,26.0,26.18,27.17,27.26,27.63,26.8,26.34,26.46,26.45,25.27,25.29,25.44,25.29,25.62,25.02,25.69,25.09,26.43,25.16,25.97,25.78,26.35,25.14,26.3,25.99,26.24,25.85,26.13,27.11,26.39,25.46,26.55,25.62,26.68,25.76,27.38,27.07,27.63,26.83,25.77,25.96,26.07,26.17,24.02,26.23,25.25,25.45,25.84,25.76,26.11,26.0,25.06,25.9,25.68,25.66,25.16,26.18,26.3,25.72,25.65,25.78,26.04,25.65,25.24,25.49,26.39,27.58,25.89,27.35,27.79,26.22,25.98,25.82,26.56,24.75,25.83,25.3,26.23,25.46,25.31,25.48,25.89,25.49,25.0,25.0,25.26,25.05,25.22,25.61,26.33,25.26,26.26,26.88,26.34,25.57,26.76,25.7,26.69,25.47,26.17,27.44,29.3
2020-06-29 16:09:19.6435,0,29.65,27.72,26.13,26.11,24.67,24.0,25.13,24.99,25.69,25.68,25.84,26.23,26.41,25.99,26.44,25.61,26.28,25.67,26.22,25.6,26.31,26.2,26.49,26.96,26.25,27.25,26.97,27.49,28.11,27.73,31.15,27.45,24.61,26.52,25.92,26.32,24.57,24.53,24.76,26.16,25.59,26.24,26.36,25.75,25.95,26.49,25.75,26.07,25.8,25.78,26.0,26.49,25.79,26.11,26.22,26.41,26.34,27.03,25.82,26.7,27.12,28.03,27.49,30.1,25.96,25.67,25.36,25.03,25.92,24.03,25.0,23.96,25.21,25.01,25.66,25.49,25.55,25.6,26.21,25.66,26.6,25.98,25.87,26.39,26.28,25.73,26.32,26.22,26.37,25.93,26.2,26.63,26.87,26.6,26.97,26.38,27.13,26.05,25.84,26.09,25.3,25.29,25.06,25.64,25.01,25.37,24.99,25.88,25.48,25.67,26.12,26.18,25.97,26.55,25.83,26.07,25.94,25.97,26.2,26.83,26.78,26.19,26.71,26.46,25.92,26.35,27.75,27.67,27.33,25.22,25.15,25.47,25.07,25.34,25.07,25.12,25.91,25.83,25.87,25.3,25.82,25.52,25.98,26.01,26.27,25.37,26.46,26.12,26.23,25.46,26.74,26.2,26.83,25.72,26.55,27.17,27.1,26.61,27.19,26.99,24.7,26.11,25.6,26.18,25.2,25.2,24.5,24.95,24.96,25.78,25.95,25.43,25.31,25.92,26.34,26.28,25.49,26.02,26.06,26.45,26.26,26.54,26.47,26.69,26.4,27.02,26.22,26.56,25.83,26.9,27.32,28.18,26.37,25.92,25.8,25.24,25.83,25.39,25.73,25.53,25.6,25.35,25.66,25.45,26.46,26.94,28.54,27.47,26.01,25.58,25.99,25.76,26.33,25.93,26.36,26.36,26.53,27.05,25.96,26.73,27.38,26.7,26.83,26.85,25.85,26.39,24.91,24.57,25.4,26.09,25.45,24.87,25.08,25.53,25.49,25.62,26.57,28.19,30.03,28.87,26.88,25.88,25.81,25.76,26.29,26.55,26.39,27.05,26.03,26.66,26.14,26.86,26.73,27.07,26.69,27.4,25.72,25.94,25.74,25.43,25.23,25.61,26.1,26.1,25.63,25.2,25.78,25.9,26.19,28.26,30.47,30.36,27.42,26.26,26.33,26.55,26.09,26.44,25.49,26.39,26.33,26.05,27.29,26.89,26.4,26.68,26.93,27.23,26.06,26.05,25.67,25.95,25.22,25.78,25.24,26.07,25.14,25.61,25.86,25.81,25.93,27.17,30.1,30.05,27.12,25.85,25.88,26.07,26.36,26.03,26.12,26.89,26.21,27.27,26.51,26.52,25.79,27.03,26.83,28.51,25.97,25.76,25.96,25.96,25.61,25.95,24.77,25.47,25.31,25.7,25.95,25.26,25.97,26.68,28.96,28.65,26.65,26.03,25.74,25.82,26.16,25.64,26.64,26.01,26.96,26.51,26.29,26.8,26.74,26.36,27.43,26.95,25.34,26.47,26.06,25.88,25.31,26.1,25.33,26.08,25.47,26.03,25.79,26.12,25.35,26.96,28.42,28.35,26.55,26.08,25.98,26.36,25.92,26.33,26.63,26.14,26.27,26.9,26.4,27.4,26.44,26.59,26.66,25.89,25.86,25.85,26.22,25.69,26.07,25.39,25.27,25.3,26.36,25.76,25.99,25.52,26.09,26.77,28.27,28.06,26.98,26.07,26.31,25.68,25.64,25.64,26.55,26.23,26.74,26.34,26.7,26.42,26.92,25.93,28.3,28.43,25.87,26.33,26.01,25.75,25.95,26.56,25.88,25.98,25.04,25.68,25.3,25.35,26.51,27.58,28.98,29.4,26.8,26.32,25.95,26.13,25.4,25.9,26.54,26.21,25.89,26.63,26.64,27.21,26.57,27.23,27.81,27.47,27.19,25.73,26.62,25.77,25.87,25.39,25.88,25.82,25.68,25.45,25.74,26.36,26.76,28.67,30.02,29.73,26.4,25.89,25.85,25.92,26.11,25.94,25.74,25.65,26.79,26.68,25.99,26.96,27.24,27.38,27.6,26.88,26.5,26.69,25.95,26.07,26.02,25.81,25.42,26.29,25.48,26.0,25.76,26.35,27.01,28.76,30.17,28.97,26.22,26.15,26.24,26.76,25.77,27.0,25.95,26.91,26.16,26.83,26.5,27.19,27.1,27.12,26.86,27.26,26.37,26.36,25.03,25.76,26.08,25.02,25.71,25.88,25.65,25.93,26.19,26.59,26.69,28.36,28.8,28.06,26.01,26.04,26.83,26.66,26.34,25.89,25.89,26.25,26.86,26.31,26.27,26.88,27.19,27.44,27.78,27.25,26.89,26.39,25.41,26.16,25.47,25.62,25.85,26.06,25.45,26.02,25.7,26.28,26.41,27.6,27.92,27.05,25.3,25.82,25.92,26.71,26.39,26.58,26.21,26.29,26.68,26.39,26.86,27.0,26.87,27.72,27.62,27.68,25.8,25.29,25.2,25.62,25.92,25.33,26.36,26.21,26.03,25.7,26.19,26.19,25.71,25.78,26.99,26.95,26.51,26.04,26.38,26.04,26.12,26.33,26.13,25.75,26.34,26.31,25.99,26.35,27.23,26.34,28.24,27.34,25.67,25.7,24.48,25.97,25.73,26.41,25.87,26.22,25.34,25.98,25.76,26.69,25.52,26.56,26.3,26.24,26.22,26.34,25.82,26.45,25.58,26.47,26.6,26.86,26.55,26.37,26.29,26.76,26.55,27.73,26.83,28.2,26.55,25.26,25.79,25.35,25.14,25.76,25.71,27.07,26.12,25.63,25.87,25.44,25.59,25.89,26.09,25.82,26.08,25.74,26.37,25.47,26.37,26.41,26.65,26.56,25.73,26.15,26.02,26.37,27.2,26.29,27.69,28.1,26.64,26.12,25.4,25.13,25.33,25.77,26.18,26.62,25.7,25.56,25.22,25.56,25.51,25.95,26.01,25.65,25.7,26.73,25.76,26.23,25.85,26.0,26.36,26.51,25.75,26.42,25.51,27.17,26.14,27.24,27.36,28.99,27.18,25.21,25.63,26.92,24.84,25.08,25.47,25.44,25.87,25.59,25.89,25.73,25.74,25.32,25.27,25.69,25.53,25.41,26.05,26.31,25.45,26.06,25.64,26.78,25.95,25.12,25.36,25.42,27.45,26.9,27.92,29.08,26.09,26.79,25.5,27.4,25.67,25.35,25.82,26.25,25.2,26.31,24.82,25.89,26.15,25.63,25.01,25.76,25.06,25.83,25.36,26.45,25.27,26.8,26.21,26.5,25.6,26.17,25.75,27.24,25.72,27.37,28.11,28.49
2020-06-29 16:09:19.7717,0,25.88,26.19,24.15,24.63,24.2,24.48,24.72,24.93,25.8,25.34,24.76,25.91,25.69,25.83,26.27,25.72,25.72,25.52,25.91,25.72,25.99,26.17,25.53,25.83,26.36,26.53,27.08,25.5,27.98,26.43,28.45,29.58,25.99,26.29,25.59,25.15,25.42,25.18,25.04,24.3,25.26,25.61,25.91,25.31,25.66,26.07,25.6,25.26,25.4,25.25,25.44,26.33,26.04,25.39,24.71,25.77,26.3,26.65,26.29,26.26,28.06,27.91,26.3,27.94,26.95,25.79,25.47,25.53,25.19,24.48,24.19,25.29,25.32,24.99,24.71,25.48,24.92,25.71,26.07,25.65,25.52,26.21,25.73,26.38,26.38,25.72,26.02,25.51,26.48,25.74,26.15,26.24,25.37,26.71,26.52,28.97,27.99,25.94,24.99,25.82,25.42,25.08,24.58,25.46,25.52,24.95,24.85,25.49,25.6,25.3,25.42,26.06,25.86,25.85,26.06,25.71,26.29,26.2,26.05,26.14,26.34,26.59,25.41,25.91,26.03,26.83,26.2,27.21,26.81,24.73,24.89,25.41,25.34,25.0,24.47,24.96,25.01,25.06,25.63,25.88,25.38,25.64,25.76,25.46,26.16,25.7,26.45,26.24,26.57,25.8,26.25,26.81,26.28,25.83,26.22,25.76,26.56,25.54,26.7,26.89,25.64,25.44,24.66,25.43,24.41,25.01,24.48,24.92,25.32,25.65,24.91,25.31,25.21,26.13,26.02,26.28,26.13,25.39,25.63,25.79,26.04,25.64,26.23,25.35,25.61,26.22,25.76,26.37,26.26,26.85,26.09,27.08,25.9,25.29,25.58,25.52,24.34,24.8,25.19,25.25,25.95,25.35,25.66,25.45,26.26,26.95,28.65,27.28,26.22,25.79,25.79,25.87,26.12,25.93,26.13,26.12,26.28,25.66,26.07,26.14,25.8,26.97,26.94,26.59,25.97,26.5,25.03,24.04,24.94,25.79,24.8,24.97,25.42,25.41,25.6,25.73,26.28,28.3,29.94,29.17,26.31,25.88,25.53,25.87,26.19,26.13,25.85,26.47,26.38,26.15,25.86,26.69,26.54,26.1,26.45,26.6,26.19,25.88,25.06,25.39,26.02,24.79,25.21,25.48,25.29,24.76,25.89,25.5,26.59,28.09,29.66,30.19,26.49,26.09,25.57,25.98,26.0,26.35,26.55,26.29,26.09,26.4,26.63,26.21,26.22,26.49,26.87,26.48,26.0,26.67,25.63,25.29,25.47,25.49,25.35,25.7,25.37,25.72,25.67,25.92,26.05,27.08,29.67,29.7,26.77,25.58,25.61,25.79,25.79,26.43,26.13,25.71,25.64,25.98,26.24,26.76,27.03,26.99,26.94,26.75,26.61,25.36,25.6,25.77,25.99,25.42,25.72,25.58,25.74,25.39,25.36,25.17,25.89,26.88,28.8,28.84,26.85,25.86,26.04,26.5,26.56,26.05,26.03,26.76,26.51,26.85,26.4,25.89,26.71,26.76,26.25,26.56,26.86,25.9,25.09,25.54,25.55,25.95,24.97,25.14,25.16,25.3,25.31,26.03,26.03,26.42,28.44,28.73,26.84,25.91,25.44,25.99,25.55,26.14,25.61,26.14,26.16,26.67,25.28,26.62,26.69,26.13,26.29,27.81,25.79,26.3,25.12,25.21,25.53,25.24,24.89,25.99,25.62,25.56,26.19,25.63,26.2,27.07,28.29,28.17,26.54,26.09,25.96,26.17,25.75,25.16,25.83,25.93,26.29,26.34,27.06,26.4,26.9,26.75,26.78,27.23,25.82,26.1,25.97,26.59,26.2,25.66,25.4,25.86,25.26,25.27,25.61,25.65,25.97,27.41,29.36,29.33,27.09,26.52,25.97,25.96,25.51,26.3,25.22,26.42,26.55,26.28,26.38,27.45,27.51,26.35,26.29,27.74,26.06,25.84,25.65,25.73,26.52,25.11,25.63,26.4,25.68,25.77,25.85,25.86,26.49,28.69,30.12,29.03,26.6,26.0,25.95,26.03,25.92,25.45,25.85,25.76,26.44,26.79,26.35,26.81,27.49,27.06,26.89,26.99,26.26,26.46,24.99,25.58,26.13,25.01,25.53,26.16,26.02,25.58,25.87,26.25,26.94,28.78,29.82,28.35,26.14,26.07,25.78,26.3,25.78,26.01,26.37,26.59,25.93,26.23,25.97,25.87,26.64,26.36,26.65,26.86,26.12,26.12,24.98,25.41,25.63,25.27,25.44,25.25,25.64,25.71,25.76,25.86,27.0,28.18,28.34,27.59,26.41,25.38,25.96,26.18,26.14,26.31,26.22,26.25,26.5,26.54,25.98,25.9,26.71,26.5,27.89,27.89,27.19,25.25,25.21,25.8,25.17,25.73,25.84,25.92,25.34,26.13,25.71,25.97,26.72,27.51,27.16,26.96,25.61,25.93,25.53,26.22,26.2,25.87,26.33,26.4,26.33,26.14,26.18,27.11,26.7,27.07,26.7,27.62,26.11,26.33,24.81,25.24,25.59,26.57,25.95,25.93,25.79,26.16,25.97,25.75,26.34,26.42,26.9,26.04,26.01,25.95,26.07,26.05,25.69,26.12,25.89,26.33,26.82,26.3,25.81,26.61,27.34,26.61,27.28,27.27,25.6,25.44,25.8,25.91,26.14,26.09,25.45,25.81,25.93,25.85,25.31,26.02,25.84,26.25,26.2,25.82,25.93,26.24,26.04,25.62,25.91,26.36,26.13,26.03,26.17,26.22,26.55,27.31,26.82,26.58,27.13,27.56,25.83,25.38,25.53,25.29,25.88,25.57,25.4,25.94,25.59,24.72,25.74,25.67,25.82,25.44,26.09,25.37,26.3,25.85,26.03,25.81,26.24,25.82,25.88,26.05,26.24,25.86,26.43,27.1,26.99,26.92,27.8,27.61,26.55,26.43,25.15,24.89,25.45,26.35,26.15,25.74,25.42,25.28,25.09,25.8,25.5,25.37,25.67,25.65,25.82,25.72,25.65,26.68,26.32,26.34,26.86,26.11,25.73,26.25,26.24,26.02,27.09,27.52,27.07,27.6,25.8,26.22,25.54,26.65,25.46,25.03,25.11,26.17,25.28,25.42,25.87,25.45,25.34,25.06,25.13,25.68,25.88,25.65,25.79,25.67,25.95,25.78,25.75,25.9,25.77,25.09,25.8,25.19,27.02,27.2,27.33,27.23,26.78,26.66,25.83,25.94,25.44,25.63,25.14,25.89,25.46,25.85,25.21,25.32,25.62,25.1,26.26,25.36,25.68,26.18,24.97,26.04,25.52,26.37,25.63,26.46,25.72,25.82,24.36,25.62,26.39,26.14,26.64,29.59
2020-06-29 16:09:19.9000,0,25.42,23.61,26.0,26.44,24.23,24.47,25.44,25.43,25.67,25.02,25.38,25.6,25.57,25.68,26.84,25.97,26.54,25.9,26.63,26.26,26.3,26.44,26.01,26.44,26.87,26.68,27.29,28.16,27.05,27.55,26.75,32.11,25.54,28.35,25.79,25.82,24.3,23.77,25.53,26.62,24.64,26.08,26.17,26.02,25.51,25.83,26.36,26.34,25.77,25.66,26.89,26.35,26.02,26.11,26.46,26.85,26.59,26.51,26.98,27.38,26.81,26.5,30.18,30.26,26.97,26.25,26.28,25.71,25.21,25.13,24.52,24.97,24.92,25.51,25.4,25.72,25.92,26.3,26.1,25.99,24.95,25.83,26.48,26.73,25.79,25.58,25.77,26.32,26.07,26.47,26.01,27.23,26.47,25.93,29.04,28.94,26.48,24.41,26.32,26.41,24.74,24.13,25.46,25.48,25.24,25.37,24.96,25.26,25.58,24.84,26.22,26.54,25.73,25.64,26.51,25.85,26.16,25.61,26.43,26.03,26.05,25.75,25.55,26.92,26.01,26.49,28.08,27.82,25.36,25.51,25.28,25.74,24.43,25.13,25.2,25.21,24.9,24.92,25.89,25.39,24.96,25.4,26.11,25.89,25.96,25.69,25.69,26.45,25.44,25.56,26.03,26.79,25.9,26.36,26.1,26.66,25.61,25.52,26.52,27.31,26.03,24.87,25.7,25.63,24.7,24.59,24.74,25.21,25.05,25.18,25.59,25.22,25.3,25.07,26.54,26.09,25.9,25.62,26.26,26.58,25.91,26.11,27.04,27.18,26.11,26.37,26.17,26.55,25.28,26.05,27.41,28.32,26.5,24.71,25.6,25.66,24.95,25.21,25.21,25.63,25.37,25.45,25.24,25.76,25.66,27.03,28.57,28.27,25.64,25.78,26.02,26.16,26.03,26.24,26.37,26.22,26.3,25.9,26.77,26.69,25.67,26.96,26.96,27.13,25.95,24.7,25.17,25.51,25.35,25.13,25.93,25.51,25.29,24.98,25.58,25.64,26.17,28.03,30.51,29.09,26.01,25.51,25.81,26.4,26.49,26.36,26.16,26.5,26.13,26.05,26.5,26.99,26.83,25.97,27.82,27.53,25.67,26.04,25.4,25.21,24.67,25.31,25.36,25.95,25.54,25.41,26.12,25.9,26.7,28.17,30.41,30.09,26.23,25.98,26.46,26.26,25.83,26.13,26.36,26.16,25.77,26.62,26.52,27.12,26.1,26.62,27.56,27.5,26.16,25.67,26.08,25.47,25.86,25.64,25.7,25.85,25.57,25.2,25.75,26.14,26.22,26.82,29.75,30.08,26.66,25.51,25.88,26.3,26.26,26.26,26.63,26.92,26.19,26.12,26.86,26.92,26.31,27.31,27.58,27.63,25.93,25.69,26.41,25.6,25.35,25.27,25.86,25.69,25.0,24.95,25.98,25.95,25.72,26.31,29.44,28.83,26.6,25.85,26.34,26.2,26.0,26.23,26.26,26.64,26.42,26.26,26.91,27.28,26.18,26.04,26.6,27.54,25.44,25.76,25.69,26.16,25.54,24.94,25.31,25.86,25.68,26.06,25.88,25.96,26.12,26.81,28.87,28.57,26.65,25.94,26.45,26.11,26.3,26.55,26.52,26.91,26.36,27.14,26.37,26.77,26.67,26.44,27.24,28.48,26.34,25.43,25.9,26.38,25.81,25.61,25.88,25.97,25.22,25.76,25.62,26.21,25.75,27.06,28.31,28.34,26.56,26.17,25.98,25.97,25.87,25.44,26.47,26.84,26.2,26.32,26.95,27.15,26.78,26.17,27.78,27.54,26.14,25.45,25.95,25.74,25.53,25.43,26.57,26.34,25.78,25.61,25.99,26.17,26.24,27.34,29.53,29.8,26.81,25.98,26.32,25.98,25.88,25.64,26.54,26.54,26.76,26.42,26.74,26.97,27.22,26.09,27.42,28.09,25.02,26.68,25.68,25.42,25.33,25.23,25.89,26.15,25.28,25.23,26.17,26.76,26.7,28.13,29.96,29.74,26.16,25.99,26.83,26.31,25.64,26.14,26.28,26.71,25.9,26.54,26.75,26.92,27.09,26.76,27.4,27.31,25.71,25.8,26.2,26.36,25.45,25.3,26.82,26.19,26.01,25.92,26.36,26.07,27.39,28.8,30.44,28.83,26.13,24.97,26.62,26.32,25.87,26.03,26.56,26.72,26.49,26.26,27.23,27.2,26.91,26.39,27.79,27.9,26.51,26.28,25.49,26.32,25.8,26.32,25.46,25.85,25.66,25.59,26.0,26.47,26.23,28.17,28.74,27.67,25.85,25.85,26.08,26.46,25.86,26.2,27.0,26.78,26.06,26.52,26.54,26.7,25.7,26.33,26.89,28.39,26.81,25.1,26.15,25.83,25.71,25.08,25.58,26.32,25.55,25.49,26.01,26.2,26.11,27.53,27.92,27.27,25.79,25.76,26.01,26.54,25.67,25.9,26.75,26.54,26.89,26.53,26.29,26.86,26.24,26.18,27.2,28.16,25.94,25.39,25.51,25.55,25.62,25.43,25.84,25.78,25.45,26.15,26.77,27.16,25.74,26.4,26.82,26.64,26.14,25.63,26.09,26.14,25.71,26.21,26.61,27.01,26.23,26.28,26.82,26.88,26.28,25.97,27.84,28.18,25.97,26.21,25.77,25.94,26.12,26.26,26.49,26.75,26.15,25.64,25.75,26.49,25.83,26.06,26.29,26.99,26.32,25.75,26.55,26.48,26.01,25.83,26.7,27.23,26.65,25.98,26.68,26.75,26.96,27.24,27.66,28.71,25.44,25.56,26.11,25.1,25.43,25.55,25.85,27.17,25.61,26.1,25.28,25.66,25.73,26.1,26.45,25.8,25.99,25.72,26.84,26.37,26.15,26.04,26.91,26.91,25.46,25.98,27.2,26.31,26.35,26.56,27.44,27.79,26.53,25.86,26.43,25.27,25.43,24.82,26.42,26.76,26.05,25.17,26.05,25.94,25.14,25.85,26.11,26.13,25.91,25.74,26.89,26.36,25.83,25.4,26.33,26.13,25.98,25.58,26.67,26.68,27.23,27.03,27.05,28.71,25.58,27.74,26.16,26.44,24.63,25.01,25.92,25.38,26.29,25.41,25.36,25.7,25.49,25.54,25.65,25.91,26.03,25.51,25.93,26.66,25.33,25.5,25.91,26.45,25.65,25.68,25.66,26.03,25.97,26.43,27.82,28.34,25.91,25.25,25.6,26.17,25.42,23.77,25.76,25.6,25.29,25.17,25.74,25.35,24.95,24.74,25.48,25.77,25.91,25.47,25.72,26.33,25.89,25.72,26.03,26.92,25.7,25.39,26.02,26.0,26.37,26.75,28.74,29.3
2020-06-29 16:09:20.0276,0,28.85,28.68,25.75,27.14,24.43,25.24,24.75,25.28,25.68,25.96,26.12,26.06,26.0,26.52,25.9,26.41,25.62,25.92,26.22,26.28,26.16,26.32,26.02,27.08,27.69,27.04,26.56,26.86,25.86,29.27,27.92,29.59,27.23,27.01,25.82,25.4,25.06,24.32,25.39,25.49,25.72,25.05,25.63,26.03,26.07,25.84,26.91,26.21,27.07,25.67,26.38,26.09,26.86,25.7,26.78,26.4,27.08,26.2,26.66,26.66,27.87,26.75,29.37,28.56,26.98,27.95,25.3,25.93,25.22,24.49,24.68,25.3,25.21,25.13,25.53,25.87,25.56,26.45,25.74,25.78,25.91,26.34,25.4,26.15,26.17,25.85,25.24,25.66,26.51,27.23,26.18,27.26,26.3,27.86,26.56,28.98,27.76,25.09,25.39,25.67,25.75,24.62,25.04,25.05,25.67,25.51,25.37,25.77,26.19,25.09,26.48,25.5,26.1,25.53,26.3,27.04,26.3,25.62,26.45,25.9,26.21,26.33,26.52,26.43,26.04,26.31,26.93,27.82,25.58,25.54,26.01,25.24,24.9,25.31,24.93,25.65,25.67,25.45,24.7,25.06,25.19,25.87,25.67,26.13,26.08,26.26,26.04,26.02,26.02,26.5,26.03,25.7,26.83,26.38,25.66,26.39,26.6,26.9,26.53,26.01,26.87,26.45,25.55,26.15,25.93,25.19,25.45,26.02,25.2,25.07,25.61,25.22,26.08,26.16,26.13,26.31,26.14,25.42,26.07,26.26,26.38,26.01,26.24,26.83,26.39,26.9,26.63,26.7,26.27,27.21,26.68,27.52,25.55,26.05,25.11,25.85,25.1,25.65,25.22,25.39,25.26,25.93,25.47,25.46,26.08,27.56,28.77,27.79,25.55,26.11,25.92,26.29,26.25,26.47,26.04,26.24,25.94,26.3,26.37,26.57,27.06,26.83,27.15,27.16,25.98,25.63,26.33,24.87,25.81,24.72,26.08,25.77,26.25,25.78,25.93,25.43,26.59,28.33,30.05,29.2,26.52,25.42,26.23,26.41,26.62,25.54,26.4,26.28,26.39,26.43,26.53,26.31,27.15,26.6,26.64,26.45,26.4,27.27,25.72,24.93,25.09,25.74,25.37,25.37,25.32,26.19,25.29,26.44,26.9,27.91,30.14,30.29,26.71,26.29,25.69,25.99,26.13,26.76,26.58,26.41,26.01,26.76,26.92,26.22,27.4,26.8,26.73,27.7,26.54,26.19,26.26,25.78,25.62,26.18,25.61,25.85,26.15,25.21,26.19,25.85,26.15,26.64,29.5,29.73,26.87,25.8,26.19,26.4,26.0,26.66,26.55,26.82,26.55,26.24,26.25,26.27,26.9,26.88,26.95,27.13,26.29,26.9,25.16,25.02,25.75,26.2,25.51,25.48,25.66,26.04,25.49,25.68,25.72,27.17,29.0,28.85,26.51,25.87,25.98,26.51,26.2,26.35,26.57,26.87,26.87,26.29,26.92,26.92,25.63,27.19,26.93,27.57,26.69,24.74,25.87,25.57,25.56,25.08,25.45,25.52,25.92,26.06,25.81,25.67,26.05,26.63,28.63,28.48,27.03,25.76,26.19,26.02,26.33,26.08,26.34,26.28,26.61,26.25,26.89,26.65,26.7,26.59,27.42,26.86,25.65,26.65,25.91,26.26,25.82,25.51,25.76,25.54,25.12,26.3,25.32,25.64,25.66,27.17,27.96,28.89,26.84,26.1,25.99,25.43,25.59,26.15,25.76,26.87,26.65,27.37,26.21,27.17,27.06,26.76,26.48,26.57,26.69,26.47,26.28,26.48,26.08,25.69,25.41,25.55,26.33,25.4,26.22,25.98,26.45,27.06,29.46,29.63,26.65,25.99,26.25,25.99,26.48,25.94,26.15,26.14,26.45,26.43,26.76,27.1,27.94,26.38,27.61,27.28,26.45,26.37,25.69,26.78,25.75,25.89,25.78,25.71,25.71,25.46,25.78,25.98,27.0,28.79,30.42,29.49,26.17,26.29,25.79,26.62,25.65,26.36,26.19,26.84,26.25,27.03,26.64,26.43,27.52,27.22,28.07,27.68,27.15,25.64,25.46,25.62,26.14,25.3,26.26,26.2,25.93,25.61,25.68,26.18,27.42,28.62,29.92,29.02,26.61,25.73,26.55,26.71,26.19,26.04,26.28,26.09,26.4,26.73,26.88,27.2,27.37,27.55,27.15,27.07,26.88,25.95,25.5,25.42,25.94,26.08,25.97,25.76,25.56,25.72,26.43,26.08,26.93,28.76,28.65,28.37,25.57,26.36,26.29,26.19,25.97,25.91,26.68,26.37,26.3,27.26,26.28,27.41,26.74,27.71,27.75,27.9,27.74,24.93,26.02,25.21,26.15,25.09,26.1,26.45,26.49,25.17,26.14,26.21,26.63,27.73,28.04,26.89,25.82,25.57,26.33,25.85,26.72,26.01,26.67,26.21,26.8,26.29,27.52,26.32,27.0,26.5,26.19,27.3,26.71,26.34,25.18,25.9,25.48,26.3,26.24,26.59,26.05,26.06,26.22,26.09,26.37,26.53,26.62,26.56,26.04,25.86,26.2,26.37,26.47,26.89,26.62,26.34,26.36,26.69,26.55,25.9,26.91,26.62,26.95,29.31,27.15,26.22,26.14,25.45,25.86,25.84,26.13,26.1,26.06,25.65,25.66,26.61,26.7,26.18,26.11,25.96,26.35,26.17,25.73,26.17,26.68,26.17,26.26,26.41,26.3,26.51,27.13,26.91,26.68,25.82,27.69,28.16,26.28,25.99,25.93,26.52,26.22,26.04,25.43,25.67,24.71,26.25,25.65,26.16,25.62,26.35,26.34,26.95,26.66,26.41,25.49,26.17,26.16,26.06,26.54,26.69,26.13,26.0,26.91,26.8,26.69,27.1,27.25,27.01,26.35,25.06,27.38,26.34,26.73,25.45,26.02,26.91,25.82,25.83,25.35,25.22,26.43,26.2,26.02,26.14,26.39,25.75,26.46,26.37,26.21,25.77,26.23,26.53,26.41,25.59,26.4,26.22,27.26,27.21,28.09,27.64,25.34,26.23,26.17,26.66,24.64,26.2,25.62,25.26,25.6,26.26,25.5,25.46,25.62,25.7,25.29,25.81,26.04,26.37,26.19,26.31,25.72,26.58,26.33,25.48,25.66,26.16,24.84,26.57,26.7,27.77,26.41,28.37,28.18,25.5,26.64,26.57,25.45,25.32,26.27,25.45,26.61,25.6,26.17,26.03,25.89,25.26,25.77,26.03,25.81,25.35,26.13,26.08,26.31,26.4,26.2,26.5,26.48,25.86,26.22,26.7,26.77,26.56,27.99,27.0
2020-06-29 16:09:20.1561,0,28.34,25.36,26.76,26.24,24.02,24.31,25.07,25.97,25.34,26.27,26.1,25.49,25.98,25.84,25.74,26.14,26.13,26.19,26.2,26.71,26.14,26.9,26.15,26.93,26.54,27.22,26.35,27.43,26.8,26.73,26.73,30.23,26.82,26.31,25.6,26.65,24.33,23.58,24.89,24.81,25.87,25.62,25.64,25.87,25.81,26.08,25.87,26.19,26.57,25.39,27.05,25.8,25.78,26.37,26.64,26.53,27.24,26.34,26.66,26.64,28.28,26.25,28.07,28.54,26.96,27.24,25.28,25.94,25.37,24.99,24.51,25.46,25.47,25.82,25.51,24.85,25.79,25.85,25.96,26.02,25.77,26.34,25.74,26.03,26.27,25.73,26.16,26.21,25.91,26.65,25.99,25.75,26.1,25.97,27.37,28.29,26.01,25.07,25.58,24.71,25.27,24.6,25.19,25.47,25.94,25.1,25.37,25.75,26.08,26.02,26.37,26.3,25.99,26.78,26.66,26.31,26.19,26.33,26.06,26.42,26.77,25.44,26.84,26.41,25.87,26.66,28.83,28.09,26.19,26.55,25.08,25.25,25.19,26.07,24.91,24.84,25.14,25.71,25.04,25.54,25.5,25.98,26.21,25.69,26.17,26.05,25.68,26.7,26.0,26.28,25.65,26.08,26.02,26.39,26.52,26.39,26.41,26.91,25.5,26.46,26.67,25.65,26.08,25.78,24.73,25.02,25.05,24.53,25.21,24.92,25.62,25.09,26.19,25.82,26.25,26.61,25.83,25.61,26.4,26.02,26.83,25.99,26.48,26.21,26.27,26.1,26.49,27.27,26.12,26.04,28.39,26.48,26.29,25.49,25.75,25.37,24.93,26.07,25.72,25.4,25.95,25.59,25.34,25.46,26.68,27.67,28.46,27.89,26.13,26.11,26.31,26.4,25.8,26.59,26.02,26.37,26.29,26.8,26.89,27.0,26.89,27.15,26.06,27.17,27.1,26.33,25.37,25.65,25.24,25.25,25.96,25.37,25.44,25.42,25.61,25.41,26.6,27.91,30.34,29.18,26.52,25.99,26.04,26.39,26.42,26.14,26.3,26.25,26.51,26.53,26.4,27.39,27.16,26.89,26.64,27.7,25.84,27.1,25.38,24.93,24.93,25.74,26.34,25.98,25.41,25.87,25.79,26.03,26.59,27.92,30.21,30.21,26.78,26.39,25.87,26.0,25.61,27.06,26.35,26.63,26.21,26.65,27.02,25.96,26.23,26.36,27.21,26.67,25.83,25.83,26.27,24.99,25.62,25.76,25.74,25.95,25.6,25.4,25.58,25.42,26.63,27.09,29.6,30.25,26.79,25.68,26.38,25.8,26.0,26.05,26.14,26.47,26.56,26.45,27.02,26.64,25.77,26.71,27.62,27.62,26.62,25.72,25.93,25.63,25.47,25.43,25.61,25.72,25.75,25.73,25.57,25.38,25.7,27.08,28.89,29.04,26.49,26.25,25.95,26.04,26.18,26.65,26.24,26.77,26.74,26.41,26.65,27.19,27.27,26.64,27.23,27.57,26.18,25.92,26.03,26.0,25.57,25.32,25.82,25.62,25.71,26.15,25.52,25.84,25.86,26.61,28.37,28.19,26.94,25.92,26.38,26.28,26.24,26.44,26.35,26.58,26.28,26.9,26.89,26.88,26.98,26.57,27.27,27.5,26.15,26.48,25.59,25.52,25.41,25.77,25.74,25.89,25.52,26.0,25.0,25.74,25.92,27.27,28.57,28.19,26.82,26.39,26.43,26.0,25.28,26.06,25.84,26.57,26.52,26.47,26.82,26.67,26.49,26.63,26.95,26.91,26.01,26.62,25.69,24.98,25.44,25.8,25.77,25.76,26.02,25.7,25.62,25.46,26.36,27.32,29.47,29.16,26.84,25.97,26.62,25.78,26.48,25.92,26.57,26.02,26.57,26.06,26.52,26.06,27.67,27.2,27.61,27.59,26.6,26.71,25.2,25.6,26.12,25.51,25.76,26.3,25.8,25.89,25.86,26.39,26.97,28.43,30.13,29.68,26.24,25.74,26.44,26.15,25.63,26.07,25.75,26.42,26.68,26.34,26.49,26.95,27.64,27.37,27.72,27.01,26.45,26.13,25.93,25.59,25.48,25.8,26.02,25.94,25.83,25.7,26.39,26.06,27.14,28.69,30.2,29.09,26.44,25.8,26.36,26.12,26.29,26.22,26.18,26.6,26.41,26.48,26.5,27.05,27.37,26.81,27.49,27.72,26.49,26.84,24.99,25.42,26.06,25.55,25.82,26.01,26.1,25.51,25.99,26.19,27.1,28.19,28.91,27.8,25.94,26.17,26.27,26.3,26.15,26.53,26.66,26.38,26.4,26.07,26.92,27.14,26.87,27.57,27.39,27.04,26.66,26.15,26.19,25.81,25.74,26.15,25.86,26.3,26.26,25.81,25.94,25.77,26.64,27.91,27.46,26.87,25.92,25.64,26.04,26.53,26.21,26.29,26.56,26.63,26.92,26.39,26.86,26.99,27.0,26.93,26.88,27.63,26.5,25.79,25.49,25.75,25.17,26.3,26.35,26.21,26.27,25.71,26.09,25.99,26.77,26.54,26.4,26.05,26.22,25.97,26.08,26.38,26.02,26.35,26.48,26.23,26.22,26.82,26.67,26.48,26.42,26.47,27.29,28.76,26.0,25.45,25.64,25.76,26.15,26.25,26.0,25.95,25.71,26.22,25.78,25.92,25.96,25.84,25.91,26.25,26.04,26.46,26.05,26.15,26.57,26.37,26.61,26.74,26.68,26.87,26.0,26.3,27.62,26.75,27.51,28.51,26.46,25.2,25.91,26.0,25.1,26.5,25.83,26.37,25.6,26.26,25.26,26.16,25.26,26.35,26.21,26.39,26.53,26.31,26.26,26.29,26.37,26.54,26.39,26.57,26.51,26.42,27.04,26.5,26.67,26.93,27.81,28.23,26.14,26.85,25.73,25.08,25.94,25.43,26.6,25.89,26.35,25.55,26.08,25.56,25.75,25.61,25.91,26.0,26.39,26.07,26.35,26.11,26.46,26.36,26.36,26.76,26.15,25.85,26.4,26.67,27.1,27.01,27.09,28.26,25.06,26.23,25.95,25.89,25.3,25.21,26.06,26.19,25.43,25.85,25.61,26.12,25.22,25.95,25.14,26.31,25.53,26.26,25.55,25.81,25.83,26.32,25.9,26.06,25.49,25.71,25.97,25.72,26.14,27.96,28.74,28.66,27.35,26.68,26.24,26.15,25.28,25.81,25.64,26.37,25.9,26.0,26.04,25.33,25.89,25.88,25.64,25.88,25.44,25.21,25.88,26.19,25.53,25.71,26.34,26.47,25.59,26.6,25.55,26.5,25.86,26.35,28.78,28.3
2020-06-29 16:09:20.2843,0,26.36,28.67,26.22,26.45,24.19,24.85,25.23,24.93,26.1,26.25,25.64,26.19,25.68,25.69,25.31,25.58,26.11,25.65,26.04,25.57,25.41,26.74,26.59,26.3,26.35,26.53,26.7,26.84,27.49,27.0,27.29,30.23,27.21,27.3,24.68,25.57,25.23,24.99,24.7,24.95,25.7,25.89,25.76,25.3,25.79,26.59,25.73,26.3,26.42,26.26,26.51,25.64,26.99,25.37,26.33,26.66,27.07,27.12,26.82,25.7,27.86,27.42,28.49,26.19,27.22,26.99,25.25,25.53,25.52,24.48,24.94,25.29,25.44,25.39,24.57,25.73,26.01,25.71,26.18,26.24,25.99,25.85,25.6,25.64,25.88,26.1,26.28,25.78,26.47,26.63,25.97,26.24,27.32,26.52,28.45,27.57,27.0,27.02,24.99,24.68,25.9,25.55,24.88,24.86,25.92,25.21,24.98,25.73,25.83,25.88,26.12,25.81,26.54,26.3,25.7,25.81,25.93,25.94,26.44,25.59,26.2,26.43,26.04,26.39,26.2,26.27,27.63,27.49,25.53,25.73,25.24,25.41,24.86,25.6,24.89,25.37,25.76,25.31,26.33,25.41,26.03,25.97,25.97,25.79,25.49,26.14,25.77,26.57,25.98,26.38,25.75,25.94,26.66,26.5,25.91,26.53,26.39,26.22,26.29,26.67,26.05,27.19,24.66,24.9,25.02,25.15,25.3,25.04,25.07,24.53,25.6,25.64,25.64,26.01,25.69,26.05,26.02,25.91,25.95,26.22,25.93,26.52,26.46,26.31,26.64,26.6,26.19,26.51,26.74,27.33,26.86,27.27,26.46,25.66,25.4,24.86,25.63,25.92,25.31,24.99,25.81,25.46,25.43,26.11,26.45,27.35,28.24,27.28,25.91,26.19,26.08,25.35,26.0,26.03,26.12,26.35,25.78,26.91,26.6,26.14,27.17,26.81,27.64,27.15,26.34,26.67,24.7,23.86,25.23,25.77,25.56,25.47,25.77,25.51,25.17,25.61,26.78,28.38,29.56,29.06,26.31,26.47,25.92,25.35,26.3,26.54,26.17,26.35,27.43,26.51,26.51,26.68,26.24,26.56,26.63,27.13,26.54,26.57,26.15,24.13,25.05,25.46,24.95,25.35,25.05,26.18,25.35,25.81,27.05,28.28,30.47,30.01,26.58,26.28,26.33,26.27,26.28,26.35,26.22,26.39,27.1,26.75,26.75,26.74,26.36,26.34,27.19,26.13,26.35,25.46,25.0,24.96,25.74,25.08,25.35,25.57,25.7,26.35,25.56,26.01,26.23,27.26,30.21,29.96,26.67,26.41,25.61,26.26,26.37,26.62,26.12,26.02,26.54,26.32,26.87,26.36,26.04,27.13,26.44,27.42,25.54,26.89,24.96,25.62,25.44,25.55,25.83,25.82,25.62,26.13,25.25,25.26,25.78,27.06,28.69,28.75,26.84,26.14,25.84,26.03,26.26,26.53,26.43,26.65,26.5,26.27,26.63,26.66,26.28,26.9,27.21,27.39,26.51,26.57,26.48,25.52,25.55,25.55,25.32,25.83,25.69,25.92,25.1,25.23,26.22,26.5,28.26,28.26,26.3,25.81,26.27,26.64,26.51,26.62,26.13,26.55,26.49,27.0,26.51,26.73,26.55,27.11,26.93,27.15,26.47,26.63,25.72,26.1,25.91,24.86,25.72,25.76,25.4,25.67,25.58,25.53,26.37,27.16,28.1,28.26,26.53,26.18,25.67,25.89,26.12,26.04,26.13,25.82,26.06,26.68,26.55,26.28,26.88,26.89,27.42,27.23,26.33,26.43,24.77,25.99,25.81,25.65,25.4,25.16,25.69,25.78,25.31,25.64,26.71,27.58,29.36,29.77,26.73,26.41,25.96,26.41,25.6,25.99,26.45,26.3,26.55,26.38,26.88,26.8,27.37,27.04,26.62,27.24,26.23,26.18,25.33,25.88,25.7,26.4,25.14,26.17,25.89,25.98,26.14,26.27,26.77,28.6,30.2,29.75,26.4,26.18,26.23,26.51,26.3,25.95,26.04,26.51,26.66,26.09,26.09,26.29,27.76,26.63,27.04,28.17,26.61,25.76,25.14,25.57,26.26,26.04,25.77,25.56,25.48,25.25,25.77,26.24,27.12,28.95,30.45,28.24,26.32,25.78,26.16,26.1,26.08,26.7,26.26,26.58,26.61,26.46,26.61,26.38,26.93,27.22,27.14,27.19,26.29,26.65,24.97,25.41,25.76,25.93,25.93,25.74,25.63,26.58,25.86,26.17,26.79,28.46,28.61,27.68,26.4,25.86,26.15,26.38,26.44,26.11,26.2,26.03,26.38,26.65,26.24,26.58,27.43,26.95,28.05,27.54,27.01,25.95,25.53,25.48,26.7,25.86,25.34,26.03,26.59,25.9,26.03,25.85,26.62,27.5,27.93,27.04,25.41,26.21,25.83,26.61,26.4,26.58,26.44,26.17,26.91,26.37,26.84,26.69,26.55,27.21,27.73,27.6,27.05,26.51,25.13,25.24,25.29,26.42,26.2,25.8,26.48,25.93,26.18,26.08,26.02,26.62,26.38,26.24,26.1,25.85,26.16,26.36,26.11,26.44,26.34,26.56,26.57,26.3,26.23,27.18,27.02,26.77,27.09,28.2,26.18,25.61,25.62,25.24,26.14,26.51,26.38,26.06,26.28,25.6,26.22,26.34,26.05,26.03,25.68,25.92,26.13,25.92,26.03,26.45,26.13,26.24,26.13,26.61,26.41,26.46,26.12,27.01,27.91,27.04,27.49,28.12,26.23,25.98,25.7,25.47,25.24,25.88,25.95,26.21,25.83,26.24,25.24,25.55,25.35,25.55,25.97,25.82,25.96,26.18,26.13,26.38,26.46,26.4,26.5,26.17,26.49,26.53,26.72,26.48,26.65,27.77,27.4,26.8,25.91,25.62,25.52,25.05,26.09,25.56,25.86,25.87,25.94,25.78,25.33,26.03,25.73,25.24,25.89,25.52,26.04,25.59,26.22,25.86,26.68,26.09,26.22,26.74,26.0,27.21,26.08,26.8,26.75,27.51,27.68,27.8,25.79,27.75,25.33,26.84,24.94,26.19,25.57,26.17,25.97,25.7,25.59,25.45,24.94,26.06,25.49,25.18,25.87,26.0,26.27,26.17,25.81,26.31,25.74,26.75,26.2,25.99,25.29,25.71,25.93,26.45,27.79,27.8,27.06,26.41,26.03,26.12,25.44,24.93,25.46,25.08,26.03,25.84,25.35,25.31,25.88,25.21,25.12,25.48,25.42,25.55,25.99,26.03,25.65,26.36,26.19,26.02,26.17,26.57,26.37,26.48,26.39,27.28,27.97,28.6
2020-06-29 16:09:20.4125,0,26.87,26.14,25.98,25.51,24.6,23.89,24.72,26.09,25.5,25.77,26.25,25.88,25.42,25.94,26.55,26.1,26.13,25.75,26.34,26.25,26.7,26.85,26.45,26.73,26.37,27.17,26.53,27.39,26.07,28.1,28.45,31.45,27.98,25.61,26.0,26.01,24.84,24.65,25.01,25.3,26.42,25.32,26.3,25.73,25.9,25.55,26.09,25.93,26.01,26.15,25.81,25.93,26.83,24.97,26.45,25.77,27.04,26.33,27.15,26.45,27.41,27.2,29.31,26.78,27.53,25.76,25.27,26.08,24.86,25.28,24.35,25.57,25.88,25.23,25.12,25.06,26.15,25.31,25.35,25.98,26.36,26.77,25.98,25.74,25.89,26.2,25.89,26.31,26.34,26.16,26.32,27.22,26.28,26.3,27.36,28.93,26.21,26.16,24.96,25.64,25.06,24.11,25.15,24.58,25.63,25.49,25.2,25.49,25.8,26.02,25.5,25.83,25.94,26.55,26.15,25.83,26.15,25.59,26.28,26.28,25.89,26.74,26.48,26.57,27.55,27.01,26.88,28.36,25.76,25.9,25.08,25.55,25.19,25.42,24.62,25.07,25.27,25.41,25.63,25.26,25.72,25.72,26.32,25.87,26.06,26.11,26.01,26.43,25.65,26.01,26.37,26.41,26.15,26.75,25.93,26.65,25.43,27.36,26.1,26.86,26.63,25.64,25.68,25.44,24.84,24.72,25.0,25.2,25.78,25.53,24.88,25.66,25.72,26.03,25.88,26.39,26.42,25.82,26.14,26.13,26.46,26.32,26.08,26.2,26.35,26.09,26.02,26.83,26.39,27.02,26.25,27.29,26.29,26.93,24.92,25.32,25.36,25.75,25.46,25.1,25.83,25.78,25.88,25.53,26.06,27.22,28.16,27.65,25.53,25.56,26.2,25.53,26.55,26.01,26.13,26.79,26.4,26.39,26.88,26.68,26.43,26.63,26.41,26.75,25.94,26.51,25.16,24.69,25.2,25.25,25.66,25.11,25.98,25.75,25.68,25.84,26.66,28.21,30.11,29.18,26.19,25.29,25.6,25.68,25.85,26.14,26.25,26.48,26.94,26.65,26.09,26.14,26.51,27.04,27.81,26.42,27.09,26.2,25.22,25.98,25.34,25.43,25.47,25.69,25.41,26.05,25.69,26.09,26.21,27.97,30.22,30.26,26.78,25.97,26.15,25.66,25.81,26.82,26.45,26.59,26.44,26.49,26.51,26.18,26.8,26.46,26.87,27.31,26.67,26.51,25.75,25.6,25.71,25.89,24.71,25.71,25.67,25.51,25.74,25.62,25.73,27.28,30.19,29.61,27.12,25.96,25.87,25.99,26.06,26.44,26.41,26.47,26.18,26.33,26.97,27.03,26.72,26.41,26.91,27.27,26.61,26.7,25.77,26.05,25.73,25.52,25.49,25.08,25.31,25.68,25.77,25.54,25.99,26.85,28.8,28.73,26.67,25.93,26.23,26.48,25.79,26.21,25.41,26.52,26.41,27.05,26.28,27.01,26.86,26.59,27.07,27.86,26.65,25.4,25.52,25.84,26.05,26.08,25.77,25.73,25.88,25.31,25.38,25.94,25.91,26.42,28.59,28.55,26.54,26.01,26.25,26.19,26.2,26.25,26.2,26.68,26.02,26.34,26.36,26.37,26.66,27.12,27.38,26.51,25.8,26.1,24.98,25.77,25.93,26.36,25.74,25.73,25.41,25.74,25.6,25.6,25.92,26.95,28.12,28.05,26.73,26.16,26.15,26.24,25.56,26.02,26.15,26.42,25.97,26.88,26.07,26.25,27.04,26.44,26.45,27.53,26.99,25.94,26.09,25.57,25.52,25.67,25.49,26.44,25.77,25.8,25.68,25.56,26.13,27.79,29.78,29.7,26.98,25.69,26.21,25.97,25.58,25.82,26.53,26.42,26.31,26.29,26.98,27.08,27.35,26.92,26.75,27.42,26.42,25.46,25.04,25.85,26.26,24.95,25.87,25.91,25.58,25.53,26.26,26.44,26.69,28.48,30.13,29.82,26.52,26.34,26.06,26.58,25.73,25.63,25.85,27.12,25.89,26.42,26.49,27.3,27.36,26.6,26.89,27.8,25.69,25.78,25.27,25.44,25.57,25.28,25.98,25.82,25.57,26.33,26.05,25.96,27.29,28.51,30.16,28.81,26.67,25.89,26.7,25.63,26.25,25.72,26.03,26.49,26.25,26.71,27.09,26.53,26.9,27.1,27.77,26.87,27.03,25.91,24.99,26.47,25.78,25.64,25.57,25.47,26.44,26.01,25.66,26.15,27.4,28.73,29.01,27.66,26.13,25.74,26.36,26.15,26.25,26.18,26.22,26.55,26.28,26.39,25.99,26.82,26.57,27.07,27.39,27.16,26.79,25.79,25.5,25.65,25.7,25.74,25.44,25.56,26.45,25.69,26.43,26.29,26.69,27.71,28.1,27.16,25.78,25.93,26.3,26.02,26.27,26.08,26.08,25.97,26.53,26.27,26.81,27.26,26.81,26.93,27.18,27.62,26.11,26.3,25.82,26.35,25.89,25.69,26.09,26.68,25.44,26.13,26.31,26.38,26.45,26.7,26.6,26.52,26.12,26.43,25.87,26.74,25.7,26.42,25.78,26.54,26.71,26.4,26.39,26.15,27.5,26.74,28.0,27.8,25.76,25.44,25.25,24.43,25.38,25.53,26.61,25.68,25.9,25.86,26.08,26.03,26.56,26.89,26.07,25.52,26.31,26.04,26.22,26.25,26.53,26.26,26.92,25.91,26.26,26.22,26.24,26.88,26.64,26.75,27.46,27.57,26.04,26.93,25.9,25.26,25.1,26.0,26.11,26.6,25.2,25.58,25.62,26.12,25.48,26.2,25.76,26.46,25.53,26.37,25.47,26.01,26.48,26.38,26.64,26.52,25.98,25.69,26.59,26.76,26.83,26.54,28.01,27.38,25.88,26.64,26.23,25.25,25.58,25.26,25.83,24.89,25.91,25.41,25.79,25.56,25.7,25.49,25.75,26.0,26.01,25.95,26.19,26.34,26.29,25.99,26.57,25.86,26.51,26.26,25.74,26.5,26.56,28.22,27.04,27.17,26.31,26.4,25.55,26.42,24.95,25.5,25.75,26.45,25.43,26.09,25.07,25.82,24.96,25.53,25.02,25.9,26.25,25.86,26.04,26.02,25.31,26.02,25.76,25.87,25.34,25.66,25.64,26.19,26.49,27.17,27.33,27.47,27.01,26.67,27.39,25.54,25.41,25.63,25.59,24.94,26.7,25.43,25.72,25.6,25.84,25.87,26.35,25.5,25.39,25.7,25.7,26.44,25.62,25.57,26.43,26.76,25.84,25.52,25.67,25.98,26.36,26.53,27.93,28.28
2020-06-29 16:09:20.5407,0,25.52,29.6,25.58,25.43,24.52,24.78,24.84,25.89,25.92,25.91,25.77,26.02,25.95,27.02,26.12,26.1,25.3,26.02,26.31,26.94,26.11,26.99,27.02,26.87,26.64,27.31,27.01,27.15,27.63,28.82,29.16,30.36,28.55,26.08,26.38,25.91,26.08,24.94,25.32,25.58,25.82,25.73,25.59,26.12,25.77,26.32,25.97,26.04,26.15,25.62,26.48,26.04,26.15,27.17,26.74,26.04,27.03,27.25,26.94,25.83,27.76,27.32,29.48,26.93,27.36,25.9,25.79,25.45,24.63,25.09,25.23,25.4,25.85,25.78,25.49,25.46,25.89,26.43,26.31,25.88,25.88,26.43,26.09,26.12,26.62,26.58,26.54,26.31,26.02,27.33,26.27,26.52,26.39,26.64,27.76,29.44,27.11,25.17,25.49,25.38,25.36,24.87,24.7,25.43,25.5,25.2,25.47,25.61,26.29,26.01,25.88,26.06,26.54,26.08,26.29,26.65,26.04,26.07,25.9,26.79,26.31,26.56,26.78,26.52,26.49,26.03,26.79,28.2,25.88,26.04,25.92,25.69,25.45,26.31,25.3,25.2,25.38,25.05,25.98,25.28,25.61,25.97,25.98,26.23,26.6,26.47,25.79,26.01,26.22,26.14,26.24,26.67,26.26,26.61,26.77,26.79,26.68,26.67,27.62,28.11,26.77,25.56,25.65,25.38,24.98,25.13,25.55,25.04,25.92,24.91,26.17,25.54,25.54,25.81,26.56,25.75,25.92,25.71,26.28,25.69,26.59,26.32,25.87,26.07,26.1,26.6,26.59,26.94,26.53,26.81,27.54,27.61,26.6,26.15,25.03,24.98,25.18,25.89,26.09,25.88,25.82,26.03,25.44,25.67,26.06,28.16,28.86,28.19,25.94,26.3,25.81,26.39,25.91,26.14,25.9,25.99,26.27,26.65,26.86,26.82,27.0,26.93,27.77,27.45,27.01,26.62,24.82,25.6,26.05,25.22,25.55,25.98,26.0,25.64,25.39,25.74,27.2,28.12,30.24,28.9,26.52,26.2,26.43,26.09,26.92,26.46,26.72,26.59,26.02,26.39,26.49,27.78,27.25,26.07,27.09,27.81,26.31,26.51,25.17,25.81,25.73,25.84,25.58,25.83,25.74,25.86,26.11,26.53,26.8,28.01,30.6,30.76,27.17,26.01,26.55,26.28,26.12,27.05,26.03,26.72,26.32,26.51,26.75,27.11,26.77,27.34,26.82,27.63,26.82,25.94,26.05,25.25,25.58,25.08,25.34,25.34,26.25,25.83,25.67,25.93,26.72,27.67,30.14,30.36,27.34,25.88,26.48,26.29,26.1,26.85,26.76,26.9,26.99,26.68,26.61,26.23,27.84,26.38,26.56,27.56,26.2,26.49,25.72,26.19,25.57,26.56,25.24,25.81,25.53,26.03,25.68,26.08,26.1,26.9,28.91,28.95,26.87,26.15,26.44,26.42,26.19,26.64,26.86,26.34,26.63,26.61,27.01,26.77,26.97,26.73,27.5,26.84,25.75,25.85,26.28,25.5,25.79,25.68,25.55,26.65,25.7,26.15,25.91,25.65,26.24,26.62,28.28,28.48,27.4,26.21,26.38,26.77,26.43,26.45,26.44,27.11,27.36,26.56,26.99,27.12,27.34,27.1,26.72,27.61,26.95,26.75,26.45,25.62,25.12,25.74,25.49,26.1,26.06,25.98,25.71,25.24,26.22,27.46,28.4,28.81,26.66,26.48,26.35,26.65,25.77,26.25,26.47,26.45,26.85,26.79,26.43,26.77,27.57,26.3,27.39,27.01,26.27,26.05,25.63,25.53,25.53,25.4,26.46,25.17,26.01,25.38,25.52,25.87,26.55,27.52,29.47,29.71,27.11,25.89,26.17,26.26,25.72,26.32,25.95,26.43,26.99,26.85,27.11,26.68,26.66,26.89,27.55,27.53,26.54,25.43,25.62,25.55,25.43,25.74,26.1,26.28,25.91,26.41,26.17,26.78,26.89,28.89,30.33,29.68,26.44,26.2,26.26,26.71,26.13,26.46,26.68,26.19,26.0,26.32,26.85,26.79,27.19,27.46,28.32,27.27,27.08,26.07,25.56,26.0,26.24,25.91,26.36,26.75,26.13,26.23,25.78,26.57,27.71,28.71,30.29,28.92,26.81,26.09,26.55,26.89,25.89,26.23,26.48,26.82,27.18,26.35,27.1,27.16,27.61,26.77,27.42,28.0,26.97,25.53,24.94,25.99,26.03,26.04,25.81,26.1,25.87,25.6,25.99,26.49,27.11,28.67,28.93,27.7,25.66,26.07,26.37,26.39,26.36,26.32,26.44,26.47,26.39,26.65,26.63,26.56,27.13,27.36,27.84,27.83,26.94,26.26,24.51,26.08,26.67,25.72,26.2,26.29,26.81,26.36,26.56,26.61,27.23,27.62,27.85,26.98,26.21,25.85,26.14,26.43,26.71,26.71,26.33,26.85,26.32,26.74,26.42,27.1,27.1,27.04,27.5,27.91,26.23,26.44,25.77,25.19,25.28,26.95,26.33,26.3,25.78,26.39,25.75,26.41,25.94,26.73,27.01,26.66,25.92,25.75,26.19,26.78,26.34,26.44,27.05,26.91,26.57,26.28,26.64,27.15,27.3,26.57,27.22,28.13,27.45,26.68,26.92,25.04,25.82,26.07,26.23,25.93,26.16,26.33,26.1,26.47,26.16,26.16,26.42,26.46,26.04,25.95,26.57,26.26,26.35,26.26,26.94,26.5,26.78,26.98,26.24,27.14,26.94,26.39,27.79,28.25,27.4,26.88,26.57,25.58,25.69,26.14,26.51,26.6,25.45,26.1,25.49,26.62,25.82,25.89,26.32,26.15,25.75,26.29,26.94,25.92,26.01,26.4,26.88,26.41,26.22,26.78,27.15,26.44,26.78,27.89,28.12,28.93,26.67,25.14,26.01,25.36,25.88,25.54,26.26,26.14,26.05,26.17,25.57,25.43,26.31,25.72,26.35,26.68,26.6,26.51,26.22,26.8,26.79,26.34,27.22,26.23,26.38,25.96,26.2,26.78,27.03,27.47,27.99,27.73,26.18,26.11,25.67,26.76,25.24,26.3,25.23,26.28,25.4,26.36,25.85,25.69,26.22,26.42,26.12,25.67,25.27,26.47,26.03,25.91,25.94,26.16,26.15,27.14,25.74,26.41,25.42,25.48,26.07,26.75,27.92,29.04,26.62,25.83,26.95,26.26,25.73,26.09,25.74,25.85,25.57,26.25,25.6,25.31,25.86,24.96,25.87,25.74,25.79,25.56,25.85,26.42,26.28,25.95,26.72,26.87,25.69,25.64,25.65,26.96,25.96,26.65,28.09,29.07
2020-06-29 16:09:20.7967,0,26.39,26.98,26.25,25.97,24.41,24.46,24.56,24.22,26.28,25.92,25.52,25.59,25.98,25.39,25.88,26.24,26.27,26.15,25.79,25.55,26.29,26.43,26.16,26.89,26.22,26.67,26.91,26.62,27.76,27.53,28.46,31.44,24.28,26.31,25.78,26.23,24.84,24.66,24.68,25.8,24.63,26.07,24.74,26.02,25.91,26.48,25.44,25.8,25.76,26.16,25.68,26.34,26.02,26.93,25.87,26.69,26.12,26.67,26.26,26.28,25.96,28.4,26.69,28.53,27.54,26.48,25.08,24.53,25.88,24.62,24.2,24.66,25.89,25.37,25.13,25.71,26.15,25.56,25.73,26.22,25.78,26.18,26.59,25.62,26.15,25.82,26.04,26.31,26.35,26.61,26.16,26.38,26.82,27.07,26.26,27.52,26.72,26.83,25.73,25.46,24.57,25.73,25.6,25.62,24.69,25.37,25.59,25.88,25.45,26.14,25.74,26.07,25.95,27.01,25.56,26.43,26.27,25.97,26.16,26.16,25.48,26.74,26.33,26.25,25.31,27.02,26.88,27.8,27.45,25.3,26.36,25.56,24.89,25.58,25.2,25.07,25.4,24.79,25.76,25.15,25.39,25.84,26.22,25.32,25.85,25.57,25.8,25.88,26.58,25.9,26.62,26.17,26.69,25.67,26.23,26.2,26.58,25.85,26.31,26.86,24.99,27.02,25.86,25.27,24.99,25.62,25.0,25.34,23.93,25.05,25.47,25.44,25.3,25.93,25.67,26.72,26.0,25.93,25.93,26.36,26.02,26.22,25.73,26.45,25.58,27.28,26.45,26.69,26.08,27.85,27.21,27.7,26.68,26.01,24.93,25.17,25.95,25.48,25.2,25.87,25.72,25.09,25.67,25.42,26.89,27.53,28.26,27.56,25.54,25.67,26.21,26.16,26.56,25.69,25.8,26.21,26.65,26.52,26.62,26.54,26.89,26.0,26.6,26.75,25.57,26.15,24.68,24.7,25.34,25.26,25.41,25.5,25.28,25.99,25.57,25.85,26.46,28.51,30.12,28.79,26.1,26.0,25.9,26.29,25.76,26.46,25.6,26.94,26.71,26.54,26.62,26.71,26.37,26.74,27.12,27.16,26.92,25.33,25.39,25.36,25.62,25.7,25.85,25.45,25.87,25.51,25.38,25.79,26.79,28.45,30.49,30.18,27.07,25.69,26.35,25.67,26.02,26.13,26.35,26.48,26.79,26.14,26.39,26.84,26.81,26.76,26.88,27.83,26.85,26.85,24.5,25.61,25.17,25.77,25.45,25.11,25.46,26.7,25.64,25.83,25.64,27.85,29.56,29.99,26.56,26.34,25.68,26.38,25.38,26.84,26.21,26.48,25.96,27.27,26.98,26.25,26.3,26.57,27.08,27.79,26.27,25.68,25.3,26.05,24.94,25.39,25.5,25.91,25.87,25.27,25.58,25.24,25.9,26.95,28.9,28.92,26.68,26.03,25.96,26.39,26.48,26.22,25.84,26.42,26.75,26.6,26.78,26.12,26.87,26.17,27.72,26.2,25.26,25.58,25.84,25.85,25.26,26.09,25.42,25.97,25.56,26.15,25.58,25.55,25.54,26.89,27.97,28.38,26.28,26.39,25.88,26.38,25.82,26.45,26.11,26.47,26.36,26.68,25.99,26.38,26.53,27.27,26.91,28.31,26.5,27.12,25.74,25.63,25.41,25.22,25.27,25.39,26.17,25.12,26.31,25.31,26.3,26.96,28.67,28.51,26.92,26.16,25.97,25.87,25.77,26.02,26.67,26.42,26.53,26.66,27.19,26.13,27.05,26.87,27.45,27.03,25.62,25.95,25.34,25.43,25.14,25.55,25.14,25.65,25.34,25.81,25.39,25.96,26.23,27.98,29.16,29.26,26.89,26.16,25.85,25.79,25.2,26.31,26.02,26.54,26.09,26.75,25.6,26.83,26.38,27.35,27.73,27.59,26.79,25.47,25.82,25.11,25.59,26.37,25.76,26.03,25.38,25.64,25.56,26.25,26.98,28.21,30.14,29.64,26.43,26.16,26.35,26.11,26.13,25.93,25.96,26.38,26.57,26.31,26.75,26.78,27.65,26.6,27.72,27.13,26.94,26.82,25.58,26.35,25.57,25.68,25.62,25.94,25.89,26.23,25.64,26.17,26.82,28.51,29.72,29.1,26.12,25.8,25.85,26.51,25.76,26.23,25.93,26.82,26.37,26.37,25.56,26.8,26.33,27.1,27.28,26.88,27.41,24.68,25.0,25.07,25.93,25.91,26.2,25.72,25.66,25.69,26.53,26.26,27.31,27.68,28.63,28.15,26.23,25.74,26.37,26.66,26.36,26.09,26.23,26.01,26.17,26.39,26.53,26.83,26.87,26.78,27.57,27.69,27.16,25.44,25.98,25.66,24.86,25.48,25.19,25.94,25.77,25.93,25.57,26.3,26.3,27.82,27.72,26.97,25.98,26.04,26.4,26.43,26.07,26.81,25.86,26.75,25.95,26.4,26.55,27.13,26.52,27.39,27.53,28.15,27.07,25.19,25.33,25.54,26.04,25.98,26.09,25.65,26.27,25.79,25.87,25.95,26.77,26.29,26.3,26.63,26.53,25.52,26.09,26.23,26.77,25.55,25.91,26.19,27.08,26.53,25.69,26.3,27.2,27.21,28.19,27.24,26.15,26.57,24.57,25.27,24.94,26.53,26.35,26.09,26.14,26.11,26.19,26.15,26.35,26.37,25.97,26.15,25.9,25.85,25.8,26.05,26.11,26.16,25.76,26.28,26.39,26.62,26.38,27.18,25.86,27.23,26.74,28.33,27.29,26.15,26.28,26.31,25.42,26.01,25.7,25.35,25.73,25.71,25.75,25.89,26.06,25.98,25.88,26.13,25.98,25.49,25.59,26.25,26.26,26.15,26.53,26.02,26.65,26.24,27.05,26.46,27.0,26.72,27.04,27.78,26.3,26.45,26.05,25.61,25.26,26.52,25.98,25.76,26.05,26.07,25.31,25.69,25.48,25.84,25.64,25.55,26.02,25.85,25.96,25.77,25.7,26.24,25.93,26.51,25.29,26.82,25.59,27.14,26.73,28.06,26.43,27.62,26.81,25.96,25.16,25.45,25.82,25.33,26.07,25.84,25.44,26.23,25.75,25.16,25.86,25.54,25.77,25.53,26.14,25.98,25.68,25.52,26.22,26.02,26.18,26.44,26.37,25.51,24.99,25.51,26.86,26.98,27.34,27.76,25.04,26.92,25.99,25.95,24.36,25.3,25.27,25.11,25.57,25.73,25.45,26.15,24.94,26.01,25.22,25.38,25.4,25.21,25.45,26.06,25.88,25.98,25.88,26.33,25.09,26.14,25.0,26.16,25.62,27.5,27.4,29.93
2020-06-29 16:09:20.9251,0,28.0,25.9,26.12,25.22,23.57,24.61,25.03,24.71,25.94,25.77,25.79,25.31,26.1,25.82,26.68,25.43,25.86,25.91,25.77,25.84,25.98,26.29,25.66,26.89,27.31,27.32,27.03,26.4,27.64,27.7,28.03,27.75,28.16,25.41,25.94,25.3,25.18,24.78,25.34,24.77,25.68,26.04,25.89,26.14,26.05,26.47,26.37,26.45,26.29,26.16,26.5,26.46,26.44,26.22,26.31,25.75,27.04,26.63,26.59,26.95,28.19,27.81,29.49,26.38,26.8,25.43,25.21,25.85,25.33,24.61,25.4,24.96,25.18,25.93,26.16,25.47,25.79,26.08,25.72,26.13,26.61,26.45,26.11,25.77,26.39,25.59,25.88,25.91,26.04,26.76,26.77,27.21,26.94,27.03,26.94,27.7,26.63,26.3,25.89,26.15,25.38,25.05,25.3,25.3,25.65,25.62,25.86,25.87,25.37,25.79,26.47,25.49,26.21,26.21,25.71,25.96,26.18,25.35,26.17,26.41,26.33,26.15,26.01,25.88,26.33,26.6,27.52,27.36,27.16,26.66,24.85,25.36,24.85,25.73,25.03,25.08,25.14,25.44,25.64,25.3,25.4,26.53,25.67,25.58,26.18,25.72,25.81,25.46,26.7,26.16,26.74,26.31,26.54,26.36,26.64,26.5,26.05,26.68,26.44,27.02,26.58,25.97,25.14,25.22,25.44,26.04,24.6,25.46,25.19,25.17,25.61,25.79,25.98,26.05,26.46,26.09,25.94,25.52,25.86,26.47,26.5,26.0,25.76,26.21,26.51,26.35,26.89,26.51,26.55,27.32,26.41,28.03,26.61,26.53,24.71,24.5,25.49,25.07,25.06,25.25,25.72,25.7,25.79,25.79,26.08,27.88,28.68,27.8,26.15,25.71,25.82,25.99,26.57,26.27,26.71,26.47,26.53,27.41,26.47,26.26,27.17,27.41,26.72,26.91,26.84,26.28,25.16,25.14,25.78,25.38,25.69,25.11,26.13,25.77,25.51,25.86,27.11,28.43,30.35,28.91,26.43,26.41,26.05,26.31,26.52,26.89,26.41,26.49,26.62,26.41,26.77,26.55,26.52,26.4,27.1,27.1,26.15,26.7,25.83,25.82,25.47,26.38,25.47,25.48,24.97,26.2,25.71,25.52,26.81,28.02,30.52,30.22,27.1,26.78,26.38,26.3,26.03,26.47,25.94,26.19,26.11,26.64,26.51,26.33,26.93,27.06,27.17,26.6,26.65,25.61,26.22,25.73,25.33,25.49,25.11,25.84,26.15,25.96,26.2,25.95,26.07,27.22,29.79,30.46,26.7,25.9,26.02,26.41,26.01,26.86,25.83,26.28,26.78,26.93,27.0,26.37,26.88,26.4,27.23,27.41,26.92,26.68,26.21,24.52,25.72,25.41,25.85,25.94,25.33,25.52,25.59,25.99,26.11,26.91,29.1,29.06,26.62,26.44,26.27,26.06,26.02,26.66,26.78,26.56,26.2,26.63,27.15,25.75,26.43,27.03,27.19,26.85,25.94,25.87,25.99,26.27,25.42,25.7,25.57,25.63,25.93,26.06,25.83,25.57,25.87,26.64,28.83,28.32,27.14,26.32,25.84,26.41,26.44,26.57,26.66,26.49,26.06,26.46,26.39,27.39,26.95,26.97,26.58,27.13,26.28,26.42,25.72,25.48,26.31,25.62,25.39,25.53,26.18,25.37,25.73,25.45,26.42,27.19,28.15,28.29,26.67,26.31,26.18,25.82,25.69,25.58,26.69,26.67,26.54,26.46,26.82,26.15,27.03,26.88,26.75,27.19,26.12,26.24,26.7,25.7,25.16,26.05,26.24,25.65,25.39,25.61,26.03,25.88,26.1,27.91,29.22,29.46,26.85,26.46,25.72,26.74,25.92,25.55,26.06,26.55,26.68,26.42,26.63,26.83,26.53,26.77,26.91,28.04,27.08,26.82,25.48,25.71,26.12,25.88,25.88,26.41,25.71,26.11,25.88,26.39,27.19,28.81,30.16,29.42,26.27,26.12,26.56,26.16,25.85,25.98,25.77,26.2,26.69,27.14,27.25,26.93,27.2,27.33,26.86,26.95,26.92,26.26,25.58,25.42,26.39,25.54,26.37,25.71,25.61,25.39,26.3,26.59,27.44,28.82,29.95,28.75,26.63,25.74,26.57,26.53,26.5,26.05,26.8,26.62,26.85,26.72,26.61,27.18,28.19,27.08,27.44,26.83,26.62,26.77,24.96,26.31,26.05,26.72,25.83,25.62,25.44,25.73,26.64,25.67,26.93,28.78,29.32,27.61,26.16,26.18,26.58,26.9,26.17,26.74,26.57,26.16,26.75,26.54,26.52,27.11,27.29,27.53,27.52,27.67,27.14,25.75,26.14,26.41,26.13,26.27,25.47,26.43,25.46,25.6,26.47,26.31,26.74,27.54,28.15,27.39,26.03,26.06,26.35,26.85,26.32,26.52,26.23,26.54,26.8,26.88,26.44,27.39,27.11,26.91,27.34,27.93,25.1,24.97,25.45,25.69,24.72,25.99,25.82,25.67,25.68,26.63,25.99,26.09,25.95,26.02,26.93,26.26,26.04,25.67,26.41,26.28,26.46,26.24,26.14,26.8,26.09,27.06,26.66,26.73,27.32,27.21,27.24,28.69,26.12,25.58,25.75,26.22,25.98,26.37,26.24,25.81,25.93,26.93,26.46,26.05,26.07,26.49,25.91,26.27,26.15,26.07,25.95,26.17,26.04,26.39,26.14,26.16,26.42,26.74,26.54,26.43,27.11,26.88,27.08,27.52,26.8,25.71,26.22,24.89,25.7,26.31,25.53,26.2,25.34,25.74,25.39,25.32,25.84,26.24,26.23,26.39,25.99,25.97,26.5,26.05,26.84,26.53,26.65,25.92,26.64,26.25,26.57,25.99,26.63,26.7,27.36,26.52,26.69,25.77,25.66,25.39,26.37,26.18,26.28,26.16,25.81,26.06,25.83,26.06,25.74,25.16,26.13,26.47,26.17,25.97,26.57,26.36,26.09,25.76,26.34,26.37,26.39,26.25,26.21,27.27,26.22,27.66,28.4,26.44,25.95,27.01,25.68,26.2,24.75,24.99,25.25,25.68,26.12,25.55,26.14,26.23,25.6,25.56,25.4,25.93,25.41,25.77,26.3,25.67,26.21,26.7,26.71,26.88,26.64,25.82,25.61,25.49,26.63,26.58,27.47,28.21,26.08,26.1,26.76,26.08,25.23,26.11,25.91,25.4,26.58,25.71,25.88,26.4,25.75,25.62,25.63,25.25,25.68,25.58,25.22,25.92,26.17,26.24,26.32,26.75,26.89,25.66,25.67,26.29,25.6,27.81,28.11,28.44
2020-06-29 16:09:21.0537,0,24.37,27.43,24.15,24.63,24.01,24.85,24.89,26.46,25.64,26.4,25.94,25.91,26.1,26.51,25.59,25.85,25.45,26.44,25.77,26.69,25.99,26.88,26.75,26.61,26.69,26.36,26.52,26.84,27.98,27.85,24.94,26.91,25.56,25.94,27.15,25.58,25.96,24.46,25.04,25.29,26.0,25.76,26.04,25.58,25.79,26.07,25.86,26.18,26.29,25.76,26.51,26.46,26.04,26.5,26.04,25.76,26.61,26.48,28.06,26.8,27.23,28.37,28.91,27.92,27.23,26.51,25.46,25.53,24.33,25.14,24.95,25.14,24.62,25.66,25.24,25.48,25.41,26.2,25.71,25.52,25.76,26.44,25.85,26.13,25.76,26.22,26.29,26.47,26.33,26.93,26.14,26.58,26.27,27.47,26.52,26.14,27.74,25.27,24.79,24.88,25.41,25.39,24.88,24.57,24.72,25.48,25.48,25.23,26.3,25.65,25.53,25.82,26.43,26.54,26.53,26.42,26.53,26.2,26.31,26.27,26.89,26.15,26.51,26.56,26.55,25.54,27.86,26.62,25.75,26.73,25.07,24.17,24.25,25.6,25.46,24.54,25.77,24.81,25.39,25.41,25.6,26.08,26.2,26.34,25.72,26.47,25.45,26.23,25.88,26.72,26.25,26.19,25.61,26.37,25.34,26.68,26.24,26.04,26.29,26.66,27.06,25.83,25.89,25.43,25.46,24.86,25.17,25.19,26.05,25.52,25.49,24.96,25.21,25.59,26.66,25.85,25.81,26.24,26.06,25.46,26.04,25.98,26.82,25.83,26.25,26.35,26.47,26.96,26.42,27.17,27.24,27.48,26.28,25.48,24.91,25.03,25.21,25.78,25.71,25.9,25.71,25.34,25.66,25.89,26.16,27.35,28.25,27.98,26.02,25.69,26.1,25.66,26.01,26.46,25.68,26.35,25.91,26.16,26.34,27.13,26.57,26.66,26.05,27.15,26.71,26.5,25.67,24.52,25.37,24.96,25.69,25.48,25.42,25.52,25.7,26.16,26.89,28.3,29.46,28.88,26.89,25.98,26.22,25.87,26.5,26.13,26.17,26.36,27.2,26.76,26.78,26.69,26.99,27.18,27.49,26.78,25.83,26.22,25.05,25.85,25.61,26.39,25.09,25.72,26.3,25.75,25.57,25.6,26.4,28.18,30.39,30.1,26.21,26.28,25.86,26.17,25.8,26.35,25.81,26.5,26.66,26.04,26.63,26.34,27.37,26.34,26.36,26.99,27.23,26.16,26.71,24.66,25.74,24.96,25.96,25.7,25.59,25.93,25.66,25.51,26.42,27.65,29.67,30.16,27.23,26.23,26.55,25.99,26.28,25.94,26.44,26.79,26.2,26.68,26.87,27.02,26.47,26.99,27.76,27.09,26.25,26.04,24.97,26.53,24.92,26.06,25.24,25.82,25.09,25.39,25.56,25.87,25.89,26.88,28.62,28.58,26.58,26.23,25.95,26.31,26.27,26.73,26.34,26.86,26.18,26.39,26.03,26.27,26.02,26.76,27.06,27.06,27.55,26.07,25.24,25.53,25.94,25.56,26.27,25.37,25.8,25.19,25.9,25.83,26.13,26.42,28.53,28.91,27.02,26.28,26.27,25.99,26.7,26.34,26.33,26.46,26.38,26.1,26.63,26.23,27.37,26.27,27.89,26.49,25.09,26.13,25.27,25.2,25.13,25.5,25.73,26.22,25.41,25.87,25.19,25.63,25.91,27.54,28.02,28.71,26.54,26.46,26.05,26.07,25.75,26.53,25.94,26.75,26.62,27.24,26.06,26.53,26.76,26.89,26.61,27.56,26.67,26.43,26.72,25.85,25.68,25.53,25.99,25.86,25.58,25.58,25.71,25.45,26.72,27.22,29.81,29.34,27.0,25.96,25.96,25.96,26.08,25.81,25.94,26.31,26.33,27.07,27.0,26.31,26.96,26.77,28.4,26.91,25.88,26.52,25.19,25.43,25.44,26.14,25.51,26.05,25.68,25.56,26.05,26.47,26.97,28.69,30.04,29.57,26.14,25.91,25.76,26.51,25.82,26.45,26.26,26.19,26.44,26.56,26.48,26.42,27.35,27.35,26.55,27.16,27.14,25.25,26.82,25.73,25.73,25.14,26.01,25.93,25.81,25.58,26.17,25.74,27.31,28.5,30.63,28.25,25.96,26.07,26.54,26.01,26.18,25.51,26.26,26.16,27.29,26.23,26.74,26.65,26.5,26.65,27.8,26.86,27.03,25.94,25.78,25.72,26.05,26.07,25.44,25.87,25.64,25.49,25.76,26.07,26.61,28.75,28.34,27.88,25.83,25.86,25.96,26.97,25.84,26.31,26.11,26.58,26.27,26.77,26.38,26.85,26.56,27.85,27.21,27.37,27.0,26.14,25.36,25.01,26.42,25.32,25.96,25.8,25.91,25.24,26.24,25.97,26.92,27.31,28.12,27.15,26.1,25.63,26.22,25.92,26.6,26.38,26.22,26.18,26.91,26.86,27.11,26.15,26.99,27.52,27.38,26.74,25.33,25.96,25.64,25.57,25.16,25.72,25.95,26.45,26.02,26.05,25.74,26.74,26.76,26.62,26.08,26.55,26.01,25.74,25.97,26.25,25.8,26.01,26.35,26.79,25.96,26.55,26.24,27.04,27.03,27.08,26.73,27.64,26.56,26.55,26.13,25.41,25.7,26.23,25.85,26.33,26.28,26.56,26.44,26.13,26.16,25.61,26.41,26.24,26.44,25.93,26.77,25.83,26.88,26.36,26.83,26.5,26.54,26.34,26.83,26.43,26.82,26.74,27.49,27.93,26.24,26.96,24.98,24.94,25.88,26.79,25.96,26.35,25.71,25.74,25.49,25.91,25.81,25.78,25.76,26.27,25.97,25.85,25.69,25.93,26.59,26.64,25.75,26.42,25.7,26.94,25.98,27.25,26.32,26.91,27.61,27.4,25.91,26.02,26.26,24.7,26.24,25.41,25.86,26.59,25.68,25.79,25.7,25.43,26.19,25.71,26.01,25.99,26.37,26.05,26.33,25.98,26.56,26.58,26.47,26.1,26.54,25.97,26.69,26.02,27.25,27.35,27.87,27.81,26.29,25.99,26.33,25.28,25.46,25.69,24.79,26.32,24.86,25.42,25.33,25.84,25.46,25.81,25.63,25.55,26.13,26.0,25.91,26.68,26.2,26.44,25.61,26.32,25.48,24.78,24.8,26.05,26.3,26.82,27.79,27.79,26.21,26.17,26.02,25.73,26.47,25.62,25.78,25.57,26.45,25.13,25.89,25.32,26.26,25.22,25.75,25.61,26.04,26.06,26.12,26.04,26.3,25.69,26.18,25.88,25.87,26.12,26.03,26.48,26.75,26.52,28.23,30.54
2020-06-29 16:09:21.1817,0,24.89,26.57,26.76,24.15,24.4,23.53,24.02,25.08,25.81,26.08,26.25,25.31,26.11,25.95,26.14,25.84,25.99,26.16,26.06,26.4,26.56,26.3,26.61,26.12,26.21,26.68,27.09,26.63,28.46,28.39,27.88,27.54,25.95,25.95,26.01,26.01,24.29,24.65,25.02,25.13,24.79,25.77,25.61,26.01,25.78,25.68,25.84,26.06,25.9,26.41,25.56,26.07,25.75,26.64,25.58,27.43,26.59,26.98,26.09,26.08,27.43,28.62,27.14,29.65,27.53,26.97,24.87,25.32,25.53,25.46,24.5,25.28,25.46,25.92,24.98,25.85,25.3,26.43,26.08,25.75,26.36,26.43,25.98,25.75,26.27,25.58,25.76,25.49,26.48,27.21,25.67,26.22,26.45,27.26,27.09,25.75,26.47,25.28,24.97,25.08,25.23,25.08,25.46,25.75,24.57,25.36,25.22,25.87,26.05,25.54,26.22,26.18,26.19,26.43,25.46,25.71,26.04,26.21,25.64,25.88,25.91,25.87,25.86,26.73,26.71,26.83,26.17,27.79,27.24,26.12,25.44,25.39,24.88,24.98,25.05,24.53,25.4,25.8,25.75,25.16,25.28,25.73,25.87,25.78,26.28,26.13,25.57,25.88,26.0,25.91,26.01,25.93,26.28,26.09,25.49,26.05,26.25,26.37,26.1,26.87,26.03,26.03,24.46,25.61,25.0,25.31,24.74,25.59,25.18,25.29,25.13,25.66,25.63,25.92,25.89,25.97,26.12,26.14,25.39,26.24,26.58,25.98,25.62,26.69,26.24,26.88,25.74,26.83,26.88,26.86,26.46,27.29,26.1,26.02,24.92,24.19,25.51,25.77,25.33,25.63,25.35,25.79,25.55,25.32,26.58,27.84,28.66,27.47,26.03,26.08,26.0,26.16,25.48,26.13,26.02,26.1,26.53,26.15,26.35,26.69,27.04,26.64,26.77,26.95,26.14,25.96,24.36,25.17,25.49,25.52,25.04,25.74,25.99,26.31,25.26,26.06,26.57,28.4,29.45,29.47,26.4,25.49,25.61,26.49,26.18,25.93,25.94,26.82,26.13,26.77,26.5,27.12,27.13,26.42,26.78,27.15,26.38,26.04,24.74,24.9,25.48,25.18,25.72,25.22,25.63,26.06,25.58,25.9,26.88,27.99,30.49,30.19,26.5,26.64,25.96,25.97,26.4,26.64,26.35,27.03,26.21,26.38,26.64,26.06,26.66,26.92,27.38,26.46,27.04,26.68,25.3,25.6,25.59,24.97,25.34,25.59,26.01,25.83,25.55,25.62,26.41,28.22,29.66,29.8,26.85,26.15,25.98,25.99,26.17,26.34,26.11,26.47,26.08,26.68,26.48,26.38,25.88,26.27,26.09,26.93,26.96,25.86,25.77,24.99,25.46,26.18,25.49,25.8,25.53,25.38,25.87,25.55,25.7,26.78,28.89,28.66,26.58,26.4,26.23,25.82,25.99,26.52,26.55,26.75,26.85,26.49,26.03,26.39,27.13,27.03,26.74,27.21,26.32,25.23,25.38,25.24,25.8,25.7,24.71,26.43,25.57,25.83,25.29,25.94,26.78,26.7,28.25,28.64,26.65,26.38,26.08,26.19,26.02,26.63,26.32,26.36,26.04,27.01,26.25,26.62,26.81,26.7,26.11,27.16,25.8,25.77,26.34,25.93,25.53,25.99,25.26,25.16,25.73,25.86,25.4,25.71,26.2,27.34,28.93,28.7,27.1,26.27,26.24,26.25,25.37,26.23,26.46,26.12,26.3,26.32,26.57,26.39,27.18,26.03,27.6,26.71,27.0,26.44,24.44,25.57,25.4,25.8,25.14,26.33,25.46,25.59,25.79,26.05,25.68,27.6,28.99,28.99,26.72,26.15,26.14,26.25,25.3,25.72,26.13,26.01,26.43,26.86,26.11,27.08,27.5,27.06,26.6,27.75,26.25,26.34,25.2,25.12,25.85,26.13,25.64,26.16,25.37,25.55,25.75,26.05,27.07,28.86,30.13,29.47,26.15,26.64,26.15,26.31,25.63,26.14,25.65,26.17,27.13,26.66,26.61,26.79,27.22,27.19,26.89,26.97,26.95,26.12,24.81,25.29,25.85,25.92,25.15,26.05,25.69,25.9,25.75,26.56,26.92,29.06,30.35,28.91,26.22,25.7,25.86,26.21,26.36,25.82,25.73,26.71,26.38,26.24,26.08,26.66,26.77,26.95,26.63,27.54,26.31,26.1,25.15,24.61,26.19,26.32,25.7,26.1,26.44,26.14,25.88,26.06,27.3,28.93,28.91,27.28,25.64,25.85,26.17,26.17,26.46,26.09,26.55,26.24,26.74,26.28,26.39,26.84,26.87,27.24,27.39,27.0,26.81,25.61,25.34,26.12,26.4,26.28,24.69,25.68,25.66,26.14,25.37,25.97,26.91,27.61,27.34,26.87,26.38,25.84,26.01,26.62,27.0,26.39,26.09,26.85,26.54,26.75,26.43,26.98,26.97,27.23,27.2,27.97,27.07,25.76,25.49,25.22,25.75,26.27,26.09,25.92,26.15,25.68,26.2,26.07,25.62,26.51,26.5,25.92,26.22,26.24,25.87,26.03,26.44,26.1,26.48,26.31,26.46,26.79,26.67,26.59,27.65,26.44,27.28,27.99,26.35,26.19,24.75,25.59,25.97,26.38,25.3,26.08,25.91,26.33,25.41,25.58,26.14,26.47,25.88,26.56,26.01,26.04,25.81,26.46,25.68,25.71,25.53,26.15,26.4,26.61,26.68,27.31,26.34,26.75,26.57,28.13,26.25,25.56,25.17,25.1,25.41,25.25,25.97,26.06,25.98,25.34,25.5,25.66,25.82,25.43,25.76,25.8,26.53,25.83,25.92,26.03,26.37,26.04,26.27,26.29,26.24,26.52,27.04,26.16,26.66,28.1,28.78,27.18,25.89,26.44,25.13,25.6,25.59,25.73,25.99,26.46,25.92,25.67,25.07,26.05,25.6,25.6,25.76,25.88,25.69,25.95,25.97,26.69,26.54,26.11,26.2,25.99,25.71,25.7,25.14,27.13,26.07,27.36,27.85,27.61,27.54,27.52,25.35,24.87,25.47,26.01,26.22,25.69,26.69,26.1,25.21,25.96,25.98,25.67,25.39,25.54,26.13,26.11,25.92,26.16,25.18,25.76,25.9,25.31,25.92,26.28,25.14,25.0,27.21,27.74,28.74,28.05,27.02,26.91,25.8,26.34,25.24,24.78,25.6,25.42,25.29,25.71,25.87,25.73,25.73,26.12,25.1,26.13,25.41,26.31,25.72,25.79,26.02,25.97,25.33,26.76,26.15,25.67,25.18,26.67,27.1,27.29,27.41,28.94
2020-06-29 16:09:21.3103,0,28.34,28.25,24.16,25.31,24.79,24.66,24.72,25.26,26.27,26.09,25.36,25.9,26.11,26.64,25.73,25.85,26.13,25.91,26.61,26.41,26.0,26.87,26.6,26.91,27.02,27.03,26.9,27.22,26.56,26.99,27.89,31.49,28.01,25.27,26.25,25.16,25.04,24.29,25.03,25.3,25.1,25.77,25.33,25.73,26.06,25.55,25.85,25.53,25.78,26.15,26.24,26.47,26.58,26.78,26.47,26.68,27.07,26.66,26.46,26.45,27.85,27.44,28.91,27.96,26.37,26.26,25.47,25.33,25.2,25.3,24.5,24.53,25.46,25.39,24.59,25.47,25.54,25.83,25.59,26.48,26.0,26.08,25.86,26.25,26.64,26.22,25.89,26.33,26.2,26.78,26.8,26.91,27.34,26.71,26.53,28.26,27.49,25.5,25.75,26.01,25.41,25.72,25.32,25.61,25.11,25.49,25.1,24.74,26.3,25.54,26.0,25.6,25.74,26.08,25.58,25.83,25.93,25.47,25.78,26.68,26.47,26.16,26.03,25.91,27.06,25.74,26.67,28.08,25.13,26.72,25.26,25.75,24.41,26.2,24.62,25.22,24.76,24.55,25.39,25.52,25.16,25.96,25.65,26.01,26.27,25.7,25.9,25.78,26.0,25.68,26.13,26.8,26.55,25.96,25.93,26.52,25.92,26.38,26.91,27.55,26.04,26.62,25.36,26.12,25.16,25.46,24.88,24.8,24.82,25.29,25.14,25.08,25.2,25.81,25.9,26.18,26.34,25.71,26.27,25.91,26.26,26.21,26.22,26.44,25.86,26.22,26.47,27.12,26.57,26.53,26.66,26.47,26.86,25.66,25.08,25.02,26.23,25.36,25.45,25.76,25.47,25.8,25.22,25.88,26.88,27.25,28.55,27.47,25.93,26.09,25.59,26.07,26.33,26.14,25.68,26.58,27.12,26.53,26.61,27.68,27.04,26.18,26.59,26.96,25.59,25.96,25.35,25.17,25.08,25.25,25.05,24.85,25.77,25.87,25.06,25.08,26.88,29.08,30.23,28.98,26.5,25.89,26.12,25.98,26.19,26.35,26.82,26.36,26.26,26.89,26.64,27.25,26.69,26.57,26.45,27.15,26.38,25.7,25.54,26.0,25.34,25.19,25.59,25.72,26.19,26.18,25.89,25.91,26.78,28.09,30.3,30.19,26.69,25.99,26.25,26.07,25.91,26.44,26.45,26.61,26.32,26.51,26.76,25.8,26.95,26.49,26.2,26.3,26.87,26.34,25.31,24.67,25.6,25.36,25.47,25.47,25.91,25.51,25.35,25.31,25.66,27.18,29.67,29.7,26.2,26.33,25.42,26.18,26.18,26.04,26.43,26.47,26.54,26.45,26.74,27.29,27.03,26.12,26.94,27.44,26.26,26.72,24.82,25.92,25.06,25.54,25.49,26.05,25.2,25.92,25.57,25.56,25.89,26.78,28.62,29.11,26.76,25.77,26.32,26.69,26.37,26.72,26.34,26.97,26.63,26.73,26.4,26.4,26.44,26.19,27.23,26.89,26.85,26.08,26.32,25.54,25.81,25.83,25.67,25.15,25.8,25.31,25.7,25.84,26.03,26.7,28.61,28.37,26.65,26.19,26.08,26.19,26.31,26.34,26.53,26.36,26.26,26.56,26.5,26.37,27.09,26.28,26.93,27.33,26.15,26.46,25.58,25.35,25.92,25.87,25.26,25.17,25.52,25.87,25.4,25.62,26.11,26.97,28.11,28.52,26.73,26.46,26.15,25.79,26.43,26.04,26.25,26.75,26.08,26.33,26.69,26.78,26.9,27.17,28.09,27.88,25.64,26.28,25.51,24.98,25.41,25.41,25.63,25.41,25.58,25.8,25.8,25.95,26.43,27.41,29.45,29.16,26.36,26.15,26.05,26.15,25.7,26.11,26.45,25.8,26.22,26.74,26.25,26.32,27.51,26.35,27.1,27.91,26.42,26.69,25.35,26.17,25.99,26.01,25.99,26.28,25.69,25.87,25.65,26.57,26.78,28.23,29.95,29.48,26.24,26.64,26.34,26.22,26.32,26.15,26.47,26.4,26.9,27.48,26.74,26.93,27.64,26.77,26.73,26.98,25.9,26.64,25.44,25.29,25.72,25.28,25.64,25.93,25.7,25.48,26.07,26.16,27.03,29.06,29.91,29.09,26.51,25.79,26.15,25.63,26.17,25.82,25.85,26.28,26.72,26.47,26.22,27.05,27.35,27.1,27.14,26.87,26.85,25.58,25.63,26.49,24.81,25.79,25.82,25.86,25.98,25.49,25.66,26.38,27.1,28.27,28.72,27.49,25.74,25.86,25.58,26.37,26.15,26.51,26.65,26.68,26.16,26.29,26.25,26.71,26.57,27.55,26.87,26.49,27.0,26.33,25.84,25.02,25.44,27.08,25.71,25.68,26.13,25.92,25.38,26.61,26.71,28.0,27.73,27.45,25.7,26.13,26.12,25.82,26.7,26.29,25.99,26.41,26.55,27.11,26.7,27.12,27.28,27.08,27.21,27.1,25.92,25.58,25.32,24.91,25.75,25.72,25.56,25.92,26.15,26.04,25.64,26.52,26.14,26.52,26.49,26.24,26.22,26.05,26.39,26.66,26.23,26.33,26.59,26.44,26.58,26.93,26.38,27.17,27.34,26.92,27.1,27.82,25.4,26.19,25.27,26.08,25.84,26.24,26.51,25.94,26.04,26.33,25.87,26.36,26.37,26.15,26.51,26.14,26.33,26.04,25.92,26.04,26.02,26.26,26.48,26.5,26.16,26.09,26.4,27.46,26.19,27.53,27.49,27.57,26.67,25.17,26.09,25.98,26.04,26.18,25.97,25.65,25.98,26.36,24.77,25.78,25.71,25.77,26.21,26.04,26.3,26.06,26.15,25.92,26.36,25.93,26.01,26.67,26.37,25.99,26.59,26.63,26.5,27.6,26.83,26.99,26.33,26.24,25.33,24.89,25.92,26.05,25.86,26.46,25.93,25.16,24.96,25.68,25.38,25.72,26.12,25.65,26.15,25.38,26.44,26.34,25.72,25.87,26.85,26.11,25.45,25.98,25.46,26.82,27.08,27.71,26.86,27.39,26.56,26.43,26.14,25.67,24.78,25.69,25.59,25.55,25.57,25.83,25.21,25.71,25.21,25.93,25.26,26.29,25.77,26.0,25.42,26.29,26.47,25.77,26.17,26.88,26.07,25.38,25.64,25.53,26.31,27.56,27.81,28.35,27.32,26.2,25.81,25.55,25.26,25.47,25.45,26.37,25.45,25.43,25.34,26.0,24.96,25.62,25.75,25.75,25.54,25.7,25.22,25.66,25.9,25.7,25.9,26.04,25.71,25.52,26.86,26.33,26.56,26.53,27.96,28.95
2020-06-29 16:09:21.4386,0,26.24,26.03,25.6,24.49,24.48,24.16,24.43,24.62,25.22,25.05,25.98,25.77,25.72,25.83,25.62,26.4,26.01,24.98,26.5,25.86,25.88,26.32,26.18,26.31,26.58,27.06,27.15,26.32,27.86,26.27,27.16,28.06,24.99,27.19,25.89,25.25,24.17,23.99,24.39,25.67,25.27,25.65,25.77,25.75,25.79,25.3,25.2,25.94,26.42,26.42,26.11,25.95,25.22,26.39,25.46,26.26,26.16,25.89,24.89,26.88,26.26,27.31,28.76,26.63,26.24,25.16,26.15,25.59,24.57,24.17,24.54,25.46,25.21,25.12,25.53,24.95,25.18,25.45,25.6,25.87,25.89,26.19,25.74,26.37,26.15,25.71,25.64,25.92,26.08,26.2,26.36,25.76,26.33,26.19,26.68,27.4,26.85,26.26,25.23,24.58,24.95,25.44,24.0,25.49,24.18,25.63,24.71,25.25,25.81,25.31,25.63,25.71,26.07,26.43,25.34,25.48,25.32,25.84,25.78,25.63,26.07,26.04,24.79,26.61,25.89,25.8,26.77,26.79,26.06,26.19,24.96,24.56,24.91,24.71,25.07,24.68,25.28,25.18,25.16,25.39,25.27,25.17,25.31,25.77,25.72,25.9,26.01,25.76,26.23,25.79,26.38,26.3,25.63,25.56,26.11,26.24,25.8,25.57,26.59,26.29,25.29,26.11,24.69,25.66,24.88,25.49,24.48,25.21,25.18,25.05,25.01,25.43,25.08,25.59,25.77,25.85,25.57,25.7,25.71,25.68,26.46,25.98,25.86,26.69,25.86,26.37,25.91,26.11,25.48,27.23,25.56,26.55,26.17,25.34,25.47,24.73,25.39,24.95,25.73,25.25,25.36,24.87,25.33,25.42,25.74,27.22,28.24,27.55,25.61,25.15,25.89,25.84,26.01,26.22,25.91,25.63,26.17,25.78,26.77,26.14,26.77,26.2,26.47,27.2,26.01,25.48,23.91,25.05,24.8,24.85,25.05,24.86,25.87,25.64,25.57,25.51,26.55,28.19,29.14,28.67,25.89,25.87,25.59,26.37,26.06,26.23,25.93,26.25,26.13,26.16,26.77,26.44,26.7,25.99,25.79,26.85,26.26,25.04,24.3,25.09,25.36,25.06,25.72,25.34,25.63,26.05,25.99,25.57,26.19,27.58,30.47,29.61,26.67,25.86,25.65,25.85,26.19,26.22,26.23,26.15,26.21,25.55,26.39,26.2,26.54,26.21,26.59,27.03,25.5,25.7,24.55,25.48,25.47,25.64,24.73,24.87,25.45,25.61,25.43,25.5,25.72,27.07,29.54,29.59,25.98,26.13,25.86,25.68,25.86,26.33,25.99,26.35,26.18,26.45,26.23,26.13,26.33,26.73,25.8,27.83,26.67,25.91,26.27,24.41,25.61,25.93,25.13,25.33,25.2,25.37,25.45,25.23,25.39,26.56,28.78,28.45,26.38,26.01,26.21,26.09,25.68,25.82,26.13,26.52,26.51,26.26,26.9,26.65,26.6,26.2,26.95,26.92,25.32,25.79,26.03,25.27,25.41,25.84,25.07,25.26,25.78,25.4,25.57,25.13,25.43,26.68,28.04,27.81,26.53,26.08,25.86,26.26,25.8,26.03,26.0,26.46,26.03,26.79,26.86,26.5,26.41,27.0,26.79,27.37,26.2,25.82,25.16,25.37,25.81,25.36,25.14,25.85,25.51,25.43,25.69,25.3,25.99,26.85,28.09,28.04,26.34,25.78,26.03,25.76,25.74,25.82,25.93,26.21,26.63,26.09,26.7,26.4,26.78,26.62,26.83,27.09,26.02,25.99,24.93,25.89,25.02,25.68,24.9,25.64,25.45,25.37,25.37,26.03,25.75,27.77,29.05,29.23,26.33,26.22,25.83,25.29,25.18,25.99,25.39,25.79,26.2,26.17,26.87,26.96,26.83,26.52,26.64,26.64,26.48,25.7,25.54,25.45,25.6,25.62,25.64,24.74,24.82,25.43,25.43,26.34,26.95,28.1,30.46,29.08,26.03,25.49,26.13,25.52,25.51,25.92,25.84,26.27,26.56,26.43,26.37,26.8,27.38,26.34,27.6,26.85,25.23,26.18,25.46,25.77,26.26,26.45,25.63,25.7,25.24,25.36,25.33,26.14,26.8,28.85,29.43,28.79,25.45,25.77,26.69,26.09,26.04,26.2,26.24,25.95,25.91,26.24,26.47,26.41,26.51,26.54,26.67,26.41,26.37,25.8,25.35,25.58,26.49,25.26,26.45,24.99,25.3,25.25,26.19,25.73,26.69,28.34,28.7,27.46,25.72,25.63,26.25,26.25,26.03,25.87,26.11,25.9,26.39,26.28,26.67,26.72,26.16,26.06,26.92,26.88,25.58,26.2,24.73,26.31,25.31,26.02,25.2,24.81,25.89,25.8,25.35,25.33,26.69,27.79,27.41,27.04,25.18,25.33,25.6,26.21,26.47,25.97,26.19,26.29,26.42,26.39,25.9,26.32,27.0,26.5,27.25,27.85,25.8,26.0,25.03,24.77,25.05,25.87,25.57,25.4,26.03,25.56,25.97,26.06,25.92,26.39,26.69,26.11,26.21,26.02,26.48,26.02,26.11,25.77,25.78,25.84,26.22,26.16,26.83,25.75,26.61,26.47,26.98,27.69,25.45,25.13,24.28,24.97,25.41,25.69,25.57,25.96,25.91,25.86,26.31,26.25,26.13,25.93,26.07,26.03,25.58,25.93,25.79,26.24,25.45,26.25,26.23,26.39,26.41,26.36,25.99,27.19,26.37,26.15,27.17,28.38,25.5,25.04,24.68,24.97,26.08,25.12,25.71,25.38,26.12,25.98,24.9,25.54,25.48,25.31,26.32,25.68,25.97,25.49,25.69,25.33,25.43,26.03,26.65,26.16,26.12,25.86,26.62,26.19,25.88,26.09,27.1,27.67,25.12,25.91,25.56,25.3,25.46,25.61,25.58,25.62,25.01,26.19,24.82,24.7,25.6,25.26,25.98,25.42,25.79,25.72,25.85,25.4,26.54,26.35,26.08,25.99,25.18,26.0,25.32,25.91,26.11,26.54,26.72,27.04,25.93,26.73,24.62,26.12,24.49,24.55,25.78,24.79,25.17,25.29,25.35,25.31,25.48,25.05,25.39,25.42,25.16,25.15,26.17,25.28,25.97,25.64,25.78,25.9,26.1,25.4,25.85,25.39,26.01,26.31,28.38,28.2,26.05,25.82,25.67,26.01,25.46,26.02,25.31,25.77,25.31,25.88,26.02,25.34,25.22,25.24,24.98,25.12,24.91,26.19,25.47,26.32,25.51,26.52,25.62,26.35,26.03,26.16,25.39,25.5,26.24,26.4,27.01,29.45
2020-06-29 16:09:21.5667,0,26.38,25.34,25.47,25.32,25.36,25.04,24.9,25.27,25.65,25.49,26.1,26.05,26.11,25.96,25.74,25.99,26.92,25.65,26.61,25.71,26.28,26.17,26.91,26.45,26.7,26.36,26.16,27.23,28.22,27.57,30.16,29.56,27.21,26.98,26.93,26.64,24.87,25.0,25.21,25.46,24.95,25.47,25.76,25.45,25.93,26.08,25.99,25.93,25.65,26.54,25.71,26.6,26.18,26.37,26.19,26.83,26.14,26.98,27.0,27.18,26.61,27.44,28.92,29.65,27.82,26.51,25.87,25.92,25.2,25.47,24.35,25.44,25.05,25.67,25.25,25.35,25.66,26.44,25.96,25.65,26.24,26.33,25.74,25.27,26.14,25.21,26.03,26.34,26.48,26.63,25.5,27.08,26.99,27.09,28.47,27.21,24.72,26.6,25.37,25.83,25.25,24.6,25.62,25.02,24.58,25.75,24.98,25.87,26.07,25.54,25.53,25.6,26.77,26.32,26.29,26.31,26.41,25.96,26.31,26.68,25.92,26.31,26.04,26.24,26.2,26.1,27.63,29.5,28.28,25.93,25.44,25.05,25.19,25.15,25.05,24.13,25.27,25.06,25.39,25.53,25.61,25.75,25.65,25.46,26.28,25.7,25.79,25.9,26.46,26.03,26.25,25.69,26.41,25.83,26.22,26.38,26.57,25.71,26.71,26.89,25.64,25.44,24.83,25.44,24.56,25.61,25.3,25.46,24.94,25.16,25.49,25.55,25.53,26.14,25.69,26.18,26.02,25.92,26.27,25.69,26.37,25.98,25.99,26.08,26.25,26.36,26.19,26.83,27.05,27.02,27.05,27.89,27.05,25.85,25.42,25.52,25.94,25.08,25.72,25.64,25.71,25.35,25.44,25.56,26.47,26.64,28.66,27.58,26.23,25.89,26.31,26.28,26.55,25.82,26.36,26.12,26.53,26.66,26.08,27.27,26.89,25.55,27.3,26.59,25.78,26.14,25.19,25.49,25.37,25.66,25.18,25.36,25.89,25.53,25.28,25.52,26.89,28.7,30.33,28.98,26.02,26.19,26.42,26.49,26.3,26.24,25.74,27.16,26.26,26.4,26.52,26.84,26.24,26.57,26.8,26.79,26.02,26.23,25.7,25.54,25.48,25.19,25.47,25.72,25.75,25.75,25.9,25.81,26.5,28.56,30.49,30.1,26.78,26.37,26.06,25.69,26.11,26.85,26.66,26.07,27.12,26.28,26.76,26.47,26.52,26.05,27.38,26.13,27.05,26.51,25.47,25.91,25.47,26.02,24.74,25.59,25.15,25.94,25.67,25.62,26.33,27.56,29.94,30.07,26.77,26.24,26.08,26.47,25.7,26.64,26.33,26.69,26.21,26.57,26.87,27.29,26.47,26.56,26.28,27.44,26.79,25.53,25.77,25.62,25.6,25.55,25.49,26.05,25.64,25.82,25.57,25.67,25.89,26.6,28.8,28.76,26.4,25.86,26.23,26.22,26.57,26.73,25.93,26.44,26.63,25.93,26.65,26.53,26.3,26.62,27.23,26.56,26.16,26.59,25.86,25.69,25.55,25.44,25.32,25.73,25.8,25.73,25.6,25.94,26.04,26.89,28.44,28.82,26.57,25.92,26.28,26.56,25.84,26.25,26.44,27.1,27.25,26.22,26.14,27.39,27.1,26.7,27.09,27.33,26.49,25.79,25.89,25.21,24.88,24.99,26.1,25.18,25.84,25.77,25.6,25.33,25.92,26.79,28.21,28.26,27.1,26.37,26.33,26.17,26.05,26.05,26.36,26.55,26.63,27.13,26.94,26.53,26.76,26.61,27.11,27.39,25.99,26.44,25.37,25.27,25.03,25.42,25.76,25.87,25.9,26.01,25.21,26.05,26.25,27.6,29.54,29.7,26.55,25.97,25.87,26.06,26.18,26.01,26.14,26.22,26.55,26.63,26.5,26.95,27.24,26.92,27.11,27.58,26.78,26.01,25.51,24.98,25.45,26.14,25.87,25.58,25.69,25.35,26.06,25.86,26.88,29.15,30.31,29.48,26.42,25.81,25.87,26.42,25.92,25.65,25.85,25.97,26.56,26.44,26.87,27.45,27.22,26.77,27.39,26.99,26.96,26.12,26.06,26.19,25.73,25.8,26.01,25.46,25.81,26.01,25.87,25.96,27.41,28.78,30.01,28.91,26.14,26.26,26.25,26.59,26.28,26.12,26.06,26.82,26.05,26.94,26.61,26.53,26.93,27.82,26.65,27.71,27.76,26.12,25.47,25.56,26.33,25.8,25.45,25.74,25.87,25.93,26.2,26.07,26.91,28.37,28.82,27.78,26.22,25.67,26.26,26.38,26.25,25.8,26.87,26.25,26.63,26.42,26.79,26.31,27.01,26.65,27.9,28.41,27.01,26.68,25.53,25.97,24.89,26.28,25.34,26.3,25.56,25.58,26.35,26.19,26.32,27.71,27.64,27.16,26.1,25.64,26.13,26.22,26.3,26.49,26.22,26.85,26.44,26.39,26.31,26.57,26.4,27.53,26.69,27.8,27.07,25.03,25.65,24.91,26.03,26.28,25.82,26.06,26.15,25.7,26.2,26.08,26.35,26.42,26.9,26.34,26.43,26.05,25.76,25.94,26.02,26.34,27.05,26.45,26.46,26.17,26.24,27.18,27.04,26.61,28.18,27.83,25.79,25.82,25.28,25.59,25.85,26.52,25.85,26.08,26.05,25.98,25.54,26.36,25.95,26.26,26.31,25.83,26.34,26.04,26.56,25.83,25.59,26.48,26.48,27.09,27.16,26.22,26.12,26.73,26.67,26.9,27.67,28.13,26.66,26.37,26.09,25.64,25.41,25.57,25.55,26.35,26.49,25.48,25.62,25.31,25.82,25.55,25.99,25.71,25.97,26.07,26.49,26.04,26.48,26.29,26.77,25.8,26.9,25.72,26.59,26.64,26.66,27.26,28.2,27.41,26.34,26.04,25.52,25.78,26.08,26.04,26.15,26.6,25.55,26.31,25.21,25.8,25.27,26.06,25.89,25.88,25.93,25.95,25.76,25.99,26.68,26.59,26.47,26.37,25.86,26.12,25.62,26.82,26.42,27.18,27.47,27.17,26.06,27.31,25.74,26.06,26.15,25.19,25.75,25.55,26.13,25.14,25.74,25.84,25.72,26.18,26.25,25.68,25.65,25.76,26.17,26.55,26.34,25.78,26.03,26.32,26.07,25.08,25.64,25.71,26.67,26.82,26.38,27.79,26.21,26.67,27.03,24.95,25.09,26.14,26.58,25.74,25.74,25.43,25.89,25.6,25.75,25.36,25.75,26.0,25.8,25.57,25.09,26.31,25.91,25.97,26.46,26.9,26.02,25.98,25.37,26.67,25.65,27.1,27.97,28.94
2020-06-29 16:09:21.6943,0,23.9,26.59,26.51,25.31,23.64,24.85,24.73,25.44,25.19,25.94,26.25,26.19,25.56,26.23,25.74,26.26,26.13,26.17,26.2,26.27,26.29,26.16,26.31,26.6,26.54,27.03,26.72,25.68,26.56,26.7,29.61,29.55,28.41,26.65,25.35,24.74,25.41,23.58,25.2,25.63,25.4,25.77,25.76,25.74,26.19,26.09,26.24,25.8,26.03,25.52,26.24,25.8,26.31,26.79,26.18,26.98,27.07,25.68,26.64,26.27,27.64,26.97,28.91,29.11,26.38,26.02,25.48,25.72,24.52,25.14,24.35,24.83,24.63,25.8,25.12,25.21,25.42,25.58,26.08,26.36,26.01,26.44,26.23,26.25,25.53,25.71,26.17,26.6,25.48,27.07,25.35,27.25,26.1,26.9,26.26,28.61,26.24,26.61,25.75,25.27,24.1,24.77,25.91,24.74,25.78,25.23,25.23,25.37,25.94,25.19,26.11,25.95,25.97,25.86,26.05,25.24,26.29,25.72,26.57,26.42,26.06,26.17,27.28,26.41,26.54,25.56,26.91,25.48,26.83,26.33,25.09,25.58,24.26,25.75,24.77,25.22,24.51,25.18,25.28,25.87,25.28,25.52,25.66,25.89,25.41,26.13,26.13,26.57,25.77,25.91,25.77,26.43,26.42,26.36,25.21,26.83,25.76,26.55,25.71,27.99,26.65,25.25,25.88,24.58,25.46,24.73,25.44,25.47,25.68,25.29,25.94,25.21,25.42,25.93,26.33,25.97,25.7,25.93,26.27,25.69,25.81,25.65,26.93,26.21,25.99,26.23,26.47,27.13,26.41,26.86,26.47,26.68,25.53,25.28,24.59,25.51,24.64,25.22,25.33,26.28,25.6,25.57,26.0,26.0,26.58,27.35,28.56,27.57,25.53,25.99,26.51,26.07,26.02,26.57,26.03,26.23,26.17,26.28,26.62,26.98,26.74,26.65,26.24,28.07,26.15,24.69,25.83,25.17,25.22,25.39,25.56,25.62,25.89,24.97,25.81,25.52,26.38,28.21,30.71,28.69,26.21,25.8,26.12,26.29,26.19,26.04,26.6,26.37,26.38,26.78,26.38,26.85,26.23,25.49,26.97,26.98,25.3,25.87,24.43,26.16,25.48,25.72,25.47,25.35,25.3,25.74,25.8,25.18,26.5,27.99,30.68,30.28,26.69,26.37,26.45,25.78,25.91,26.14,26.35,27.04,26.79,27.1,26.13,26.73,26.52,25.59,27.55,28.02,25.99,26.17,26.4,25.3,24.65,25.1,26.2,25.95,25.91,25.51,26.18,25.62,26.42,27.57,30.21,29.98,26.58,25.59,26.64,26.0,26.08,26.45,26.95,26.37,26.54,26.1,28.0,26.51,26.18,26.42,27.76,26.94,26.09,26.21,24.83,25.61,25.6,26.19,25.49,25.58,25.75,25.92,24.97,26.06,25.51,26.6,28.9,29.02,26.68,25.58,25.77,26.97,25.99,26.24,26.35,26.75,26.19,26.27,26.29,26.27,26.17,27.32,26.42,27.88,26.85,25.92,25.86,25.85,25.28,25.19,25.56,25.27,25.8,25.0,25.2,25.05,26.03,26.52,28.52,28.2,26.74,25.93,25.99,26.66,26.6,26.06,26.33,26.37,26.26,26.11,26.5,26.63,26.82,26.71,27.57,27.01,25.81,26.46,25.74,25.35,25.67,25.37,25.75,25.64,25.74,25.45,25.51,25.62,25.55,26.97,28.21,28.7,26.37,26.09,26.06,26.26,25.57,25.55,25.85,26.44,26.41,26.56,26.57,26.78,26.21,25.9,27.45,28.05,25.98,26.11,26.12,25.28,25.67,25.42,25.51,25.53,25.79,26.01,25.7,25.57,26.53,27.51,29.45,29.43,27.45,25.97,26.42,25.69,25.5,25.92,26.86,26.12,26.44,26.63,27.25,26.83,26.82,27.21,27.75,27.26,26.43,26.01,24.74,26.17,25.32,26.39,25.88,26.4,25.59,25.45,25.86,26.47,26.88,28.87,30.05,30.47,26.8,26.09,26.16,26.51,25.63,25.85,25.86,26.5,26.12,26.44,26.62,26.8,26.94,27.78,26.9,27.49,26.25,25.62,26.06,25.14,25.86,25.15,26.36,25.7,25.7,25.16,26.37,26.27,27.12,28.42,30.09,29.28,26.14,25.71,26.53,26.12,25.88,26.02,26.36,26.39,26.27,26.01,26.35,26.4,27.49,26.67,27.14,27.21,27.4,25.58,25.48,27.11,25.92,25.93,25.33,26.11,25.43,25.38,26.2,26.17,26.22,28.46,28.44,28.16,25.26,25.86,25.78,26.57,26.46,26.31,26.77,26.79,26.98,26.65,26.26,27.25,26.43,26.8,26.88,27.88,26.64,26.68,25.84,25.5,26.0,25.34,25.46,25.93,25.67,25.92,26.56,26.3,26.32,27.52,27.54,27.17,25.9,25.65,26.32,26.53,26.4,25.78,26.65,27.19,26.2,26.39,26.84,26.44,26.84,26.78,27.21,27.11,25.93,25.95,25.33,25.07,25.03,26.84,25.57,25.92,25.92,25.46,26.2,26.3,26.04,26.41,26.81,26.44,25.31,25.84,25.77,26.15,25.92,26.55,26.48,26.91,25.97,26.55,26.25,26.32,26.58,27.38,27.29,28.56,25.78,24.51,25.44,25.76,25.99,25.39,25.97,26.08,25.8,25.63,26.66,26.26,25.94,26.05,26.61,26.04,25.92,26.05,26.77,26.26,25.48,25.6,26.36,26.39,26.29,26.1,26.97,27.03,26.82,25.64,27.12,27.39,26.26,26.37,26.09,25.28,25.42,25.72,26.26,26.07,25.47,25.86,24.78,26.14,25.37,25.77,26.22,26.48,26.09,25.51,26.27,26.38,26.25,26.52,26.27,26.42,25.98,25.85,26.14,26.32,26.84,26.57,28.01,28.41,26.12,25.84,26.07,25.61,25.76,24.8,26.43,25.61,26.07,25.55,25.69,25.93,25.38,25.61,26.57,25.66,25.7,25.84,26.21,26.7,26.2,25.88,26.34,26.12,26.26,25.57,26.23,27.14,26.25,25.96,28.27,26.96,26.07,25.54,26.55,26.25,24.79,25.69,25.44,26.78,25.01,25.83,25.21,25.58,25.86,25.18,25.15,25.67,25.78,25.76,25.8,26.17,25.83,26.04,26.04,26.18,24.9,25.84,24.82,25.87,25.96,26.26,27.34,28.35,24.79,24.99,26.42,26.35,25.43,25.47,25.93,25.59,25.16,25.58,25.47,25.47,25.48,25.37,26.5,25.38,25.29,26.07,26.24,25.8,26.16,26.38,26.18,26.91,26.01,25.83,25.7,26.5,26.56,26.54,27.96,29.61
2020-06-29 16:09:21.8225,0,27.95,26.3,24.52,24.29,24.31,24.04,24.65,25.22,26.22,24.85,25.76,25.3,25.79,25.12,25.42,26.1,26.22,25.5,25.88,25.69,25.95,25.85,26.25,27.5,26.63,26.47,27.0,26.38,26.89,27.11,27.98,27.04,24.02,27.08,25.25,26.53,24.24,24.57,24.14,25.23,24.32,26.16,25.17,25.55,25.78,25.52,25.45,25.89,26.03,25.48,25.42,26.03,25.88,26.74,26.15,25.87,25.94,26.43,25.87,26.37,25.26,26.34,26.41,28.63,26.76,24.69,25.37,25.65,25.12,23.76,24.6,24.19,25.28,25.1,25.48,24.69,26.24,25.82,26.06,25.64,25.98,25.84,25.59,26.37,25.74,25.58,25.58,26.45,26.73,25.41,26.74,25.85,26.91,25.87,26.63,25.54,26.11,26.7,24.33,25.74,25.04,24.53,24.25,25.71,24.7,25.45,24.71,24.96,26.06,25.64,25.41,25.23,26.32,26.07,25.23,26.05,25.81,25.69,25.64,26.11,25.2,26.4,26.15,26.34,24.93,26.02,25.83,26.74,26.5,25.24,25.72,25.17,24.82,25.11,24.72,24.52,25.75,24.42,25.49,25.64,25.7,25.3,25.52,25.57,25.61,25.6,25.44,26.01,25.98,25.57,25.87,26.18,25.85,25.54,26.32,26.18,26.34,26.16,27.01,27.23,24.73,26.13,24.95,25.02,24.83,24.67,24.73,25.16,25.06,25.63,25.49,25.53,25.54,26.02,25.7,26.17,25.93,25.49,25.96,25.9,25.82,25.97,25.75,26.06,25.59,26.19,26.02,27.66,25.9,26.79,26.4,26.57,26.58,24.85,24.68,24.49,25.46,24.92,25.55,24.85,25.33,25.8,25.54,25.67,26.47,27.97,28.25,27.29,26.13,25.4,25.79,26.09,26.43,25.72,25.78,25.41,26.62,26.03,25.77,26.4,26.98,26.61,26.15,27.08,25.9,25.88,24.49,24.63,24.77,25.89,25.04,25.33,25.65,25.4,25.39,26.27,26.4,28.11,29.96,28.0,25.65,25.79,25.64,26.08,26.2,26.24,25.85,26.35,26.03,26.01,26.63,26.94,26.36,26.36,26.22,27.25,25.75,25.47,24.52,25.34,25.99,24.9,25.44,25.1,25.84,25.42,25.47,26.02,26.79,28.3,30.49,30.03,26.88,25.92,25.87,25.7,25.91,26.46,26.44,26.4,26.42,25.8,26.09,26.06,26.9,25.26,26.47,26.24,26.82,26.26,25.59,25.39,25.58,25.33,25.35,25.69,25.59,25.82,25.47,25.2,26.26,27.47,29.69,29.98,26.6,26.34,26.2,25.71,25.52,26.44,26.14,26.46,25.76,26.78,26.61,26.08,25.73,26.37,26.06,26.86,26.36,25.47,24.45,24.97,25.56,25.4,25.1,24.99,25.52,25.3,24.96,25.08,25.7,26.06,28.63,28.78,26.68,25.79,25.67,26.43,26.57,26.16,26.13,27.08,26.06,25.82,26.5,26.26,26.54,26.59,26.52,26.0,26.1,26.52,24.58,25.49,25.4,25.8,24.61,25.48,25.49,25.82,25.42,25.34,25.77,27.08,28.73,28.2,26.86,26.48,26.11,26.28,26.05,26.25,26.35,26.24,26.16,26.43,25.76,26.08,26.8,26.52,26.4,26.61,25.03,25.56,25.38,25.77,25.37,25.99,25.0,25.99,25.73,25.16,25.5,25.64,25.74,26.71,28.66,28.01,26.92,26.11,26.15,25.63,25.28,25.87,26.35,26.15,26.4,26.22,26.29,26.14,27.14,26.02,26.72,27.17,26.28,26.37,25.49,24.63,25.54,25.64,25.51,24.93,25.7,25.58,25.52,25.66,26.09,27.33,28.76,29.35,26.75,26.53,25.8,26.06,25.43,26.5,25.85,26.01,25.79,26.16,26.24,26.54,26.38,27.02,26.9,27.02,25.81,25.26,25.3,25.55,26.09,25.74,25.13,25.58,25.68,25.25,25.75,26.38,26.21,28.62,30.23,29.68,26.15,26.21,25.68,26.15,26.32,25.87,25.54,26.09,26.44,26.67,25.69,26.53,27.88,26.74,27.32,26.94,26.02,26.05,25.26,25.84,26.11,25.64,25.76,25.8,25.71,25.9,25.47,26.26,26.77,28.97,30.03,29.19,25.7,26.08,25.51,26.59,26.19,26.32,25.45,26.59,26.39,26.34,25.31,26.49,26.47,26.61,26.93,26.8,26.95,25.17,24.93,26.46,26.43,25.65,25.42,25.86,25.97,26.37,26.51,25.76,26.81,27.91,29.01,27.31,26.13,25.59,25.77,25.9,26.96,26.53,26.43,26.04,26.14,26.41,26.49,26.42,27.26,26.92,26.28,27.66,25.84,25.18,25.16,25.91,25.29,25.7,25.71,25.9,25.57,25.46,25.5,25.97,26.54,27.71,27.66,27.06,25.92,25.54,25.55,26.52,26.21,26.49,26.55,25.95,26.09,26.61,26.16,26.26,26.66,26.87,25.76,28.24,26.79,25.15,24.58,24.54,25.55,26.12,26.32,26.56,25.89,25.93,25.85,26.08,26.55,25.69,26.08,26.05,26.32,25.96,25.97,26.16,25.69,26.12,26.0,26.44,26.56,26.03,26.48,27.01,26.52,26.26,27.2,27.94,25.72,24.79,25.74,25.19,25.96,26.06,25.56,25.91,26.04,26.31,25.42,25.68,25.74,25.82,25.7,26.03,25.94,26.04,25.94,25.93,25.71,26.58,26.36,26.49,26.28,26.84,26.38,25.37,25.52,27.47,27.07,27.48,26.56,26.09,25.27,24.71,25.67,25.69,25.36,25.63,25.56,25.98,25.24,25.19,25.81,25.56,25.64,25.93,26.07,25.52,26.02,25.93,26.35,26.05,26.24,25.91,25.81,26.24,26.39,25.98,26.1,27.03,25.94,27.12,25.6,26.74,25.27,25.35,24.77,25.52,25.26,25.85,25.27,25.51,24.83,24.92,25.27,26.05,25.21,26.09,25.71,25.82,25.87,26.44,25.96,25.36,26.46,25.7,25.84,25.66,25.58,26.6,26.54,27.46,26.78,28.14,26.66,25.66,24.85,24.81,25.23,24.98,25.69,25.36,26.09,24.98,25.71,25.57,25.7,24.92,25.98,25.3,25.5,25.28,25.64,26.16,25.54,26.16,25.31,26.16,25.73,25.66,26.23,25.31,27.49,26.19,27.67,28.48,25.77,27.01,25.33,25.65,25.38,25.05,24.93,25.68,25.0,25.81,24.92,25.16,25.34,25.46,24.86,25.47,25.04,26.04,25.59,25.63,25.11,26.34,26.44,26.28,25.84,25.77,24.3,25.56,25.03,25.86,26.21,27.4
2020-06-29 16:09:21.9506,0,26.87,27.8,26.24,26.19,24.02,24.08,25.76,25.07,25.19,26.07,25.36,26.17,25.56,25.66,26.01,26.5,25.6,25.75,26.06,25.96,25.57,25.99,26.0,26.11,25.88,26.83,27.64,27.0,27.03,26.1,25.55,26.18,28.38,26.64,26.89,26.43,25.38,24.29,25.18,25.3,25.22,25.91,26.86,25.87,25.63,25.69,26.48,25.8,26.01,25.64,26.21,26.47,26.69,25.67,26.01,25.93,26.58,26.01,27.15,26.63,26.79,26.96,28.0,27.36,26.08,26.72,25.07,26.27,25.03,24.45,24.96,25.86,24.91,25.64,25.25,25.83,25.17,26.17,25.6,26.22,25.77,26.18,26.1,25.74,25.9,26.57,26.03,26.44,26.2,26.01,25.67,26.72,25.92,26.87,26.53,29.27,26.96,25.06,25.34,25.27,25.71,24.92,25.29,25.03,24.96,25.89,25.83,25.5,25.68,25.42,25.85,25.6,26.29,25.97,25.91,26.07,26.62,25.84,26.67,26.28,26.17,26.31,25.69,26.41,27.21,26.29,28.07,28.08,25.34,26.3,25.26,25.2,25.19,25.12,25.19,24.93,24.89,25.03,25.75,25.38,25.39,25.38,25.88,26.53,25.84,25.56,26.02,26.54,26.0,26.24,25.77,26.41,26.68,25.8,26.66,26.8,26.08,26.52,26.51,28.4,26.42,25.05,25.33,26.29,24.98,25.17,25.69,25.6,24.92,24.8,25.69,25.55,25.83,25.71,26.63,26.07,26.21,25.82,26.14,25.91,26.12,25.76,26.08,25.6,26.22,26.49,26.87,26.53,26.23,26.53,27.02,27.49,26.29,26.56,24.75,25.16,25.07,25.61,25.72,25.22,26.19,25.55,25.34,25.42,25.85,27.63,27.65,27.55,25.83,25.66,26.61,26.25,26.45,26.11,26.25,27.02,26.41,26.14,26.48,27.38,27.19,26.78,26.23,27.49,26.68,25.78,24.83,24.85,25.19,25.38,25.15,25.36,25.28,25.19,25.68,25.63,26.25,28.21,29.73,28.11,25.8,25.99,26.29,25.98,26.37,25.72,26.36,26.02,26.71,25.67,26.35,26.98,26.51,26.11,27.29,26.97,26.2,25.85,26.17,25.2,25.62,25.56,24.6,25.2,25.75,25.83,25.58,26.29,27.07,28.72,30.49,30.08,26.41,25.49,25.87,26.24,26.01,26.72,26.45,26.59,26.44,26.72,27.02,26.84,26.52,26.31,27.21,27.31,27.2,25.82,25.44,26.06,25.71,25.1,25.45,25.11,25.89,25.73,26.05,25.41,26.59,28.31,29.92,29.89,26.84,25.87,25.77,26.09,26.15,26.25,26.51,26.26,26.18,26.57,26.47,26.38,26.58,26.12,27.4,27.27,25.73,26.35,26.24,25.89,24.93,26.03,25.25,26.14,24.88,25.58,25.37,25.94,25.8,26.39,28.71,29.36,26.58,26.29,26.05,26.38,26.37,26.02,26.14,26.94,25.52,26.36,26.41,26.76,26.16,27.15,26.74,27.53,26.48,25.4,25.83,25.69,25.65,25.83,25.18,25.62,25.99,25.1,25.87,25.25,26.01,26.52,28.86,28.46,26.72,26.01,26.8,26.09,26.29,26.15,26.51,26.36,26.35,26.22,26.6,26.37,27.2,26.42,26.42,27.82,25.1,26.77,25.43,25.77,25.14,25.72,25.38,25.84,25.52,25.95,25.0,25.99,25.55,26.67,28.48,28.5,27.55,26.16,25.97,26.23,25.86,26.02,25.84,26.73,26.74,26.54,26.69,27.13,26.9,26.44,26.78,28.19,26.3,25.77,26.39,25.27,25.52,25.16,26.2,26.33,25.23,25.7,25.98,25.66,26.41,27.51,29.43,29.7,27.34,26.43,26.3,25.78,25.67,25.82,25.81,26.01,26.19,26.4,26.35,27.2,27.35,26.5,27.73,27.75,26.07,25.46,25.2,26.0,25.72,26.5,25.64,26.02,25.59,25.96,26.06,26.44,26.88,27.93,30.76,29.64,26.52,26.16,26.25,26.29,25.73,26.02,25.85,27.22,26.34,26.65,26.61,26.91,27.5,27.03,27.06,27.63,26.58,25.95,25.57,25.29,26.23,25.15,26.21,25.46,25.67,25.48,25.74,25.96,27.48,28.79,30.43,28.91,26.11,25.8,26.32,26.31,25.85,26.02,26.75,26.5,26.7,26.13,26.71,26.92,26.9,27.1,27.61,27.55,27.58,25.91,25.15,26.46,25.09,26.17,26.32,25.59,25.42,25.9,25.67,26.36,26.61,28.15,28.72,27.75,25.65,25.84,25.78,26.25,26.05,25.88,26.55,26.44,26.4,26.15,26.12,26.69,26.72,27.07,27.05,27.86,27.52,25.44,26.14,25.81,25.97,25.34,25.56,25.81,25.42,25.92,25.46,26.19,27.09,27.81,28.0,26.87,26.07,25.94,26.0,25.82,27.09,26.19,26.84,26.52,26.3,26.15,26.54,26.44,26.81,27.23,27.35,27.8,26.5,25.93,25.32,25.05,25.31,26.11,26.09,26.29,25.79,25.78,25.42,26.27,26.35,26.7,26.7,26.42,26.02,26.33,26.29,26.23,25.81,25.87,26.13,26.88,26.83,26.4,26.39,26.29,26.42,27.36,27.64,28.71,27.1,24.69,25.42,25.42,25.67,25.82,26.21,26.08,26.02,25.98,25.73,25.58,26.02,26.47,26.28,25.73,26.2,25.84,26.43,26.57,26.21,26.15,26.22,26.51,26.51,26.48,27.08,27.02,27.26,26.59,27.46,28.13,26.04,26.14,25.91,25.43,25.1,25.54,25.83,26.88,25.21,25.45,24.9,25.88,25.71,25.97,25.77,25.68,25.87,25.93,26.15,25.9,26.13,26.14,26.27,25.89,25.58,26.23,26.44,27.07,25.84,26.88,26.64,27.98,26.94,25.84,25.48,25.6,26.37,24.64,26.12,25.75,25.65,25.67,25.55,25.68,25.93,26.18,26.2,26.11,25.67,25.95,26.19,26.58,26.29,26.35,26.82,26.63,25.83,25.7,26.66,25.87,26.72,27.36,27.84,27.39,25.56,26.62,25.94,26.81,24.78,25.99,25.59,26.14,26.13,26.22,25.07,24.62,25.09,26.03,25.27,25.77,25.28,25.85,25.67,26.27,25.83,25.88,25.62,26.29,25.04,25.66,25.31,25.84,26.31,27.35,27.57,30.0,27.56,26.91,26.99,25.94,25.57,25.46,26.06,25.89,25.56,25.72,25.58,25.87,25.58,25.23,25.22,25.75,25.39,25.2,25.57,26.31,25.75,25.57,26.57,26.18,25.39,25.83,25.5,25.28,28.35,26.14,29.25,27.95
2020-06-29 16:09:22.0790,0,26.76,26.89,26.39,25.88,25.06,23.61,25.3,24.98,25.7,24.92,26.28,25.21,26.14,25.43,26.17,25.73,26.01,25.53,26.64,25.17,25.6,26.33,26.03,27.11,27.07,26.57,27.34,26.72,27.64,27.44,26.02,26.78,24.6,25.84,25.24,26.53,24.56,24.71,25.09,25.68,25.43,26.24,25.22,26.44,24.87,25.97,26.0,25.68,25.53,26.3,25.45,26.49,25.24,26.11,25.77,25.81,26.95,27.03,27.06,27.25,26.28,26.85,27.92,30.1,27.13,24.69,25.76,25.02,25.25,24.36,24.85,25.47,25.07,24.86,25.27,25.74,25.67,25.22,26.09,26.01,25.89,25.85,25.87,26.02,26.03,25.34,26.32,25.94,26.8,26.22,26.36,25.95,27.41,26.59,28.91,28.14,25.61,25.83,24.48,25.71,24.47,25.45,24.31,25.35,25.13,25.11,24.6,25.63,25.24,25.67,25.88,25.6,25.74,25.97,25.35,25.84,25.33,26.46,25.8,26.17,26.08,26.19,25.92,26.62,25.39,26.54,25.83,28.25,27.54,26.21,25.69,24.93,25.23,24.42,25.22,25.11,25.28,24.81,25.99,26.11,25.82,25.18,25.54,25.78,26.38,25.58,25.79,26.12,26.46,25.34,26.5,26.07,26.7,26.38,27.13,26.25,26.3,25.92,27.19,27.65,25.31,25.72,25.24,26.18,24.29,25.05,24.91,25.35,24.95,25.29,25.48,25.66,25.09,25.92,25.35,25.85,25.69,25.81,25.5,26.12,25.92,26.1,25.64,26.45,26.26,26.11,26.21,26.12,25.82,27.24,26.74,27.38,26.75,25.73,25.14,25.07,25.97,24.12,25.34,25.52,26.08,25.23,25.77,25.44,25.95,26.73,27.74,26.55,25.62,25.67,26.5,26.16,26.44,25.92,26.47,25.65,26.65,25.79,27.04,27.01,27.69,25.74,26.83,27.22,25.28,25.67,24.58,24.73,24.67,24.99,25.19,25.12,25.65,25.53,25.37,25.73,26.37,28.1,28.37,27.5,25.61,25.98,25.8,26.47,25.66,26.13,26.16,26.93,26.14,26.54,25.87,26.73,26.42,26.62,26.68,27.04,27.52,25.41,25.27,25.11,25.64,24.8,26.1,24.86,26.19,25.52,25.99,25.58,26.86,28.73,30.38,28.97,26.67,25.59,26.14,26.15,25.8,25.83,26.45,25.84,26.78,26.04,26.65,26.48,27.12,26.82,27.6,26.0,25.87,26.39,25.51,25.33,25.21,25.25,25.23,25.72,25.47,25.83,25.86,25.61,25.83,28.2,29.83,30.05,25.9,25.94,25.49,26.07,25.87,26.72,26.01,26.47,25.97,27.04,26.12,26.52,26.91,26.74,27.15,27.16,27.2,26.09,25.65,25.19,25.35,24.91,25.61,24.87,25.64,25.27,25.35,26.05,26.26,26.58,29.86,29.0,27.1,25.93,26.03,25.81,26.55,26.22,26.95,26.21,26.52,26.39,26.66,26.54,27.16,26.78,27.12,26.1,26.39,26.14,25.12,25.43,25.17,25.59,25.56,25.5,24.71,25.61,25.58,25.93,25.63,26.77,28.23,28.53,26.9,26.45,25.88,26.36,25.82,26.43,26.01,26.35,26.04,26.56,26.76,26.64,26.29,26.45,27.29,27.54,26.21,26.01,26.08,25.38,26.07,25.25,25.63,25.17,26.26,25.23,25.49,25.41,26.0,26.86,28.64,28.05,27.35,26.16,26.5,26.24,25.64,25.34,26.65,26.53,26.63,26.45,26.95,26.66,26.51,26.63,27.65,27.11,25.87,26.33,25.25,25.6,25.04,25.81,25.52,25.87,25.14,26.1,25.39,25.74,25.67,27.49,28.8,29.14,26.43,26.23,25.85,25.85,25.1,25.9,25.3,25.9,26.1,26.86,26.13,27.22,26.7,27.23,26.66,27.8,26.31,25.02,26.32,25.16,26.54,25.51,25.76,25.58,25.68,25.44,26.45,26.15,26.86,27.84,30.56,29.73,26.22,25.88,26.04,25.91,26.11,25.83,25.64,26.92,26.68,26.67,26.88,26.95,27.67,26.8,27.44,26.7,25.96,27.04,25.48,25.17,25.47,25.94,25.65,25.58,25.69,26.11,25.54,26.05,26.72,28.95,29.98,29.34,26.02,25.77,26.51,26.38,25.86,25.91,25.42,26.6,25.81,26.48,26.23,27.07,27.09,27.13,27.35,26.59,26.74,25.82,25.68,25.44,26.08,25.14,25.58,25.75,25.99,25.37,26.19,26.16,27.87,28.16,28.71,27.76,26.3,25.06,26.83,26.26,26.85,25.48,26.76,26.02,26.97,26.06,26.68,26.19,26.61,26.68,26.59,27.07,26.52,26.03,25.73,26.01,25.19,26.03,25.22,25.57,25.44,26.13,26.01,26.28,26.6,27.79,27.13,27.15,25.29,26.12,25.91,26.21,26.08,26.69,25.88,26.52,26.32,26.88,26.86,26.18,26.13,27.27,26.75,27.68,27.14,24.16,25.71,24.63,26.07,25.18,26.24,25.29,25.92,25.69,26.2,26.07,26.76,25.98,26.89,26.22,26.41,25.83,26.28,26.14,26.65,25.67,26.36,26.09,26.35,26.43,26.55,26.63,27.23,26.02,28.25,26.96,25.67,25.89,24.99,25.64,25.87,25.7,25.86,25.96,25.57,25.63,25.76,26.14,25.61,26.67,25.77,26.34,25.7,26.24,26.02,26.67,25.58,26.04,25.89,25.92,25.92,26.88,26.29,27.2,26.39,26.79,27.19,28.02,26.96,24.65,25.61,24.99,25.93,26.06,25.43,26.23,26.12,25.74,24.9,25.67,25.37,25.1,26.43,25.92,26.08,25.28,25.92,26.04,26.72,25.69,26.28,25.93,27.19,25.6,26.47,26.21,26.55,26.62,27.31,27.69,25.78,26.12,25.21,25.49,25.16,25.46,26.03,25.92,25.42,25.69,24.96,25.69,24.92,25.49,25.89,26.34,25.58,26.17,25.52,26.11,26.08,25.63,25.84,25.74,25.47,26.15,26.11,27.33,26.63,27.07,27.95,27.49,27.43,25.87,26.82,25.16,25.52,25.74,26.57,26.05,25.88,25.3,26.16,25.59,25.87,24.68,25.52,25.56,26.26,24.8,25.93,25.42,26.48,25.92,25.78,26.2,25.81,25.27,26.18,25.93,27.27,25.39,28.39,27.38,27.75,26.56,25.9,26.22,24.79,25.69,25.33,25.94,25.04,26.31,25.36,25.75,25.23,25.63,25.13,25.63,25.18,25.83,25.87,25.81,26.04,25.99,26.2,26.21,24.85,25.87,24.9,26.55,25.34,27.18,27.04,29.15
2020-06-29 16:09:22.2072,0,24.55,25.89,26.12,27.25,24.92,24.23,25.2,25.39,26.09,25.61,26.23,25.74,26.1,25.4,25.86,25.7,26.39,25.5,26.47,26.11,25.99,26.0,26.43,26.42,26.99,26.98,27.4,26.97,27.65,28.26,26.3,25.72,26.11,26.78,25.03,25.72,24.44,24.78,25.16,25.27,25.82,25.16,25.31,25.45,25.38,25.95,25.98,26.19,26.03,26.28,26.09,26.06,26.16,26.22,25.87,25.75,27.19,26.95,26.76,26.95,27.77,28.29,26.87,30.39,26.22,25.18,25.8,25.65,24.65,24.1,24.01,25.26,24.62,24.83,25.51,25.85,25.55,26.07,26.33,26.48,26.49,26.21,26.23,26.13,25.9,26.21,25.61,25.9,26.47,26.75,25.8,27.04,25.69,26.83,27.22,27.69,27.12,26.08,26.07,25.02,25.37,24.41,24.55,24.72,25.51,25.09,25.35,25.87,25.95,25.55,26.35,25.73,25.97,26.1,25.94,26.44,26.17,26.21,26.04,26.14,25.9,26.15,25.37,26.05,26.5,26.42,25.59,27.36,26.74,26.05,24.67,24.47,24.86,24.81,24.61,25.08,25.27,24.68,25.4,25.64,25.4,25.75,25.89,26.24,25.86,26.37,26.14,25.79,26.24,25.81,26.62,27.05,26.15,25.95,26.21,25.73,26.21,26.34,26.24,26.57,26.98,25.58,25.49,25.05,25.88,25.59,25.15,24.93,25.19,24.68,25.38,25.79,25.54,26.05,25.92,25.99,25.72,25.84,25.85,25.6,26.16,26.11,26.23,26.94,26.11,26.88,26.88,26.51,26.38,26.66,26.79,26.2,25.47,26.89,25.22,24.82,24.91,25.48,25.58,25.24,25.0,25.23,25.24,25.45,26.19,27.16,27.27,26.28,25.96,25.81,26.33,26.4,26.36,26.15,26.15,26.7,26.29,26.41,26.07,25.97,26.4,27.25,26.54,27.64,25.15,26.1,24.5,24.98,26.06,25.51,25.56,24.98,26.13,25.77,25.72,25.97,26.6,28.04,28.31,27.25,25.94,25.82,26.04,26.11,26.0,26.48,26.29,26.49,26.73,26.16,26.24,26.69,27.41,26.86,26.92,28.01,25.97,26.35,25.67,25.03,25.74,25.84,25.47,25.23,25.99,25.97,25.71,25.72,27.57,29.15,29.05,28.36,25.96,26.11,25.7,26.19,26.04,26.56,26.68,26.84,26.57,27.1,26.51,26.46,26.36,26.46,26.33,26.6,26.65,26.98,26.06,25.58,25.45,25.49,25.96,25.24,25.93,25.96,25.99,25.85,27.11,28.71,30.33,29.28,26.79,25.62,26.11,26.12,26.4,26.37,26.45,26.81,26.77,26.7,26.74,25.98,26.87,26.99,26.06,27.58,25.69,25.99,25.58,25.89,25.59,25.66,25.5,25.58,25.33,25.62,25.59,25.99,26.11,26.44,29.46,28.87,26.62,26.16,26.08,26.71,26.6,26.65,26.57,26.35,26.2,26.16,25.79,26.26,26.15,26.6,26.87,27.35,25.93,25.71,25.67,25.22,26.06,25.83,25.92,26.09,25.49,26.17,25.13,25.77,25.87,26.83,28.64,28.5,27.22,25.68,25.74,26.31,26.34,26.37,26.25,26.91,26.61,26.69,26.26,26.63,27.35,26.7,27.21,27.3,25.41,26.59,25.87,25.62,25.27,26.38,25.51,26.45,25.86,25.58,25.93,25.94,26.05,26.81,28.33,28.82,27.13,26.58,25.63,26.29,25.79,26.36,26.89,26.25,26.87,25.88,26.57,26.4,26.75,26.02,26.58,27.35,26.28,26.07,26.24,25.7,25.8,25.29,25.88,25.77,25.81,26.24,25.43,25.69,26.56,27.54,29.03,29.38,27.21,26.37,25.9,26.19,26.01,25.85,26.57,26.76,26.45,26.87,27.25,27.46,27.63,27.61,27.39,27.06,26.03,26.13,24.86,25.7,25.58,26.26,25.52,25.82,25.71,25.47,26.49,26.49,26.91,28.16,29.99,30.05,26.64,25.93,26.09,26.15,25.85,25.97,26.08,26.41,27.03,26.68,26.49,26.8,27.49,26.75,26.19,27.11,26.2,26.26,25.73,26.17,25.18,25.28,26.01,26.07,26.14,25.61,26.19,26.19,27.62,28.63,30.12,29.12,26.54,25.74,26.37,26.15,26.49,25.95,25.76,26.62,26.51,26.49,26.86,26.92,27.19,26.79,27.1,26.84,26.99,26.06,24.8,25.68,25.63,26.32,25.7,24.99,25.55,26.16,26.22,26.19,26.94,28.1,28.85,28.09,25.77,26.08,26.29,26.1,26.89,26.33,26.57,26.81,26.75,26.3,26.52,26.56,26.41,26.77,27.69,27.66,28.03,26.28,25.81,25.79,26.26,25.6,26.34,26.43,26.14,25.27,26.25,26.21,26.94,27.94,27.85,27.29,26.02,26.06,26.54,26.05,26.52,25.9,26.45,26.32,26.91,26.28,26.43,27.12,26.52,26.76,26.29,27.59,25.87,25.34,25.79,24.05,25.01,26.54,25.16,25.79,25.69,26.4,26.44,26.75,26.69,26.85,26.52,26.67,25.94,25.76,26.52,26.68,25.93,25.69,26.72,26.21,26.22,26.04,26.23,26.44,26.86,26.57,27.6,27.77,26.88,25.58,25.58,25.4,24.95,26.37,25.84,26.47,26.41,26.11,26.11,26.49,26.28,26.39,26.32,26.27,26.25,25.97,26.68,25.65,26.14,26.28,26.37,26.52,26.78,26.1,27.24,26.58,26.94,26.57,27.98,27.52,25.98,25.7,25.86,26.45,26.02,26.0,25.39,26.47,25.98,26.11,25.87,25.67,26.07,26.12,26.23,26.61,26.43,25.97,26.16,26.27,26.14,25.93,26.52,26.55,26.24,26.11,26.87,26.45,26.14,27.38,27.36,28.14,26.89,26.18,25.46,24.5,25.73,25.87,26.56,26.45,25.8,26.06,25.7,26.3,25.62,25.85,26.47,26.81,25.71,26.08,25.99,26.36,26.2,25.64,26.34,25.86,26.12,26.12,25.9,26.8,26.71,26.45,27.4,27.1,25.95,27.22,26.08,25.41,24.41,25.65,25.41,26.14,26.12,25.68,25.07,26.36,25.35,26.05,25.77,26.04,25.53,26.48,25.8,26.29,26.21,26.03,26.03,25.88,25.32,25.66,25.11,25.66,26.63,27.88,26.76,27.64,27.46,25.86,25.95,26.09,25.04,24.92,25.75,25.87,25.01,25.85,25.74,25.87,25.87,24.86,25.24,25.63,26.29,24.96,25.6,25.8,26.68,26.51,25.75,26.46,26.29,25.81,25.83,25.94,26.15,26.67,28.36,28.77
2020-06-29 16:09:22.3357,0,25.41,27.02,25.48,23.94,23.45,25.04,24.91,25.61,25.98,25.65,25.82,25.91,25.85,25.97,25.88,25.45,26.01,25.65,26.49,26.0,26.01,26.31,25.85,26.45,26.71,26.53,26.91,26.27,27.29,26.71,30.74,27.59,24.74,25.63,25.36,25.17,24.32,23.76,24.71,25.31,25.11,25.04,25.62,26.16,25.4,25.83,25.86,26.07,25.78,25.78,26.24,26.21,25.77,26.24,26.04,26.39,26.14,26.18,26.11,26.46,27.65,26.74,27.18,28.54,26.09,26.75,25.29,25.92,24.87,25.15,24.67,24.84,25.06,24.99,25.52,25.09,25.92,25.71,25.73,26.13,26.25,26.33,25.87,25.4,25.78,26.35,25.77,27.3,25.78,25.59,26.33,26.41,25.57,26.14,27.38,27.92,24.98,25.74,25.18,25.84,24.93,24.77,25.33,25.04,24.31,25.1,25.23,25.38,25.36,26.15,25.3,25.49,25.74,25.87,25.59,25.72,25.81,25.73,25.66,25.89,26.2,26.61,26.04,27.07,26.38,26.48,26.44,28.09,26.41,25.73,25.27,24.7,25.51,25.3,25.2,24.68,25.03,25.19,25.05,25.05,25.29,25.86,26.11,25.35,25.63,25.81,25.91,26.01,26.36,25.58,26.02,26.93,26.29,25.56,26.09,26.99,27.23,25.2,26.52,27.11,26.45,25.65,24.84,25.1,25.02,25.03,24.75,25.47,25.56,25.42,25.72,25.1,25.21,25.39,25.69,25.66,26.03,25.51,26.38,26.03,26.38,26.0,26.35,26.22,26.64,26.11,25.91,26.1,26.26,26.04,25.51,26.89,25.35,26.04,24.76,24.54,24.94,24.66,25.34,25.0,25.49,25.58,25.57,26.0,26.59,27.55,26.86,26.57,25.24,25.79,26.22,26.08,26.13,25.72,26.48,26.24,26.66,26.54,26.22,26.99,26.59,25.87,26.43,26.41,25.03,24.51,25.03,25.02,24.8,24.98,25.57,26.01,25.78,25.54,26.35,26.18,27.09,28.41,28.0,26.83,26.12,25.6,25.43,25.69,25.88,26.05,26.5,26.26,26.15,26.05,26.25,26.57,26.54,27.05,26.46,26.98,25.49,26.4,25.39,24.6,24.8,25.99,25.36,25.48,25.87,25.64,26.01,25.91,27.65,29.41,28.84,27.87,26.42,25.9,26.07,26.08,26.51,26.75,26.36,26.29,26.0,26.28,26.9,26.47,26.24,26.05,27.22,26.65,27.23,25.67,25.47,25.77,25.34,25.11,24.99,26.2,25.81,25.74,25.56,26.14,26.8,28.88,29.22,28.8,25.93,25.78,25.99,26.39,25.8,25.96,26.44,26.27,25.87,25.88,26.25,25.73,25.9,26.87,26.45,27.29,26.98,25.02,25.15,25.16,25.47,25.81,26.1,25.58,25.65,25.29,25.38,25.47,25.9,26.98,29.08,29.39,26.32,25.96,25.68,26.31,25.61,26.53,26.77,26.55,26.2,26.74,26.66,26.4,26.45,27.19,27.24,26.73,25.81,26.09,25.56,25.55,25.55,24.94,24.97,25.39,25.48,25.53,25.6,25.85,26.04,26.71,28.8,28.38,27.02,25.66,26.0,26.01,26.41,26.06,26.03,26.69,26.16,26.46,26.26,26.38,26.41,26.86,26.45,27.18,26.68,26.3,25.9,25.36,25.55,25.24,25.03,25.41,26.28,25.46,25.71,25.43,26.03,26.98,28.4,28.26,26.93,26.28,26.25,26.08,25.48,25.46,26.37,26.34,26.53,26.45,26.33,26.28,26.22,27.04,27.45,27.4,26.16,26.46,25.67,25.88,25.16,25.3,25.16,25.3,25.48,25.71,25.61,25.87,26.25,26.96,28.74,29.35,26.64,26.44,25.78,26.26,25.99,25.83,25.73,26.54,25.67,26.98,26.38,26.71,26.83,26.93,25.97,27.43,26.26,26.01,25.52,25.29,25.73,25.11,26.13,25.82,25.6,25.88,25.97,26.17,27.08,28.42,30.59,30.12,26.62,26.0,26.64,26.42,25.94,25.85,25.76,26.4,26.12,26.21,26.88,26.55,28.07,26.34,27.4,27.16,26.62,26.48,25.14,25.75,25.6,25.68,25.89,25.71,25.7,25.6,25.87,26.68,26.84,28.98,30.1,29.38,25.86,25.43,25.97,26.32,26.28,26.03,26.27,27.04,26.96,26.72,25.71,26.54,27.22,26.96,26.48,27.73,26.5,26.3,25.64,25.1,25.65,25.94,25.46,25.87,25.89,25.38,25.89,25.97,26.72,27.99,28.45,27.3,25.95,25.86,26.37,25.88,26.06,26.62,26.99,26.03,26.64,26.18,26.4,26.58,26.44,26.95,28.25,27.37,26.28,25.45,25.53,26.29,26.7,26.02,25.22,25.94,25.45,25.71,25.71,26.3,26.72,27.43,27.45,27.47,25.71,25.75,26.32,26.04,26.3,26.3,25.89,26.97,26.56,26.4,26.18,27.0,26.84,28.0,26.7,27.11,26.89,25.03,25.84,25.08,24.89,25.58,25.97,25.8,25.8,25.58,26.21,26.3,26.36,27.15,26.3,26.55,25.83,26.15,25.99,26.15,25.82,25.9,26.14,26.1,26.72,26.3,26.54,26.32,27.82,26.77,27.48,28.2,25.99,25.83,25.28,25.93,25.41,26.11,26.12,26.35,26.05,25.87,25.65,26.04,26.27,26.9,25.58,25.95,26.13,25.85,25.61,25.74,26.02,26.38,26.37,26.16,26.17,26.36,26.55,26.89,26.51,26.76,27.86,27.96,25.85,26.18,26.1,25.12,24.95,26.03,25.98,26.08,26.25,25.61,25.27,25.43,25.61,25.67,25.89,26.04,25.99,25.96,25.93,26.27,25.79,25.82,26.4,25.92,25.32,26.54,26.75,27.41,26.35,27.09,27.24,26.8,26.34,26.05,24.4,24.91,25.77,25.9,25.43,26.19,25.68,25.43,25.58,25.94,25.85,25.5,26.01,26.58,25.82,25.62,25.76,26.12,25.73,26.12,26.35,26.26,25.46,25.72,25.93,26.52,26.59,27.2,26.67,26.97,25.57,26.44,25.76,25.87,25.99,25.69,25.6,26.17,25.86,25.84,25.35,25.58,25.36,25.69,25.65,25.68,25.29,25.89,25.81,25.55,25.45,25.65,26.05,26.18,25.79,25.39,25.65,26.05,26.33,27.2,26.4,28.36,25.66,26.45,26.23,25.96,25.96,24.79,25.94,26.54,25.74,25.59,24.8,25.2,25.62,25.76,25.76,25.76,25.8,25.09,25.22,25.67,26.3,25.85,25.63,26.63,25.72,25.99,25.03,25.82,25.84,26.35,27.44,28.96
2020-06-29 16:09:22.4633,0,27.01,25.47,25.85,25.67,24.33,25.35,24.49,26.08,25.92,25.77,26.07,26.46,25.67,25.82,25.99,26.66,26.51,26.17,26.45,26.26,25.69,26.29,26.42,27.35,27.3,26.32,27.57,26.4,26.67,27.41,29.16,29.05,24.46,27.1,26.39,24.86,23.89,25.3,24.66,25.58,25.98,25.14,26.31,26.4,26.19,25.27,26.24,26.04,26.8,26.4,26.5,25.91,26.84,26.62,26.61,26.34,27.35,26.94,27.13,26.57,27.16,27.32,30.34,29.24,26.5,27.36,25.99,25.46,24.63,24.77,24.62,25.27,25.72,25.52,25.49,25.86,25.41,25.59,26.67,25.89,26.12,26.57,25.97,26.5,25.89,26.22,26.28,25.91,26.17,26.02,26.91,27.54,25.68,26.46,27.21,27.7,27.13,25.4,25.7,24.82,25.05,25.2,24.71,25.43,25.25,25.6,25.23,25.86,25.96,25.78,26.59,26.06,26.78,26.32,26.65,26.3,25.94,25.59,26.3,26.66,26.33,26.28,27.26,26.03,26.68,25.67,26.56,29.06,25.67,26.46,24.28,25.53,24.53,24.82,25.16,25.63,25.26,25.56,25.27,24.82,25.61,25.76,25.76,25.58,26.17,26.37,26.46,26.47,26.34,25.7,25.88,26.69,26.0,26.63,26.49,26.35,26.69,26.85,27.02,26.79,26.38,25.96,25.84,24.35,25.14,25.73,24.88,25.31,25.56,25.28,25.61,25.43,25.87,25.82,25.81,26.4,26.15,25.29,25.97,26.02,25.94,25.99,26.59,26.32,26.76,26.6,26.46,26.79,26.86,27.14,26.22,27.0,25.64,26.34,24.36,25.48,26.06,25.49,25.05,24.86,26.07,25.93,25.56,25.57,26.59,27.58,26.75,26.8,25.54,25.71,26.01,25.68,26.02,26.16,25.91,25.77,25.79,26.54,26.46,26.26,27.15,26.78,27.06,27.09,26.47,25.72,24.83,25.76,25.78,24.95,25.69,25.86,25.66,25.76,25.94,26.5,27.81,28.42,28.03,26.84,25.85,25.41,26.25,26.09,26.73,26.46,26.41,26.59,26.98,26.27,26.38,27.09,27.27,26.38,26.75,27.63,26.5,26.01,25.18,25.35,25.46,25.32,25.96,25.48,25.64,26.09,26.22,26.14,28.6,29.81,28.11,27.81,26.42,26.12,25.98,26.49,25.92,26.67,26.57,26.85,26.44,26.28,27.26,26.86,26.78,25.87,26.65,27.12,26.83,25.08,25.6,25.72,26.13,25.87,25.84,25.94,25.38,25.95,25.58,26.14,27.68,29.99,29.61,28.9,26.71,26.17,26.3,26.39,26.31,26.46,26.67,26.91,26.55,26.8,27.38,26.23,27.3,26.24,27.07,27.22,26.2,25.83,25.73,25.44,25.58,25.41,25.84,25.94,25.65,25.31,25.18,25.59,26.2,27.19,28.82,28.79,26.79,26.26,26.44,26.25,26.2,26.46,26.35,27.09,26.63,26.06,26.77,27.04,26.14,26.89,27.5,27.35,26.46,26.37,26.14,26.11,25.02,25.82,25.21,25.5,25.71,26.05,26.02,25.96,26.44,26.91,28.83,28.21,27.05,26.22,26.31,26.3,26.54,26.17,26.25,26.58,27.05,26.79,27.0,26.99,26.81,26.82,27.22,27.28,26.95,26.93,26.31,25.63,25.39,26.26,25.98,25.88,25.85,26.1,26.02,25.36,25.85,27.19,28.95,28.92,27.03,26.22,26.54,26.2,25.58,25.97,25.95,26.36,26.19,26.35,27.05,27.04,26.6,26.88,27.23,27.69,26.46,26.06,25.5,26.28,25.94,25.66,25.76,25.18,26.03,25.91,25.73,26.26,26.47,27.71,29.75,29.63,27.03,26.64,26.73,25.89,26.11,26.22,26.06,26.44,26.79,26.74,26.88,26.69,27.23,27.46,26.91,27.54,26.37,26.31,26.24,26.16,25.3,25.75,25.99,26.41,25.91,26.0,25.56,26.8,26.9,28.45,31.22,29.78,26.63,26.12,26.74,26.73,26.53,26.27,26.07,26.42,26.45,26.8,26.47,26.02,27.33,26.75,27.67,27.12,27.27,26.07,25.12,26.01,26.66,25.78,26.13,26.29,25.61,26.02,26.4,26.27,27.44,28.71,30.13,29.38,25.99,26.47,26.66,26.9,26.1,26.33,26.08,26.29,26.97,27.29,26.99,26.91,27.34,26.92,27.44,26.99,26.24,26.07,25.59,25.53,25.76,25.79,25.94,26.12,25.76,26.06,26.21,26.09,27.22,28.21,29.21,28.29,25.86,25.89,26.47,26.7,26.36,26.43,26.34,26.59,26.16,26.66,27.04,26.71,26.98,27.68,27.16,26.97,26.22,26.27,26.46,25.14,25.44,25.99,26.09,26.29,25.8,26.03,26.26,26.2,27.44,27.43,28.05,27.27,26.13,25.95,26.25,26.74,26.83,26.1,26.01,26.64,26.57,26.63,27.37,26.96,27.41,26.89,27.0,27.74,27.0,25.16,25.78,25.37,25.28,25.71,26.33,25.93,26.38,26.29,26.09,26.32,26.67,26.75,26.41,26.37,26.13,26.38,26.19,26.48,26.13,26.89,26.71,26.57,26.45,26.43,26.36,26.02,26.54,26.42,26.68,27.96,25.92,26.13,25.92,25.38,26.12,26.22,26.77,26.19,26.41,25.98,26.34,26.48,26.18,26.37,26.12,26.47,26.36,26.16,26.48,25.63,26.36,26.15,26.61,26.39,26.17,26.73,26.11,26.56,27.11,26.39,27.44,28.26,25.75,26.5,25.48,25.42,26.47,26.46,25.09,26.06,25.97,25.36,25.01,25.92,25.71,26.02,26.1,26.06,25.98,25.97,26.26,26.28,26.36,26.06,26.38,26.55,25.83,26.39,27.16,26.46,27.11,26.53,26.95,28.34,26.89,26.37,26.21,25.73,26.21,26.17,25.85,26.01,25.41,26.3,25.95,25.19,25.28,25.38,26.7,26.68,26.05,26.18,26.8,26.23,26.92,26.35,26.09,26.62,25.99,26.38,26.21,26.94,26.05,27.3,27.8,27.95,26.44,27.22,26.46,25.8,25.42,25.49,25.87,26.3,25.55,25.55,25.19,25.44,25.33,26.06,25.75,25.18,25.52,26.25,26.41,26.17,26.2,26.04,25.88,26.02,25.31,25.52,25.76,26.01,26.25,27.14,28.16,28.77,26.35,25.6,25.96,25.67,25.74,25.59,26.39,25.7,25.73,26.12,25.61,26.12,25.62,25.61,25.38,25.49,25.8,25.2,25.74,26.3,26.94,26.36,25.9,26.16,26.0,25.64,25.83,26.45,26.34,27.23,27.57,26.76
2020-06-29 16:09:22.5915,0,26.38,26.99,25.2,24.84,24.4,24.46,24.55,26.1,26.27,25.78,25.95,25.6,25.97,26.49,26.27,25.97,26.12,26.56,26.47,26.54,26.42,26.58,26.6,26.43,26.53,26.68,25.97,27.78,26.55,26.4,28.46,32.1,27.18,26.3,25.79,24.95,24.29,23.57,24.85,24.97,25.99,26.2,25.6,25.87,26.05,26.08,26.36,25.53,25.89,25.64,26.62,25.66,26.16,26.22,26.61,25.92,26.28,26.65,27.16,26.63,26.39,27.91,28.46,26.8,26.95,26.73,25.47,26.86,25.36,24.79,24.96,25.28,25.18,25.38,25.37,25.72,25.9,26.3,25.59,26.35,26.71,26.07,25.85,26.85,25.89,25.58,25.48,26.87,26.34,26.76,25.66,26.73,26.98,26.88,27.64,29.29,27.23,25.06,24.58,25.45,25.07,24.59,25.16,25.31,25.24,25.62,25.22,25.62,25.82,25.3,25.99,25.59,26.07,25.97,26.16,26.42,25.92,25.46,26.03,25.88,26.6,26.87,26.34,25.91,26.7,26.47,27.37,27.5,26.6,25.91,25.62,25.56,24.72,25.89,24.76,24.8,24.88,25.42,25.39,25.86,25.82,25.73,25.42,26.11,25.94,26.23,26.34,26.33,26.11,26.36,26.01,26.54,26.54,26.49,25.49,26.51,26.24,26.87,25.69,27.09,26.64,26.42,25.87,24.4,25.15,25.46,25.84,24.79,25.79,24.92,25.93,25.43,25.63,25.81,26.11,25.64,26.22,26.34,25.72,26.23,26.69,25.87,25.74,26.08,26.37,26.48,26.32,26.08,27.04,26.69,27.03,28.09,26.29,26.02,24.91,25.99,25.21,25.49,25.32,26.14,25.47,26.02,25.33,25.99,26.88,26.83,27.04,26.25,25.42,25.78,25.39,25.85,25.9,26.34,26.35,26.57,27.0,26.15,26.48,27.11,27.64,27.27,26.94,26.76,25.76,25.23,25.98,24.2,25.49,25.52,25.55,25.1,25.88,25.41,26.22,25.95,28.37,27.81,28.09,27.31,25.62,25.79,26.01,25.97,26.18,26.76,26.48,26.59,26.6,26.03,26.89,26.28,26.52,27.03,27.3,26.79,26.01,26.21,25.37,25.37,25.88,25.98,25.59,26.32,25.85,25.84,26.0,26.41,28.48,30.14,28.92,27.95,26.02,26.17,25.96,26.45,26.49,26.33,26.34,26.71,26.32,26.97,26.5,26.59,27.37,26.18,26.53,26.98,26.68,26.33,25.3,25.14,26.53,25.36,26.07,25.46,25.46,25.18,25.55,25.82,28.1,29.23,29.66,28.51,26.47,26.14,26.16,25.89,26.55,26.44,25.9,26.68,26.42,26.09,27.61,25.98,26.59,26.41,27.42,27.1,26.26,26.71,25.45,25.45,25.59,25.79,25.0,25.8,25.74,25.48,25.66,25.85,26.08,27.51,29.33,29.28,26.39,25.94,25.95,26.49,26.65,26.23,26.44,26.85,26.62,26.49,26.28,26.26,27.13,26.6,27.54,26.71,25.79,25.74,26.46,25.39,25.67,25.31,26.02,25.49,25.57,25.93,25.49,25.34,25.74,27.06,28.69,27.91,26.91,25.92,26.26,25.99,26.49,26.53,26.42,26.04,26.69,26.67,26.25,26.36,26.67,27.4,27.08,26.83,25.79,26.62,25.88,26.38,25.66,25.61,24.9,25.39,26.15,25.65,25.7,25.91,26.29,27.15,28.38,28.69,27.18,26.54,25.77,26.06,25.75,25.74,25.83,26.02,26.18,27.12,26.81,26.39,26.9,26.17,27.6,27.54,26.14,26.1,25.95,25.42,25.66,25.29,25.5,25.29,25.88,25.79,25.39,25.56,26.7,27.6,29.17,29.51,27.44,26.33,26.32,25.96,25.88,26.11,25.92,26.73,26.87,26.74,26.86,26.82,27.08,27.34,27.58,26.42,26.24,26.51,24.88,26.01,26.38,26.0,25.87,26.51,25.58,25.54,25.75,26.05,26.78,29.04,30.12,30.19,26.69,25.98,26.43,26.31,26.31,25.74,25.74,26.28,26.22,26.43,26.48,27.05,27.63,27.19,27.88,27.65,26.24,25.61,25.74,25.29,25.18,25.4,26.23,25.93,25.69,26.01,26.16,25.95,27.02,29.05,30.08,28.9,26.4,26.16,26.24,26.11,25.87,26.31,25.73,26.81,26.6,26.82,26.59,26.78,26.91,26.51,27.46,27.54,26.85,26.28,24.82,26.17,25.77,26.32,25.19,25.98,25.76,25.81,26.41,26.79,26.9,28.26,28.43,27.96,25.83,26.04,26.06,26.46,26.25,26.3,26.43,27.11,26.85,26.16,26.91,27.24,26.86,26.48,26.87,28.04,26.62,26.14,25.67,25.34,25.99,26.27,26.2,25.92,25.66,25.47,26.12,25.65,27.0,27.61,27.82,27.16,26.37,25.93,26.31,26.42,26.28,26.59,26.31,26.29,27.24,26.75,26.69,26.71,26.82,27.23,27.71,27.27,26.3,26.68,25.32,26.36,25.74,26.55,25.42,26.04,25.55,25.91,25.97,26.94,26.66,27.23,26.49,26.43,26.42,26.44,25.55,26.45,26.22,26.1,26.59,26.9,26.58,26.66,25.96,26.88,27.49,26.91,26.74,27.81,26.54,24.69,25.94,24.76,26.12,26.24,26.1,26.47,26.39,25.5,25.75,26.14,26.46,25.93,26.08,26.14,25.91,25.73,26.12,26.15,26.54,26.36,26.35,26.5,26.27,26.09,26.53,25.42,26.65,26.59,27.84,27.0,26.87,25.96,26.08,25.62,26.51,25.86,25.68,26.48,26.1,25.47,25.01,25.89,26.38,26.1,25.53,26.59,26.08,25.94,25.92,26.48,26.48,26.15,26.13,26.54,26.24,26.92,26.88,27.39,26.99,27.41,27.42,29.2,26.32,26.44,25.5,25.25,25.11,25.42,26.84,25.46,26.18,25.41,25.32,25.92,25.95,25.6,26.1,25.76,26.36,26.28,26.2,26.22,26.07,26.47,26.58,26.24,25.98,26.53,26.21,26.03,26.57,27.53,27.45,27.39,27.3,26.41,25.94,26.63,24.44,26.01,25.43,26.31,26.68,25.82,25.74,26.48,25.72,26.29,25.38,25.54,25.64,26.23,26.16,26.41,26.33,26.03,25.62,26.31,25.92,25.67,25.14,25.52,25.95,27.55,27.8,29.18,26.75,25.95,27.4,27.13,25.42,25.8,24.96,25.58,26.29,26.0,25.6,25.6,25.47,25.74,25.48,25.87,26.03,25.2,25.84,25.79,25.76,26.24,26.17,26.32,26.45,25.98,25.18,25.45,26.37,27.1,28.21,26.63
2020-06-29 16:09:22.7204,0,29.8,24.93,25.99,25.55,25.17,25.41,24.89,24.76,25.96,25.64,25.95,25.76,26.38,25.69,25.73,25.44,26.38,25.91,25.64,25.57,27.12,26.31,26.14,26.3,26.85,27.2,26.9,26.66,26.8,26.72,27.91,29.61,26.41,27.66,25.37,25.8,25.6,24.47,25.38,25.13,25.7,25.61,26.19,26.0,26.46,25.94,25.86,26.05,26.29,26.53,25.84,26.6,26.17,26.77,26.04,26.67,26.6,26.98,27.0,26.27,27.03,27.45,25.87,29.7,26.67,25.79,25.67,24.95,26.04,24.98,24.65,24.69,26.28,24.84,24.71,25.35,25.78,25.58,25.71,25.52,25.76,26.32,25.61,26.25,26.38,26.34,26.16,25.78,26.76,26.33,26.63,25.73,26.63,26.33,27.92,27.23,27.0,25.73,25.38,25.64,25.58,25.08,25.32,24.87,25.39,25.48,25.99,24.86,25.71,25.65,25.76,26.4,26.54,26.66,25.82,26.18,26.29,26.2,25.78,26.94,26.06,27.02,25.72,26.57,26.38,27.02,27.63,28.09,26.19,25.93,25.8,24.88,25.34,25.3,25.18,24.82,25.13,25.43,25.39,25.64,25.38,25.85,25.98,26.34,26.27,26.46,25.89,25.67,26.34,26.37,26.25,26.43,26.8,26.23,26.51,26.37,26.57,26.38,26.5,26.0,26.66,25.84,24.48,24.75,25.46,25.16,24.75,25.32,24.94,25.89,25.14,25.08,24.99,26.35,25.58,25.85,25.7,25.92,25.73,26.01,26.04,26.09,26.34,26.8,26.76,27.13,25.9,26.67,26.42,27.51,26.86,26.68,26.86,25.29,25.08,24.7,26.08,25.08,25.58,25.25,25.82,25.57,25.98,26.0,26.88,27.45,27.34,26.87,26.12,25.68,25.89,25.86,26.22,26.24,25.79,26.0,26.52,26.29,26.07,26.42,27.03,26.5,26.05,26.03,26.53,26.33,25.52,24.69,25.37,26.06,25.69,25.48,25.77,25.64,25.91,25.95,27.28,28.39,27.7,26.52,25.72,26.08,25.72,26.28,26.6,26.24,26.28,26.81,26.14,26.64,26.12,26.7,26.84,26.73,26.97,27.15,26.56,25.7,25.38,24.91,26.15,25.32,24.84,25.47,26.41,26.29,25.78,26.11,28.66,29.77,28.91,28.43,26.2,26.08,25.57,25.59,26.2,26.84,26.23,26.72,27.23,26.63,26.76,26.07,27.08,26.64,27.04,26.48,26.7,25.99,25.94,25.44,26.01,26.15,24.74,25.94,25.91,26.47,26.18,25.92,27.92,29.96,29.66,29.05,25.92,26.42,26.27,26.56,26.37,26.63,26.33,26.68,26.54,26.91,26.87,26.76,26.32,27.72,27.11,27.78,27.31,25.7,25.13,25.16,25.99,25.41,25.72,26.28,26.07,25.81,25.66,26.06,26.26,27.52,28.97,28.57,26.93,26.13,26.13,26.4,26.07,26.24,26.54,27.28,26.4,26.5,26.15,26.27,26.16,26.76,27.71,26.56,26.16,26.75,25.86,25.69,25.94,25.69,25.56,25.61,25.69,25.93,25.6,25.74,26.22,27.06,28.79,28.72,26.92,26.19,25.9,25.9,25.83,26.63,26.53,26.57,26.37,26.9,25.89,25.85,26.41,27.4,26.77,27.49,26.14,26.3,25.58,25.2,26.05,25.11,25.01,25.29,26.15,25.66,26.09,25.62,26.19,27.25,28.47,28.25,26.99,26.09,26.14,25.79,25.75,25.84,26.24,26.34,26.62,27.01,26.43,26.53,27.17,26.89,27.11,26.9,25.65,26.61,25.52,25.12,25.94,26.42,25.75,25.05,25.36,26.1,25.9,25.55,25.97,27.96,29.0,29.86,26.72,26.7,26.24,25.96,25.6,26.2,26.24,26.11,26.33,26.85,26.88,26.44,26.54,26.78,27.43,27.09,27.13,26.18,25.81,25.13,25.85,25.75,25.63,25.93,25.79,26.08,26.05,25.66,27.25,28.96,30.3,29.75,26.5,25.81,26.43,26.12,26.31,26.05,25.74,26.08,26.89,26.44,27.11,26.68,27.92,27.49,27.55,27.33,26.44,26.3,24.99,25.89,26.53,26.18,25.89,25.93,25.59,25.79,25.76,25.34,27.31,28.87,30.36,29.26,26.23,26.53,25.96,26.68,26.17,26.31,26.26,26.49,27.18,26.94,26.61,27.04,27.21,27.67,26.98,27.38,27.4,26.82,25.47,26.03,26.19,25.53,25.69,25.62,25.98,25.82,25.98,26.17,27.58,28.46,28.71,27.48,26.12,26.15,25.47,26.47,26.95,26.1,26.32,26.25,26.73,25.94,26.25,26.31,27.16,26.95,27.9,26.85,27.19,26.33,25.37,26.28,25.59,26.28,26.09,25.55,25.79,26.46,26.45,26.29,26.62,28.19,27.64,27.25,25.51,25.83,26.42,26.02,25.99,26.9,26.1,26.29,26.56,26.62,26.31,26.98,26.55,27.38,27.04,27.28,26.5,25.4,25.15,24.91,25.6,26.0,25.82,25.93,26.14,26.04,26.08,26.19,26.76,26.72,26.28,26.03,26.62,26.05,26.8,26.15,26.44,26.11,26.58,25.74,26.7,26.3,25.96,26.61,27.49,25.83,27.28,28.38,26.18,25.26,24.95,25.59,25.12,25.96,25.58,26.07,26.16,25.74,25.99,26.13,26.16,26.67,26.2,26.35,25.51,26.35,26.45,26.56,26.45,26.03,26.25,26.38,26.29,28.01,26.69,26.3,26.67,26.75,27.5,27.76,27.08,25.98,26.09,25.29,26.2,25.88,25.69,26.21,25.85,26.11,25.5,25.19,25.93,26.22,26.09,25.59,26.41,25.84,26.93,26.61,26.13,26.28,25.76,26.42,26.5,25.03,26.58,26.18,26.99,27.09,26.64,27.21,26.35,25.64,25.34,25.08,25.61,25.58,25.58,25.89,25.42,26.06,25.82,25.92,26.19,26.06,26.01,26.56,25.81,26.4,25.76,25.75,26.08,26.59,25.96,26.37,25.86,26.12,25.32,26.51,26.42,27.36,27.88,28.26,26.07,25.77,26.34,25.87,25.47,25.36,25.28,25.24,25.85,25.42,26.27,25.58,25.21,26.18,26.37,26.05,26.49,25.64,26.29,26.3,26.33,26.31,25.89,25.9,25.78,25.54,24.48,25.54,27.39,25.89,27.58,28.65,26.24,27.17,25.84,26.55,26.31,25.64,25.31,26.37,25.17,26.28,26.3,25.73,25.36,25.87,25.38,25.37,24.93,25.57,25.86,25.92,25.78,25.97,25.35,25.6,25.57,26.59,25.21,26.16,26.4,27.3,28.51,27.65
2020-06-29 16:09:22.8484,0,27.87,28.65,25.48,26.44,24.99,24.47,25.6,24.74,26.44,26.08,26.69,26.32,26.26,25.54,26.29,26.11,26.8,26.03,26.76,27.09,26.57,27.14,26.16,27.06,27.35,26.85,27.1,26.44,27.05,28.4,30.19,29.56,26.79,27.34,25.35,26.87,25.77,25.2,25.53,26.29,26.28,26.36,27.29,26.84,26.18,26.09,26.23,26.33,26.28,25.39,26.62,26.48,26.29,26.51,26.46,27.29,27.52,26.51,26.98,26.83,28.04,26.74,30.2,26.25,28.41,26.97,26.48,26.86,25.21,24.63,25.13,24.52,25.33,25.51,25.13,25.97,25.91,25.94,26.33,25.99,26.25,26.54,26.11,26.12,26.15,25.32,26.44,26.73,26.64,26.62,26.81,26.56,26.82,26.89,29.03,27.91,27.98,27.27,26.32,25.47,25.23,25.09,24.86,25.47,25.5,25.1,25.59,26.0,26.4,25.91,25.98,25.96,26.75,26.79,26.51,26.55,25.79,26.09,25.9,26.56,25.9,26.75,26.96,26.26,27.22,26.85,28.09,28.1,26.62,27.11,25.45,25.74,25.2,25.28,25.2,26.3,25.28,25.55,25.4,25.63,25.61,25.73,26.55,26.1,26.39,26.23,26.47,26.22,26.24,26.47,26.26,26.79,26.16,26.35,26.23,26.97,26.9,26.2,27.52,27.32,27.04,26.24,25.87,24.93,24.7,25.62,26.11,26.53,25.54,26.03,26.16,26.13,25.52,26.04,26.21,25.97,26.53,25.72,26.15,26.25,26.58,26.11,26.21,27.06,26.36,26.76,26.74,26.84,26.08,26.7,27.6,26.9,26.49,26.75,25.6,25.34,25.23,25.48,26.24,25.49,26.44,25.56,25.34,26.2,26.58,27.13,27.15,26.04,25.84,26.28,26.51,26.37,26.56,26.44,26.59,26.8,26.53,26.65,27.03,26.97,26.89,26.48,27.49,27.32,26.14,26.34,25.34,25.66,25.21,25.39,25.42,26.13,25.64,25.65,25.9,26.72,27.37,28.6,28.08,26.93,25.81,25.8,26.1,26.19,26.17,26.77,26.7,26.83,26.6,26.54,26.63,26.85,26.97,27.05,27.82,27.53,27.82,26.38,26.02,25.99,24.53,26.37,25.48,25.95,25.98,25.51,26.11,26.2,28.68,29.85,29.21,28.41,25.84,26.26,26.55,26.35,26.01,26.63,26.57,26.49,27.02,27.08,27.16,26.85,26.67,26.92,27.22,26.98,27.21,26.86,25.46,26.38,25.99,25.9,25.82,26.2,26.01,25.95,26.27,26.03,27.44,29.8,29.92,29.35,26.19,26.06,26.35,26.48,25.97,26.55,26.73,26.37,26.63,26.58,26.86,27.04,26.87,27.16,26.92,27.96,26.97,26.71,25.93,25.45,25.87,26.05,26.09,26.27,26.19,26.22,25.27,26.35,26.28,27.88,29.08,29.19,26.5,26.03,26.33,25.91,26.76,27.1,26.86,26.63,26.53,26.72,27.27,26.38,27.0,27.02,27.08,27.38,25.62,26.09,25.69,26.9,25.53,25.84,26.02,25.62,26.32,26.05,25.78,26.35,26.39,26.62,28.78,28.92,26.64,25.93,26.35,26.19,26.3,26.35,26.93,26.58,26.8,26.91,26.74,26.51,27.49,26.86,26.76,27.18,27.19,26.28,25.44,25.93,25.28,25.73,25.15,25.62,26.48,25.44,26.11,25.81,26.12,27.14,28.66,28.51,27.01,26.35,26.34,25.78,25.76,26.22,26.36,26.32,26.53,26.77,27.07,26.64,27.74,28.0,27.29,27.71,26.66,26.63,25.66,26.02,25.27,25.43,25.74,25.99,25.99,25.49,26.09,26.26,26.51,27.79,29.43,29.88,27.25,26.53,25.85,26.44,26.07,25.73,26.33,26.74,26.64,26.75,26.86,27.59,27.63,26.37,27.25,28.25,26.44,26.85,25.98,26.01,26.27,25.35,26.12,26.27,25.91,26.28,26.57,26.35,26.98,28.67,30.58,30.09,26.24,26.17,26.92,26.49,26.03,25.73,26.38,26.6,26.8,26.89,26.87,26.79,28.21,27.19,27.23,27.48,26.95,26.31,25.59,26.5,25.85,25.29,26.47,26.53,26.33,26.13,26.16,26.47,27.39,28.61,30.08,29.28,25.94,26.08,26.33,26.6,25.76,26.23,26.45,26.5,26.94,26.84,26.97,27.19,27.05,27.54,27.62,27.89,27.59,26.98,26.12,26.17,26.07,26.05,25.83,26.22,26.22,26.13,26.21,26.26,27.6,28.25,29.01,28.34,26.13,26.13,26.76,26.76,26.46,25.89,26.77,26.45,26.75,26.76,26.4,27.11,25.99,27.68,28.25,27.7,27.53,25.45,25.67,26.45,26.13,26.16,26.45,26.31,26.12,25.71,26.22,26.41,27.2,27.91,28.2,26.58,25.98,26.33,25.91,26.83,26.38,25.99,26.42,26.2,27.0,26.88,26.96,27.27,26.97,27.85,27.2,28.33,27.65,25.76,26.67,25.39,25.61,25.99,26.62,26.82,26.16,26.38,26.54,26.72,26.46,26.81,26.81,26.84,25.92,26.34,26.71,26.65,26.03,26.53,27.06,26.54,26.84,27.29,26.82,26.45,27.2,26.44,27.83,28.0,26.93,25.46,26.29,26.1,25.98,26.4,26.1,26.09,26.5,25.75,25.86,26.04,26.78,26.58,26.39,26.67,26.32,26.05,26.54,26.89,26.43,26.71,26.35,26.87,27.39,26.62,26.82,27.04,26.65,26.29,27.3,28.34,27.3,26.16,25.92,26.14,25.11,25.86,25.84,25.5,25.47,25.85,25.27,26.01,25.72,26.43,25.66,26.36,26.31,26.05,26.16,26.59,26.61,26.39,26.9,26.78,26.12,26.11,27.2,27.39,27.5,27.93,28.41,27.8,26.11,26.66,26.06,26.15,25.43,26.52,25.85,27.17,25.27,26.45,25.68,25.94,25.95,25.84,26.56,26.46,26.25,26.86,26.32,26.82,26.19,26.12,26.97,26.9,26.39,26.13,26.52,26.99,26.9,26.85,27.86,27.41,26.82,26.2,26.55,26.82,24.63,25.84,26.38,26.15,26.0,26.37,25.75,25.96,26.12,25.42,25.4,25.91,26.38,26.11,25.8,26.28,26.09,26.29,26.73,26.31,25.94,25.52,24.99,27.22,27.04,27.0,28.75,29.75,27.32,27.89,27.02,26.75,26.46,25.82,26.25,25.59,26.44,25.73,25.6,26.42,25.21,24.74,25.61,25.38,26.15,25.59,26.23,26.19,26.02,26.79,26.73,26.92,26.15,26.0,25.52,26.69,26.56,26.55,28.49,29.95
2020-06-29 16:09:22.9769,0,26.33,24.92,26.46,25.55,24.95,23.92,23.99,25.95,26.09,25.8,26.07,25.47,25.66,25.55,26.38,26.13,26.63,26.04,26.44,25.99,26.53,25.59,27.03,26.92,27.63,25.51,27.42,26.84,26.28,26.14,28.98,29.57,27.21,26.25,26.93,25.12,24.5,24.25,25.21,25.59,25.4,26.32,25.76,25.56,25.53,25.52,26.25,25.5,25.52,25.99,25.71,25.9,25.36,26.33,26.48,25.89,25.67,26.13,26.47,25.68,26.61,26.92,28.05,29.6,26.91,25.55,26.03,25.73,25.5,23.98,25.08,25.29,25.43,24.98,24.95,24.96,25.75,25.22,26.05,26.01,26.45,25.61,26.19,25.77,26.48,25.46,26.4,26.2,26.74,25.59,26.28,26.41,26.78,26.33,26.49,28.97,26.5,26.35,25.95,25.42,24.92,24.72,25.47,26.01,24.99,25.72,25.1,24.71,25.83,25.63,25.65,25.45,26.09,26.75,26.06,25.68,25.81,26.3,25.92,25.85,26.34,26.42,26.35,26.7,26.72,26.62,27.15,27.46,27.2,26.13,24.68,25.05,25.31,24.24,25.44,25.37,25.11,24.81,25.72,25.76,25.69,25.75,25.73,25.79,26.14,25.81,25.76,26.01,26.31,26.15,25.86,26.31,26.12,25.56,26.19,27.29,26.86,26.22,26.87,26.89,26.05,26.0,25.19,24.36,25.17,25.13,25.31,25.69,25.07,25.38,25.37,25.63,25.53,25.35,25.91,25.5,25.71,25.47,25.95,25.99,26.15,26.06,26.46,26.41,25.86,26.45,25.9,26.5,26.1,26.82,26.86,26.64,27.02,25.66,25.22,25.03,25.48,25.22,25.95,25.25,26.16,25.0,25.52,25.56,26.24,26.84,27.12,26.57,25.8,25.38,25.97,25.76,26.31,25.71,25.99,26.7,26.25,26.66,26.58,26.56,27.16,25.87,26.56,27.71,26.71,26.47,24.7,24.65,24.8,25.76,25.05,25.58,25.77,25.83,25.38,26.25,27.49,28.08,27.8,26.29,24.94,25.66,25.82,26.05,26.09,26.21,26.06,26.45,26.15,26.13,26.51,27.08,26.24,27.0,26.8,26.75,27.06,25.88,26.14,25.85,25.58,25.46,24.82,25.23,26.05,25.31,25.87,26.01,28.18,29.68,29.45,28.06,25.9,25.8,26.32,25.78,25.78,26.35,26.42,26.61,26.52,26.51,26.61,26.74,27.2,25.9,27.68,26.13,25.82,25.79,25.32,24.95,25.33,25.99,25.6,25.68,25.48,25.48,25.77,25.89,27.18,28.84,29.67,29.22,26.02,26.21,25.8,26.15,25.6,26.61,26.23,26.65,26.2,26.54,26.75,26.21,26.32,26.53,27.76,26.72,26.93,25.87,25.1,25.31,25.43,25.55,25.7,25.82,25.83,25.18,25.13,25.67,26.15,26.88,29.14,29.11,26.92,26.23,26.39,25.84,26.05,26.24,26.52,26.55,26.6,26.28,26.13,26.91,26.41,26.62,26.38,27.06,25.81,26.04,25.24,25.51,25.03,26.05,25.44,25.47,25.48,25.49,25.9,25.31,25.65,26.58,28.62,28.25,26.12,25.52,25.81,26.44,25.74,26.02,26.23,26.65,26.05,26.53,25.77,26.59,26.82,26.11,26.93,26.3,26.63,26.13,26.01,24.91,25.89,25.24,25.47,25.64,26.24,25.15,25.77,25.33,26.08,26.97,28.72,28.71,26.98,26.18,25.84,26.17,26.02,25.95,25.91,25.93,27.04,25.76,26.66,26.53,26.87,26.04,27.41,26.89,25.3,26.24,26.42,25.68,25.94,26.14,25.64,25.37,25.37,25.66,26.01,26.02,26.34,27.2,28.82,29.76,27.09,26.31,26.33,25.94,25.41,26.08,26.04,26.29,26.22,26.48,26.38,26.79,26.96,26.74,26.78,26.22,26.74,25.32,25.16,25.43,25.96,24.98,25.84,25.7,25.66,25.24,25.62,26.27,27.32,28.32,30.73,30.11,26.76,25.91,26.12,26.41,25.69,25.85,25.93,26.4,26.98,26.56,26.45,26.55,27.33,26.92,27.36,27.5,25.55,26.26,25.91,25.25,25.86,26.15,26.01,26.14,25.59,25.23,25.36,26.13,27.03,28.94,29.91,29.34,25.49,26.23,26.44,26.75,26.28,25.68,25.95,26.46,26.5,26.56,26.23,26.49,26.64,26.77,26.65,27.34,27.0,25.41,25.44,25.88,26.16,25.93,25.42,25.74,25.84,25.6,26.17,26.17,27.37,28.18,28.98,27.87,26.0,25.86,26.04,26.18,26.63,26.0,26.63,26.03,26.48,25.94,26.62,26.31,27.27,26.5,27.18,27.37,26.64,25.75,25.2,25.62,25.45,25.97,25.34,25.4,25.45,25.88,25.49,26.26,26.32,28.17,27.64,27.03,25.71,25.61,26.22,26.19,26.3,26.67,25.89,26.71,26.09,26.6,26.44,26.95,26.25,27.04,27.56,27.41,25.5,24.84,25.28,25.57,25.86,26.42,26.32,25.54,25.76,25.81,25.72,26.19,26.42,26.42,27.18,26.75,26.19,25.74,25.73,26.56,26.2,26.33,26.56,26.45,26.55,26.17,26.07,26.75,27.31,26.14,26.89,28.2,25.79,24.84,25.11,24.89,25.12,25.92,25.85,25.78,25.69,25.94,25.76,26.44,25.95,26.22,26.41,26.32,26.33,25.7,26.14,25.8,26.45,26.01,26.71,26.47,26.29,26.58,26.69,26.55,25.88,26.24,28.21,27.53,27.04,24.78,25.14,24.94,25.85,24.8,25.8,25.8,25.43,25.48,25.59,25.91,26.13,25.11,25.84,25.59,25.94,25.63,25.78,26.38,26.22,25.58,26.49,26.05,26.47,25.45,26.1,26.79,27.12,26.74,26.6,27.21,25.7,25.8,26.45,25.21,25.45,25.7,26.29,26.28,25.81,26.02,25.33,25.28,25.62,25.8,25.78,25.96,26.38,25.58,26.1,25.84,26.08,26.32,26.47,26.21,25.45,25.95,25.93,26.15,27.25,26.97,27.87,27.57,27.5,25.55,25.51,26.26,25.94,24.69,26.18,26.32,25.54,25.56,25.31,26.11,25.95,25.31,25.85,25.55,26.1,25.76,26.26,25.92,25.54,25.12,25.18,26.61,25.74,25.08,25.44,25.54,26.46,26.64,27.06,29.48,26.5,26.63,25.62,25.9,24.75,26.27,25.3,25.54,25.03,25.96,25.21,25.83,25.36,25.71,24.87,25.33,26.05,25.66,25.86,26.53,25.65,26.61,26.47,26.72,25.27,25.94,25.2,26.8,26.02,27.06,28.24,28.89
2020-06-29 16:09:23.1062,0,27.0,27.09,27.13,25.85,24.32,23.63,25.18,24.84,25.76,25.73,26.06,26.71,25.8,25.64,25.71,26.48,25.97,26.26,26.17,26.49,26.39,26.54,26.71,27.15,26.8,27.62,27.01,27.5,27.15,28.5,28.58,30.93,28.5,27.77,25.89,25.91,25.5,24.05,25.12,25.08,25.49,25.88,25.99,25.84,25.75,25.79,26.07,26.82,26.51,26.39,26.46,26.71,26.67,26.34,27.29,26.49,26.69,26.77,26.55,26.38,26.7,27.79,27.69,27.51,26.78,27.07,25.58,26.39,24.97,25.06,25.53,25.83,25.71,26.02,25.09,25.82,25.89,26.4,26.19,25.85,25.87,26.41,25.97,26.22,26.5,26.05,26.0,26.97,26.59,26.57,26.42,26.32,27.1,27.74,27.2,28.7,28.07,26.06,26.03,26.13,25.82,25.03,25.55,25.13,26.14,25.47,25.69,25.73,26.15,25.89,26.32,26.05,26.29,25.85,26.14,26.06,26.61,26.31,26.65,26.39,26.7,26.13,26.9,26.84,26.63,26.22,26.03,28.48,25.88,26.41,25.73,25.84,24.83,25.53,25.01,26.13,25.38,25.27,25.62,26.2,25.6,26.83,26.2,25.87,25.84,26.33,26.23,26.21,26.34,26.58,26.36,26.4,26.52,26.59,26.33,26.76,26.52,26.64,26.62,27.41,25.92,26.34,25.62,25.2,25.1,25.13,25.39,24.91,25.4,25.27,25.69,25.65,25.83,25.59,26.21,25.54,26.0,25.82,26.36,26.13,26.57,26.2,26.08,27.03,26.85,26.33,26.84,26.64,26.82,26.47,27.32,26.99,26.21,26.67,24.69,25.27,25.18,26.14,25.17,26.37,25.34,25.54,25.77,25.86,26.78,27.03,26.95,26.76,25.64,25.87,26.01,26.88,26.12,26.33,26.91,26.9,26.15,26.5,26.32,27.49,26.23,26.58,26.34,27.42,27.17,25.34,25.43,25.6,25.17,25.08,25.9,25.47,26.44,25.07,26.11,26.28,27.47,28.51,27.89,27.13,26.69,25.7,26.2,26.69,26.9,25.72,26.8,26.7,26.82,26.14,26.99,26.67,26.32,25.76,27.23,27.63,26.13,26.83,25.65,26.09,25.18,25.68,25.33,26.05,25.29,25.83,25.79,26.71,28.59,29.68,29.03,28.71,26.32,26.36,26.07,26.16,26.01,26.73,26.56,26.7,26.43,27.07,27.25,26.82,26.19,27.61,27.32,28.11,27.49,26.28,26.02,25.86,26.09,25.74,25.31,25.82,25.89,25.83,26.16,25.93,27.92,29.52,29.76,29.17,26.85,26.07,26.45,26.39,26.27,26.55,26.42,27.01,26.51,26.09,27.21,26.75,26.41,26.67,27.68,27.72,26.2,26.47,25.72,25.85,25.84,26.15,25.71,25.55,25.75,25.79,25.47,26.25,26.47,27.8,29.62,29.11,26.32,26.68,25.96,26.4,26.67,26.03,26.66,26.42,26.29,26.59,26.51,26.87,26.41,26.7,26.53,26.81,26.59,26.36,25.94,25.95,25.24,25.68,25.53,25.96,26.1,25.83,25.98,25.45,26.31,26.81,28.88,28.93,27.28,26.12,26.17,26.76,26.59,26.16,27.03,26.68,26.68,26.78,26.71,27.24,26.63,26.81,27.66,27.93,25.21,26.21,25.54,26.03,25.77,25.58,25.01,26.19,25.95,25.75,25.81,26.01,26.03,26.97,28.67,28.7,27.2,26.45,26.07,26.35,25.48,26.32,26.05,26.32,26.74,26.76,26.3,27.12,27.01,26.69,27.38,28.14,26.41,26.22,26.35,25.83,26.92,25.78,25.72,26.09,25.98,25.59,25.79,26.35,26.34,27.33,29.54,29.62,27.0,26.54,26.69,26.17,25.79,26.22,26.74,26.33,27.07,26.51,25.96,27.44,27.32,26.89,27.35,27.2,26.36,26.61,25.62,26.41,25.83,26.35,26.46,26.14,25.48,25.85,25.86,26.35,27.08,28.87,30.94,30.02,26.44,26.36,26.26,26.69,25.63,26.33,25.86,26.59,26.22,26.87,27.35,27.15,27.47,27.14,28.15,28.75,27.22,26.75,26.76,26.0,26.08,26.03,26.45,26.4,26.32,26.01,26.26,26.77,27.49,28.8,30.36,29.1,26.41,25.81,26.81,26.6,26.26,26.53,26.24,26.17,27.15,26.47,26.69,26.9,27.87,26.77,27.56,27.49,26.96,26.38,25.26,26.11,25.75,25.88,25.68,25.95,26.43,26.01,25.88,26.68,27.11,28.45,28.73,28.25,26.14,25.85,26.17,26.76,26.15,26.6,26.87,26.55,26.62,26.74,26.76,26.53,27.12,27.19,28.35,27.8,27.45,26.08,26.41,26.23,26.78,25.99,26.17,26.16,25.99,25.91,26.54,26.19,27.5,28.01,28.01,27.76,26.18,25.94,26.41,26.83,26.18,26.4,26.74,27.4,26.99,26.01,27.33,26.27,27.51,27.19,27.64,27.74,26.8,26.04,25.77,26.3,25.28,26.51,26.33,26.4,25.66,26.48,26.75,26.6,26.46,26.81,27.11,26.94,25.62,26.54,26.29,26.75,26.34,26.2,25.78,26.65,26.2,26.76,26.07,26.55,26.99,26.69,27.57,28.65,26.45,25.18,25.87,25.7,26.51,26.21,26.46,26.58,25.89,25.5,26.19,26.47,26.14,26.47,26.29,26.46,26.52,26.15,26.65,25.94,26.21,26.37,26.8,26.97,26.37,25.95,27.2,26.7,27.84,27.02,27.21,27.87,25.54,26.45,25.29,25.2,25.21,26.11,26.22,26.16,25.7,26.2,25.49,26.71,25.48,26.09,25.98,26.46,25.97,26.26,26.71,26.58,26.12,26.72,26.37,26.38,26.22,26.35,26.25,26.41,26.94,27.34,27.92,28.5,26.84,26.36,26.53,25.01,26.33,25.69,26.09,26.85,25.5,26.04,25.91,26.04,26.51,25.94,26.2,26.45,26.57,25.95,26.3,26.22,26.41,26.34,26.17,26.74,26.76,26.51,25.24,26.46,27.66,27.64,27.35,26.85,25.93,27.18,26.26,26.34,25.92,25.78,25.39,26.71,25.68,26.06,25.72,25.66,25.45,26.39,25.62,26.5,26.24,26.21,25.9,26.63,26.58,26.26,25.87,26.55,25.15,26.08,25.92,26.81,27.14,27.28,27.68,28.16,27.41,26.55,27.51,26.26,25.69,25.92,26.34,25.69,25.82,25.83,25.83,25.98,26.34,25.22,25.71,25.74,26.38,25.81,25.3,26.16,26.51,26.22,26.55,26.58,25.95,26.55,26.28,26.44,27.38,25.88,28.58,28.42
2020-06-29 16:09:23.2355,0,25.86,27.41,25.97,25.75,24.96,24.46,24.01,25.08,25.48,26.08,26.23,25.74,25.26,26.62,25.72,25.7,26.51,26.42,25.63,25.56,26.12,26.15,26.28,26.74,27.0,26.84,27.25,27.21,26.54,27.26,29.0,28.23,27.59,28.3,26.02,24.93,24.66,24.81,25.36,24.95,25.24,25.9,25.89,25.02,26.17,25.8,25.84,25.65,26.28,25.24,26.49,26.18,26.7,25.79,25.87,26.66,27.05,26.96,27.33,26.8,26.8,26.94,29.33,27.34,26.35,26.01,25.25,25.71,25.18,24.96,24.64,25.12,25.17,25.51,25.23,25.33,25.16,26.06,26.3,26.23,25.99,26.07,26.21,26.36,26.37,25.95,26.15,26.18,26.61,26.32,26.62,26.73,26.26,27.45,27.62,28.95,26.98,25.48,25.55,25.43,25.39,24.74,25.31,25.59,24.83,25.6,25.47,25.85,26.28,25.05,25.86,25.93,26.07,25.61,26.74,25.22,26.15,25.58,26.42,26.4,26.6,26.14,26.02,25.07,26.7,26.82,27.37,27.77,26.59,26.51,25.24,25.74,24.4,25.13,25.03,24.66,25.76,25.54,25.14,25.15,25.81,25.62,25.86,26.21,26.15,26.12,25.89,25.88,26.21,26.82,25.75,26.42,26.53,26.75,25.92,26.51,26.88,26.7,26.29,27.53,26.03,26.21,25.87,25.42,25.89,25.59,25.15,25.71,25.42,25.51,25.35,25.41,25.19,25.91,25.45,25.95,26.11,25.91,26.26,26.22,25.8,25.74,26.33,25.94,25.85,26.47,26.88,26.51,26.56,26.34,27.03,27.27,26.27,26.01,25.07,25.17,25.35,25.06,24.78,25.23,26.06,26.24,24.99,26.42,26.77,27.63,26.83,27.16,26.01,25.77,25.78,25.95,26.43,26.23,26.01,26.56,26.63,26.15,26.6,27.11,26.56,26.32,26.04,26.57,26.32,26.13,24.68,24.35,25.63,25.23,25.16,25.85,25.4,25.51,25.9,25.83,27.77,28.49,27.59,26.91,25.9,26.07,26.1,26.17,26.8,26.02,26.7,26.46,26.48,26.26,26.1,27.24,26.82,26.56,27.13,26.77,25.64,26.21,25.2,25.52,25.46,26.11,25.2,26.19,26.07,25.84,25.67,26.2,28.47,29.67,29.0,28.32,26.48,25.59,25.95,26.16,26.09,26.13,26.23,26.81,26.43,26.49,26.36,25.92,26.65,27.06,26.35,26.63,27.21,26.15,25.14,26.2,25.31,25.21,24.97,25.57,25.9,25.71,25.65,26.11,27.63,29.68,29.83,28.96,26.0,26.13,25.97,25.69,26.36,26.62,26.42,26.02,26.41,26.08,26.22,26.23,26.87,26.4,26.59,26.91,26.77,26.7,25.75,25.75,25.98,26.04,25.35,25.45,25.52,25.58,24.95,25.15,26.64,27.42,29.06,29.28,25.93,25.75,25.66,25.72,26.36,26.61,26.53,26.31,26.62,26.83,26.39,26.77,26.7,27.02,26.4,26.04,27.01,25.89,25.84,25.98,25.66,26.07,25.9,25.83,26.0,25.61,25.48,25.53,26.11,26.96,28.51,28.36,26.91,26.36,26.07,25.89,26.2,26.23,26.52,26.13,26.58,26.77,26.0,27.24,26.53,26.69,26.27,26.98,26.13,27.29,24.96,25.19,25.39,25.48,25.37,25.85,25.51,25.75,25.49,26.0,25.91,27.33,28.19,28.6,26.99,26.35,26.23,26.24,25.93,26.22,25.93,26.43,26.28,26.66,26.55,26.64,27.44,26.87,27.91,27.37,25.8,26.43,25.95,25.99,25.66,25.65,25.02,25.39,25.88,25.78,25.29,25.54,26.33,27.49,29.25,29.68,27.16,25.86,26.04,25.95,25.39,26.09,25.92,26.51,26.31,26.61,26.24,26.93,27.49,26.76,26.6,27.24,26.23,25.99,25.8,26.01,25.84,25.86,25.86,25.92,26.32,25.75,26.14,26.25,27.24,28.67,30.3,30.09,26.68,26.17,26.42,26.21,26.01,26.23,25.53,26.38,25.98,26.42,26.6,27.05,27.77,27.47,27.21,27.81,26.59,25.76,25.89,26.02,25.98,25.26,25.87,26.04,25.47,25.46,26.05,25.94,27.29,28.49,30.08,29.07,25.94,25.87,26.52,26.1,26.26,26.6,26.14,26.48,27.05,26.22,26.72,26.38,27.05,26.93,27.62,26.85,26.47,26.98,24.97,26.17,25.9,26.18,25.43,26.59,25.74,25.69,25.86,26.05,27.38,28.45,28.61,28.15,25.53,26.52,26.15,26.46,26.24,26.49,25.99,26.45,26.61,26.99,26.77,27.24,27.0,27.08,26.86,27.0,26.99,26.66,25.83,25.0,25.98,25.45,26.07,25.66,26.0,25.68,26.22,26.06,27.39,27.79,28.1,26.75,26.18,25.72,25.91,26.41,26.59,26.78,26.74,26.5,26.77,26.61,26.56,26.69,26.38,26.91,27.71,27.26,26.86,25.94,25.13,25.71,25.58,25.98,25.67,26.17,26.13,26.03,26.4,26.28,26.54,26.92,26.48,26.94,26.41,26.13,26.17,26.55,26.0,26.64,26.35,26.78,26.69,26.15,26.65,26.88,27.02,26.75,27.45,27.81,26.35,25.98,25.6,25.24,25.97,26.22,26.09,26.19,26.27,25.37,25.86,25.67,26.46,26.03,26.29,26.13,26.21,25.61,26.54,25.92,26.32,26.02,25.99,26.96,26.52,26.21,26.25,27.15,26.18,27.2,27.47,26.79,26.65,25.56,25.71,25.44,24.92,26.32,25.1,26.33,25.96,26.22,25.48,25.17,25.69,26.32,25.86,26.47,26.51,26.38,26.47,26.14,26.12,26.5,27.0,25.9,26.76,26.65,26.87,26.46,26.65,27.07,27.79,27.79,26.53,26.22,25.87,25.76,26.06,25.4,26.27,26.15,26.18,26.04,25.19,25.54,25.6,25.7,26.33,26.21,26.13,26.16,26.2,26.44,26.42,26.09,26.58,25.71,25.84,26.38,26.06,26.96,26.9,26.82,28.05,28.88,27.28,25.75,25.13,26.63,25.45,25.51,25.26,26.46,25.83,25.68,26.12,25.17,25.71,25.79,25.62,26.15,25.75,26.22,25.27,25.78,26.2,25.76,25.61,25.88,26.05,25.82,25.62,26.37,27.19,27.55,27.31,29.18,25.91,26.41,26.61,26.32,25.42,24.76,25.92,25.4,26.15,25.7,25.46,24.63,26.11,25.09,25.23,25.22,26.03,25.93,25.71,26.16,26.41,26.09,26.03,26.16,25.85,25.81,25.68,25.96,25.82,27.09,27.41,28.26
2020-06-29 16:09:23.3608,0,26.88,28.22,23.9,23.91,24.41,25.2,24.9,24.39,26.43,26.68,25.8,25.45,26.66,26.48,26.55,26.37,25.99,26.81,26.61,25.69,26.7,26.43,26.15,25.96,27.18,27.17,26.16,26.43,26.8,26.97,26.74,25.52,27.17,25.28,24.88,26.01,24.65,24.29,25.35,25.79,25.53,26.21,25.03,25.87,25.91,26.08,25.83,25.66,26.78,26.41,25.82,25.66,25.88,25.81,26.46,26.38,27.05,26.33,26.26,26.45,28.45,28.39,28.01,25.65,27.82,25.27,26.27,24.92,25.36,24.12,24.96,24.81,26.29,25.78,24.85,25.45,25.78,26.05,26.08,25.38,26.12,26.06,25.73,25.87,26.14,26.33,25.62,25.76,27.2,26.76,26.31,26.22,26.63,26.88,27.64,27.53,26.21,26.82,25.54,26.02,25.22,24.27,25.45,25.32,24.83,25.22,25.46,25.62,25.69,26.37,26.09,26.29,26.41,26.2,25.56,26.66,26.39,26.33,25.76,26.41,27.29,26.59,25.06,27.39,27.04,27.56,27.12,28.66,26.4,26.31,24.9,25.2,24.88,25.43,25.47,24.66,25.65,25.67,25.03,25.27,25.82,26.06,25.42,25.99,26.05,25.9,26.23,25.99,26.8,26.36,26.13,25.92,26.28,26.88,25.93,26.5,27.05,26.53,27.11,27.97,27.84,26.23,24.98,24.92,25.89,25.76,24.73,24.93,25.79,25.53,25.93,25.43,25.4,25.81,25.45,25.86,26.11,25.71,25.93,26.34,26.46,26.21,26.68,26.93,26.87,26.88,25.3,27.41,26.24,27.18,26.45,26.88,25.72,26.56,24.25,23.35,25.51,25.48,24.93,25.23,26.07,25.78,25.66,25.76,26.88,27.23,27.14,26.04,25.53,25.77,25.69,25.74,26.76,26.97,25.68,26.68,26.64,26.77,26.88,26.82,26.58,26.63,27.12,25.81,26.5,25.78,25.0,25.49,25.91,25.93,25.28,25.36,25.98,25.86,25.9,25.63,27.77,28.69,27.09,27.02,26.29,25.99,25.6,26.38,26.59,26.14,26.26,27.04,27.18,26.53,26.75,26.56,26.97,27.19,27.29,27.33,25.66,26.89,25.54,24.57,25.48,25.84,25.84,25.58,25.74,25.94,25.36,25.27,28.48,29.67,29.57,28.51,26.11,25.88,26.25,25.57,26.3,26.73,26.03,25.83,26.55,26.73,26.5,26.05,26.66,26.17,26.87,27.14,28.08,26.68,25.45,25.14,26.25,25.23,25.21,26.19,25.9,26.04,25.12,26.12,28.18,29.05,29.83,28.97,26.56,26.14,26.16,26.28,26.26,26.93,26.0,26.47,26.74,26.33,26.22,26.24,26.58,26.85,27.08,27.78,26.79,26.7,25.45,24.67,25.59,25.91,25.6,25.44,25.64,25.9,25.86,25.24,26.08,27.51,28.8,28.92,26.58,26.3,26.14,25.91,25.98,26.02,26.34,25.99,27.29,27.05,26.53,26.25,26.72,27.72,26.9,26.53,26.48,25.74,25.53,26.59,26.05,25.83,25.66,25.73,25.99,25.41,25.78,26.24,25.82,26.97,28.15,28.91,26.73,26.01,25.79,26.09,26.49,26.53,26.52,26.14,26.79,27.24,26.73,26.88,27.21,26.84,26.42,27.82,26.66,26.44,25.74,25.63,26.05,26.36,25.38,25.62,26.26,26.06,26.0,25.11,25.73,26.95,28.38,28.15,27.54,26.62,26.24,25.68,25.75,26.02,26.25,26.01,26.96,26.88,26.81,26.38,26.76,27.15,27.6,27.2,27.16,25.94,26.39,25.86,25.65,25.92,25.02,25.52,25.45,25.59,25.78,25.95,26.23,27.32,29.07,29.42,27.52,26.43,26.4,25.78,25.87,26.11,26.74,26.22,26.31,27.42,26.36,27.2,27.22,27.06,26.92,27.09,26.78,26.5,25.51,25.86,25.99,26.12,25.63,25.79,25.26,25.96,25.75,25.43,26.78,28.67,30.3,30.0,26.42,26.16,26.15,26.11,26.02,25.83,25.75,25.95,26.45,27.34,26.74,27.17,27.78,28.05,26.56,26.45,26.59,26.47,25.11,25.74,26.91,25.8,25.74,25.58,26.0,25.58,25.74,26.26,27.67,29.15,30.26,29.18,26.77,26.17,26.33,26.21,26.35,26.12,26.24,26.6,27.05,26.24,26.46,26.92,27.48,27.38,26.45,28.05,27.03,26.45,25.31,25.23,26.19,26.18,25.82,24.85,25.87,26.45,26.09,25.52,27.2,28.45,29.0,27.66,25.83,25.65,26.06,26.16,26.15,26.19,26.11,26.67,26.97,26.75,26.52,26.83,27.01,27.23,27.04,27.17,28.07,25.97,25.17,25.81,26.81,26.28,25.69,25.8,26.22,25.92,26.11,26.18,27.19,27.9,27.81,27.16,26.37,25.64,25.61,26.42,26.48,26.59,26.41,26.41,27.35,26.75,26.42,26.44,27.4,27.38,26.84,28.14,27.07,27.04,24.98,24.72,26.03,25.98,25.95,26.04,26.73,26.37,26.08,25.61,26.56,27.43,26.8,25.81,26.22,26.13,26.07,26.03,26.55,26.64,26.36,25.84,26.83,26.4,26.38,26.44,26.57,26.43,27.64,26.87,27.3,26.01,24.91,25.1,26.26,25.96,25.95,25.81,26.74,25.5,25.74,26.47,26.98,26.47,26.39,25.83,26.62,25.73,26.01,26.04,26.11,26.59,26.11,26.27,26.64,26.99,26.67,26.01,27.73,26.91,27.1,28.7,26.05,25.75,25.72,24.21,25.26,25.85,25.55,25.91,25.72,26.09,25.5,25.29,26.5,25.87,26.43,25.79,26.3,26.05,26.48,26.13,26.13,25.67,26.26,25.9,26.24,26.78,26.59,25.99,26.99,27.58,27.42,26.77,26.09,26.04,26.23,25.61,26.69,25.89,25.69,26.46,26.44,26.31,25.92,26.05,26.17,25.6,26.55,26.34,26.24,25.72,25.85,26.11,26.53,26.35,25.93,25.99,26.65,26.26,26.36,26.82,27.06,27.88,28.25,28.69,26.06,27.29,25.95,25.84,24.96,25.67,25.59,25.37,25.43,26.23,25.34,25.42,25.34,26.28,25.26,25.28,25.52,26.34,26.04,25.9,25.44,26.68,26.31,25.44,25.92,26.27,25.31,24.99,27.39,27.36,27.81,28.04,26.74,26.44,24.98,25.75,26.27,25.47,25.27,25.74,25.43,25.72,25.72,25.6,25.98,25.74,25.6,25.5,25.65,25.45,25.45,26.31,26.27,25.71,25.32,26.33,27.03,25.98,25.5,26.5,26.91,26.73,27.13,27.64
2020-06-29 16:09:23.4890,0,27.83,27.0,25.71,25.31,25.73,24.84,25.23,25.09,26.26,25.48,25.49,25.32,25.82,25.95,26.54,25.84,25.71,25.77,26.46,25.98,26.12,26.16,25.98,26.75,27.33,26.52,26.89,26.64,27.02,27.84,29.01,26.24,25.97,24.21,25.58,26.42,24.49,24.63,24.52,25.28,24.94,25.46,26.03,26.27,25.92,25.67,25.58,26.04,25.64,26.4,25.69,26.19,26.43,26.21,26.32,26.81,26.28,26.64,25.92,26.62,27.43,27.42,28.47,26.77,26.06,25.29,26.45,25.52,25.01,24.97,25.25,24.83,25.31,25.11,25.23,25.72,26.13,26.79,25.7,25.39,25.99,25.96,25.84,25.76,26.5,25.71,26.01,25.91,26.33,26.03,25.81,26.06,26.97,26.51,28.18,26.13,27.73,25.49,24.98,24.68,25.24,25.07,25.17,25.59,24.98,25.21,25.09,25.48,26.17,25.29,25.76,26.05,26.42,26.3,25.69,26.29,26.52,26.19,26.04,25.86,25.91,26.58,26.5,26.56,25.67,26.45,26.18,27.77,27.22,25.72,25.97,25.04,24.09,25.29,24.75,25.08,25.63,25.18,25.85,25.04,25.48,25.85,25.86,26.11,25.93,25.8,26.22,25.89,26.21,26.25,26.24,26.05,26.0,26.63,26.35,26.36,25.9,25.18,26.09,27.1,25.63,26.21,25.0,25.59,25.3,26.33,25.02,25.45,25.06,25.27,25.01,25.07,25.41,25.47,25.79,25.84,25.8,25.38,26.37,26.33,26.14,25.63,25.86,26.31,26.63,26.47,26.61,27.11,26.57,26.68,27.23,27.07,25.7,26.02,24.9,25.34,24.62,25.21,25.57,25.89,25.94,25.56,25.21,25.77,26.35,27.54,27.44,26.15,25.41,25.98,25.99,26.27,26.75,26.34,26.34,26.11,25.9,26.9,26.6,26.13,26.72,27.12,26.4,26.39,26.14,25.58,24.53,25.15,25.21,25.64,25.55,25.6,25.76,25.4,25.16,26.26,27.38,27.9,27.3,27.1,25.91,26.17,25.91,26.07,26.39,26.12,25.83,26.58,26.13,26.14,26.37,27.1,26.83,25.47,26.27,26.95,26.72,25.69,25.2,25.22,25.46,26.11,25.08,25.59,25.73,25.63,25.99,26.0,27.72,30.14,29.46,28.05,26.67,26.17,26.24,26.26,25.99,26.74,26.65,26.38,26.43,26.86,26.36,26.2,26.36,26.18,26.86,27.16,26.87,25.64,24.99,25.89,25.59,25.08,24.98,25.33,25.47,25.82,25.76,25.81,27.45,29.22,30.02,29.32,26.29,25.66,26.07,25.79,26.17,26.72,26.53,26.67,27.09,26.9,26.48,26.75,26.45,26.98,26.93,27.76,27.29,26.03,26.22,24.84,25.31,25.15,25.95,25.22,25.19,25.8,25.35,25.66,26.54,27.42,29.42,29.01,26.75,25.85,26.22,25.92,26.36,26.62,26.33,26.22,26.39,27.06,26.76,26.52,26.43,26.61,26.4,26.05,26.84,26.57,25.08,26.13,25.93,25.55,25.31,25.83,25.14,25.82,25.19,25.63,26.12,27.33,28.52,28.45,26.56,25.54,25.89,26.45,26.02,26.43,26.53,26.45,26.59,26.55,26.5,26.73,26.81,26.69,26.6,27.8,26.13,26.62,25.87,25.34,26.43,25.49,25.85,25.28,25.83,25.55,26.09,25.81,25.91,27.34,28.64,28.07,27.17,26.17,26.41,26.34,25.55,26.13,25.72,26.74,27.16,26.89,26.67,26.27,26.47,26.46,27.26,26.72,26.83,25.92,26.11,26.0,25.8,25.53,25.75,25.51,26.21,25.68,25.6,25.84,26.43,27.59,28.99,29.5,26.9,26.14,26.05,25.67,25.79,26.0,26.03,26.2,26.21,26.5,26.74,26.81,27.91,26.48,27.42,27.73,26.41,26.17,25.95,24.82,26.24,25.23,25.62,25.1,25.78,25.65,25.33,25.85,26.48,28.59,30.74,29.74,26.68,25.43,26.23,26.31,26.01,26.04,26.15,26.5,26.66,26.66,26.72,26.67,27.2,27.48,26.88,26.98,26.42,26.62,25.75,25.42,25.72,26.17,26.11,24.97,25.8,26.1,25.55,26.25,27.02,29.05,29.81,29.07,26.22,26.15,26.62,26.58,26.26,26.1,26.46,26.26,26.83,26.69,25.44,26.25,26.49,26.65,27.3,27.36,27.02,25.75,25.78,25.08,26.04,26.58,25.81,25.49,26.31,25.7,25.86,26.16,26.79,28.45,29.09,27.86,25.82,25.37,26.35,26.66,26.24,25.99,26.64,26.57,26.49,26.52,26.77,26.3,27.0,26.79,27.2,27.36,27.36,27.01,26.0,25.64,26.13,25.72,25.33,26.28,25.89,26.34,26.55,26.49,26.81,27.6,28.01,27.54,25.89,26.02,26.11,26.51,26.69,26.27,26.21,26.28,27.01,26.61,26.83,27.1,26.98,27.06,27.2,27.78,27.62,25.76,25.3,24.74,26.02,25.57,26.07,26.18,25.78,26.03,25.74,25.63,26.65,26.61,27.09,26.33,26.31,26.55,25.85,26.04,26.53,26.22,26.58,26.55,26.2,26.67,26.37,26.6,27.63,27.07,28.52,27.45,25.97,26.17,25.44,25.57,26.41,25.94,25.57,25.93,26.27,25.96,25.75,26.12,25.62,25.6,25.78,26.44,25.91,26.13,25.39,26.34,26.76,26.13,26.24,26.49,26.15,26.34,26.11,26.86,26.5,26.73,26.94,27.74,26.23,26.16,25.34,25.1,25.4,25.87,25.81,25.5,26.09,25.73,25.49,26.02,26.03,25.99,26.42,25.81,26.07,25.84,26.25,25.8,26.58,26.51,26.88,26.16,26.62,26.52,26.87,26.63,27.63,26.73,27.99,26.79,26.11,26.22,25.7,25.41,25.44,25.56,26.42,26.72,25.67,26.55,25.69,26.03,26.07,25.93,26.0,25.75,26.7,26.16,25.98,26.21,26.07,25.73,26.33,26.61,26.12,26.8,25.76,26.65,27.24,27.17,26.45,28.24,27.28,26.86,26.52,25.66,25.79,25.01,24.94,26.0,26.25,25.96,25.19,26.1,25.71,25.05,25.62,25.67,26.12,25.99,25.15,25.53,26.07,25.77,25.74,25.6,24.88,25.53,24.96,25.52,26.84,27.0,28.02,27.5,27.32,26.65,26.01,26.32,25.77,25.28,25.13,25.72,25.73,25.42,25.74,25.85,25.73,25.47,25.24,25.35,25.66,25.8,25.72,25.38,25.9,26.36,25.76,26.74,25.56,26.12,25.36,26.65,26.74,27.09,26.89,28.59
2020-06-29 16:09:23.6172,0,28.33,25.31,27.78,25.75,25.17,24.65,25.42,25.25,26.27,26.38,26.54,26.17,26.25,26.22,25.87,26.51,26.66,25.63,26.06,26.25,26.98,26.29,26.3,27.05,26.69,26.0,28.0,27.96,27.51,27.83,30.16,27.55,25.95,28.33,26.01,27.27,24.84,25.01,25.02,25.95,25.38,26.35,25.74,26.28,25.24,26.08,26.49,26.58,26.27,26.28,26.35,26.07,26.43,27.47,26.46,27.13,27.21,26.66,26.62,27.72,27.83,28.15,29.32,26.21,27.82,25.52,26.66,25.12,26.04,24.62,24.66,24.97,25.88,25.1,25.25,25.84,26.27,25.81,26.08,25.75,25.77,25.95,26.34,26.6,26.14,26.2,26.3,26.31,26.77,26.61,26.8,27.06,26.99,26.69,29.02,28.94,26.22,26.16,25.93,26.76,25.07,25.08,25.01,25.75,25.37,26.01,25.46,25.37,25.46,26.73,26.1,25.95,26.18,26.2,26.04,26.66,26.03,25.96,25.37,26.68,25.9,26.74,26.33,27.39,26.53,27.02,26.89,28.94,26.82,25.51,26.53,26.08,25.5,24.67,25.89,25.07,26.15,25.04,25.51,25.03,25.83,25.17,25.65,25.77,25.84,26.23,26.24,25.99,26.34,26.59,26.37,26.54,26.68,26.21,26.66,27.42,27.22,26.19,26.71,27.31,26.23,26.23,26.39,25.09,24.99,25.46,25.7,25.06,25.29,25.41,25.7,26.12,25.51,26.14,26.32,26.29,26.21,25.82,26.36,26.13,26.24,26.43,25.85,26.93,26.36,26.62,26.45,26.53,26.56,26.69,27.22,27.49,26.29,25.64,25.25,25.49,24.93,25.34,25.85,25.88,25.71,25.44,25.55,25.65,26.47,27.73,27.15,26.25,26.03,25.47,26.0,25.95,26.34,26.44,26.92,26.45,26.4,26.64,26.48,26.54,27.95,26.64,27.3,27.31,26.32,26.33,25.33,25.96,24.63,26.2,25.29,25.36,26.45,26.2,26.32,26.17,27.07,28.99,28.18,26.82,25.8,25.99,25.8,26.28,26.07,26.45,26.26,26.93,26.12,26.4,26.49,27.12,26.52,26.42,26.78,27.33,26.74,25.51,25.7,25.52,26.16,25.44,25.96,25.82,26.31,25.51,25.79,25.89,27.73,29.57,29.57,27.95,26.21,25.97,26.15,26.45,25.81,25.93,27.08,26.38,26.67,26.49,26.63,26.05,26.37,26.32,27.54,27.66,26.15,26.51,26.23,25.6,25.85,25.49,25.82,25.47,25.46,26.15,26.26,26.13,26.78,29.05,29.65,29.34,26.47,26.52,26.16,25.99,25.58,26.44,26.73,26.68,26.18,26.57,27.23,26.77,26.3,26.85,27.58,27.61,26.96,26.7,26.7,26.21,25.33,25.4,25.73,25.56,25.53,25.58,25.67,26.05,26.27,27.05,29.25,29.36,26.76,26.12,25.95,26.29,26.37,26.12,26.55,26.95,26.74,26.03,26.53,26.89,26.72,26.88,27.39,28.03,26.31,25.57,26.61,25.99,25.53,25.7,25.9,25.26,25.24,25.73,25.58,26.14,25.73,26.98,28.78,28.55,26.64,26.19,26.25,26.37,26.58,27.12,26.31,26.89,26.36,27.24,26.24,26.49,27.07,26.98,27.87,26.67,26.66,25.77,26.64,25.93,26.05,25.99,25.98,25.74,26.26,25.33,25.9,25.71,26.48,26.86,28.84,28.78,27.0,26.35,26.24,26.43,25.95,26.02,26.56,26.43,26.19,26.54,27.43,27.02,27.04,27.01,26.95,27.54,25.62,26.61,25.8,26.16,25.4,25.67,26.21,26.1,25.24,25.9,25.79,25.95,26.32,28.34,29.61,29.52,26.98,26.61,26.13,26.06,25.78,26.11,26.33,26.83,26.31,27.2,26.48,27.2,27.49,27.48,27.25,28.4,26.95,26.5,25.82,25.86,25.99,25.48,25.99,26.03,25.58,26.28,25.96,26.35,27.16,28.3,30.48,30.27,27.07,26.07,26.44,26.2,26.52,26.43,26.16,26.17,26.67,26.65,26.74,27.05,27.64,27.04,27.55,27.64,27.12,26.47,25.89,26.64,25.84,25.8,26.22,26.41,26.22,25.26,26.15,26.26,27.39,29.15,30.08,29.45,26.21,26.63,26.9,26.3,25.96,26.52,25.62,26.49,26.37,27.29,26.97,26.92,27.62,27.96,28.11,27.21,27.22,25.92,25.79,25.7,26.06,26.04,25.45,26.58,25.76,25.91,26.41,26.47,27.3,28.25,29.1,28.24,26.32,25.84,26.36,26.66,26.05,26.19,26.76,27.43,26.86,26.52,26.92,26.69,26.72,26.93,27.56,27.69,26.98,26.68,26.47,26.28,25.57,25.74,25.82,26.05,25.54,26.58,26.65,26.4,26.8,28.1,27.91,27.36,25.98,26.42,25.91,26.32,26.38,26.49,26.63,26.96,26.19,26.75,26.95,27.12,26.08,27.53,27.71,27.97,26.11,25.38,25.15,25.71,25.89,26.4,25.82,26.3,26.15,26.14,26.53,26.39,26.87,26.5,26.9,26.22,26.22,25.72,26.08,26.34,26.12,26.21,26.71,27.01,26.71,26.28,26.81,26.73,27.34,26.59,26.92,28.72,26.35,26.56,25.09,26.08,26.4,25.24,26.36,26.6,25.91,26.1,25.97,26.14,26.03,26.57,26.49,26.35,26.11,26.15,26.65,25.83,26.21,26.59,26.69,26.86,26.39,26.61,26.24,27.17,26.96,26.59,27.65,28.7,27.69,26.35,26.81,25.44,27.44,25.39,26.11,26.05,26.11,25.97,25.74,26.25,26.5,26.09,26.1,26.47,26.3,26.05,26.15,26.25,26.48,26.03,26.89,26.15,26.64,25.83,27.34,26.46,26.99,27.24,28.2,28.59,26.52,26.04,26.42,25.6,25.58,26.05,26.13,26.46,25.66,25.93,25.8,26.05,25.71,26.06,26.32,26.9,26.13,26.74,26.08,26.46,26.3,26.71,26.45,26.5,25.7,26.4,26.97,27.13,27.23,27.7,28.05,28.47,26.06,25.97,26.74,26.04,24.96,25.0,25.75,25.99,25.99,24.7,25.74,25.3,25.34,25.41,25.76,25.53,25.89,25.98,26.66,25.65,26.72,26.29,26.17,25.73,25.92,25.82,25.97,25.68,26.49,26.61,27.8,29.73,27.3,27.15,27.2,25.75,25.24,25.97,26.23,25.58,25.43,25.86,26.0,26.27,25.46,25.74,25.6,26.13,25.15,25.94,25.97,26.96,26.02,26.91,26.86,27.05,25.85,25.83,26.18,26.67,25.81,27.49,26.87,29.27
2020-06-29 16:09:23.7457,0,25.91,27.02,26.51,24.17,24.41,23.54,25.25,24.58,25.66,25.94,25.66,25.33,25.84,26.1,25.88,24.75,25.73,26.04,26.07,25.43,26.29,26.16,25.23,25.82,26.21,26.86,26.91,25.1,27.52,26.42,29.05,25.59,25.98,27.67,25.13,26.02,23.01,24.12,24.19,26.13,25.1,25.92,24.33,26.43,25.26,25.96,24.94,26.46,25.78,25.65,25.7,26.74,25.9,25.82,25.74,26.39,25.98,27.15,26.11,25.73,26.61,27.21,25.85,27.98,28.12,25.3,25.48,24.36,26.22,24.14,24.97,24.53,25.05,25.53,25.52,24.83,26.27,25.09,26.33,25.52,26.13,25.6,26.35,26.13,25.9,26.22,25.63,25.5,26.35,25.89,26.65,25.73,27.53,25.76,26.54,27.57,26.24,25.07,25.18,25.46,24.59,25.41,23.83,25.76,25.12,25.63,24.21,25.5,25.36,25.67,25.65,25.84,26.08,26.09,25.7,26.08,25.69,25.85,25.39,26.15,25.64,26.89,25.4,25.92,25.16,25.56,25.47,28.38,26.41,26.33,25.45,23.99,24.58,24.84,25.19,24.27,24.77,25.18,25.64,24.93,25.17,24.85,25.21,25.12,25.52,26.03,25.46,25.67,26.81,25.8,26.38,25.69,26.02,26.23,26.23,26.83,26.74,25.7,26.72,25.99,26.04,26.24,23.94,25.27,24.86,24.88,23.77,25.2,25.44,24.68,24.91,25.55,24.77,25.49,25.47,25.86,25.81,25.5,25.19,26.46,26.04,26.33,26.23,25.85,26.12,26.75,25.9,27.13,26.89,27.19,26.28,26.69,25.92,24.91,24.09,24.53,24.94,25.5,25.46,25.25,25.96,25.69,26.11,25.55,26.99,27.14,27.05,25.75,26.43,25.28,26.11,25.45,26.13,26.25,26.14,25.88,26.77,26.66,26.35,26.56,26.43,27.28,26.06,26.03,25.59,26.34,24.7,25.81,24.94,25.94,25.31,24.99,25.54,25.76,25.27,25.85,27.08,28.5,27.31,26.93,25.72,26.0,25.52,25.58,25.88,26.25,26.06,26.6,26.61,25.8,25.59,26.71,25.93,26.58,26.97,27.53,26.57,25.18,25.55,25.54,25.89,25.45,25.48,25.35,25.53,25.52,25.37,25.6,27.83,29.31,29.76,28.71,25.93,25.7,26.16,25.68,25.81,26.44,26.25,26.28,26.22,26.63,26.64,26.2,26.24,25.89,27.22,25.95,26.52,25.49,25.63,25.61,25.47,25.9,25.11,26.08,25.58,25.94,25.56,25.52,26.7,28.59,29.03,29.16,26.11,25.78,25.8,26.38,25.89,26.55,25.91,26.91,26.2,26.11,25.99,27.04,26.46,27.01,26.11,27.96,26.62,26.04,25.3,25.16,25.34,25.28,26.45,25.11,25.65,25.39,25.37,25.26,26.09,26.88,29.25,28.48,26.59,26.04,25.68,25.83,26.09,26.04,26.14,26.01,26.41,26.39,26.29,26.01,25.61,26.9,27.07,26.89,25.28,26.43,25.08,26.0,25.28,26.22,25.56,25.97,25.69,25.63,25.6,25.75,25.75,26.8,28.43,28.74,27.01,26.2,25.53,26.29,25.84,26.35,26.23,26.15,26.37,26.68,25.89,26.5,26.27,26.71,26.29,27.66,25.46,26.29,25.9,25.05,25.15,25.75,25.63,25.98,25.53,26.08,25.41,25.33,26.11,26.88,28.48,27.99,27.1,26.18,25.97,25.7,25.76,25.35,26.36,25.72,26.52,26.56,26.94,26.65,26.49,26.47,27.12,26.39,25.99,26.79,25.37,25.58,25.03,25.8,25.4,25.65,25.15,25.6,24.8,26.06,25.78,27.61,28.73,29.52,26.73,26.25,26.14,26.44,25.41,25.82,25.63,26.22,26.55,26.07,26.13,26.2,26.4,26.5,25.96,27.76,26.61,25.66,25.98,25.43,26.13,25.37,25.4,25.46,25.48,25.87,26.27,25.45,27.36,28.69,30.22,29.48,26.15,25.81,26.25,26.22,26.03,25.55,26.17,25.65,26.68,26.67,26.62,26.29,27.22,26.62,27.23,26.82,25.9,25.62,24.83,25.15,26.0,25.93,25.4,26.18,25.7,25.49,25.56,26.06,27.03,28.88,29.73,29.37,25.67,26.08,25.68,26.12,26.07,26.43,25.43,26.61,26.38,26.25,26.09,26.67,26.5,26.67,26.81,27.39,26.86,26.12,25.32,25.4,25.65,25.93,25.58,25.0,25.88,25.71,26.1,25.33,27.11,28.37,28.35,27.29,26.04,25.76,25.68,25.78,26.36,26.1,26.45,26.03,26.4,26.41,26.79,26.71,27.02,26.95,27.57,26.49,26.64,26.34,24.22,26.13,25.86,25.75,25.46,25.81,25.56,25.48,25.59,26.4,26.81,27.81,27.54,27.36,25.41,25.75,25.92,26.33,26.4,26.3,25.88,26.64,26.44,26.4,25.77,26.31,26.1,27.24,26.0,28.5,25.74,26.14,25.16,24.91,25.47,25.58,25.7,24.88,26.15,25.93,26.31,25.52,26.67,26.41,26.4,26.65,26.63,25.84,25.87,25.73,26.55,25.9,26.25,26.21,26.59,25.79,26.53,25.45,27.5,26.92,27.65,26.9,25.79,25.83,25.11,25.44,25.55,25.97,26.11,26.35,25.68,25.87,25.99,26.04,26.16,26.26,25.68,26.36,25.92,25.95,26.14,25.95,26.12,25.94,26.13,26.63,26.29,26.75,25.98,26.45,26.82,26.6,27.67,28.71,26.88,26.17,25.55,24.76,26.05,26.18,26.26,25.51,25.73,25.35,25.03,24.95,26.28,25.89,26.44,26.15,25.98,25.95,26.04,25.69,26.6,25.81,26.65,26.05,26.12,25.85,26.3,25.86,27.0,26.74,27.24,26.59,26.12,26.26,25.15,25.26,24.81,25.9,25.29,25.76,25.55,26.07,24.96,25.69,25.5,25.84,25.21,25.89,25.7,25.85,25.76,26.35,25.96,26.12,26.09,25.87,25.59,25.99,25.77,26.52,26.25,27.72,26.46,27.84,27.81,26.65,24.96,25.28,24.97,25.69,25.91,26.01,25.58,25.28,25.48,25.18,25.61,24.68,26.38,25.05,26.14,25.76,26.17,25.41,26.09,25.91,25.91,25.89,25.79,24.93,25.32,24.33,26.5,26.82,27.35,27.23,26.22,26.21,26.03,26.75,25.26,25.82,24.65,25.75,25.74,26.15,25.34,25.88,26.0,26.13,24.74,25.38,25.3,25.83,25.09,25.8,25.78,25.85,25.2,26.62,25.12,25.99,25.03,26.51,26.57,26.35,26.63,28.97
2020-06-29 16:09:23.8742,0,27.72,27.31,23.78,25.65,23.12,23.99,23.73,25.49,24.91,25.67,25.25,26.07,25.86,25.43,25.07,26.28,25.75,25.92,26.5,26.71,25.31,26.05,25.88,26.17,25.6,27.25,26.97,27.49,27.63,28.01,27.18,29.43,27.89,24.46,25.46,26.1,24.37,24.53,24.75,25.18,25.58,25.06,25.78,25.62,25.81,24.9,26.39,25.42,25.92,25.4,26.52,25.95,26.46,26.39,25.92,26.41,26.95,25.23,26.88,26.33,27.73,26.36,29.22,30.09,25.96,25.91,25.16,26.18,24.74,24.19,24.08,24.87,25.49,25.27,24.61,25.36,25.42,25.34,25.72,26.25,25.53,26.32,26.35,26.14,26.15,25.6,25.78,26.35,25.65,26.36,26.52,26.96,25.62,27.35,27.52,27.79,26.12,24.94,25.83,24.2,24.96,24.16,25.2,24.61,25.13,25.11,24.98,24.88,25.83,25.19,26.0,25.13,26.08,25.97,25.94,25.48,25.93,25.97,26.06,26.83,26.36,25.03,26.07,26.45,26.94,25.25,26.31,27.67,26.07,26.61,25.14,25.28,24.92,25.78,24.79,25.52,25.28,25.57,25.64,25.4,25.27,25.74,26.1,26.11,25.83,25.8,25.9,26.23,25.66,26.03,26.02,25.94,25.77,26.92,25.96,26.25,25.64,26.26,25.78,28.09,26.73,25.92,25.59,24.46,24.89,24.6,25.04,24.55,25.81,24.8,25.48,25.2,25.52,25.05,26.33,25.64,26.01,25.17,26.69,25.57,26.25,26.21,26.46,26.09,26.39,26.24,26.5,26.56,26.77,25.75,25.77,27.58,25.98,26.47,24.63,25.72,25.1,24.96,24.29,24.48,25.48,24.99,25.44,25.44,26.15,27.13,26.53,26.25,25.71,25.57,25.58,26.37,26.44,26.34,25.79,26.69,26.41,26.29,26.5,26.87,26.31,26.22,26.83,27.03,26.96,25.48,25.23,24.89,25.67,25.13,25.31,24.99,25.42,25.75,25.9,25.95,26.77,28.49,27.59,26.61,26.19,25.88,26.0,26.07,26.28,26.34,26.38,26.25,26.38,25.92,26.0,26.45,26.42,25.84,27.37,26.67,25.18,26.28,24.63,25.11,24.81,25.2,25.11,25.36,25.41,25.63,25.15,26.1,26.96,29.19,29.37,28.97,25.72,25.78,26.04,25.86,25.4,26.73,26.13,27.14,25.75,26.16,26.39,26.75,25.68,25.92,26.59,27.74,25.87,26.22,25.97,25.02,26.29,24.98,25.48,24.75,26.13,25.39,25.65,25.4,27.34,27.82,30.0,29.5,26.65,25.75,25.87,26.07,26.06,26.43,26.0,26.46,26.53,26.1,27.0,26.52,25.92,26.15,27.31,27.33,25.97,25.58,25.34,25.8,24.55,25.42,25.49,26.05,24.76,25.59,25.45,25.75,25.78,26.95,28.78,29.09,26.11,25.93,26.31,26.0,26.26,26.02,25.92,26.64,26.41,26.73,26.66,26.54,26.6,26.64,26.95,26.1,26.91,26.98,25.74,25.43,26.08,25.58,25.44,25.03,25.14,25.51,25.48,25.03,25.63,26.22,28.59,28.8,27.08,25.53,25.97,26.54,25.81,25.65,26.52,26.35,26.26,26.22,26.88,26.0,26.84,26.17,26.65,27.05,26.2,26.01,25.62,26.27,25.42,25.5,25.03,25.17,25.41,25.75,25.69,25.7,25.71,26.76,28.28,28.59,26.25,26.34,25.76,25.86,25.26,25.34,26.24,26.53,26.3,26.56,26.7,27.04,26.65,26.77,26.67,27.1,26.38,25.82,26.75,26.04,26.2,25.93,25.4,25.52,25.24,25.37,25.59,25.54,26.32,27.67,29.33,29.23,27.15,26.22,26.3,25.67,25.58,25.51,25.82,26.82,26.1,26.51,26.38,26.83,26.98,26.1,27.64,27.63,25.95,26.06,25.39,25.91,24.8,26.15,25.64,25.46,25.47,25.86,25.64,26.25,26.67,28.48,30.29,30.17,26.4,26.06,25.94,26.01,25.21,25.63,25.63,26.49,25.77,26.78,25.99,27.08,26.96,26.5,27.44,27.37,26.13,24.97,25.79,25.62,26.28,26.45,25.41,24.99,25.9,25.04,26.46,25.94,27.38,28.02,30.25,28.89,26.39,25.87,26.13,26.0,25.86,25.7,26.14,26.38,26.83,25.89,26.36,26.02,27.38,26.25,26.69,27.43,26.37,25.82,24.87,26.37,25.53,25.81,24.96,25.99,24.85,25.59,25.66,25.95,26.69,28.44,28.52,27.85,25.43,25.84,25.86,26.06,25.93,25.88,26.11,26.46,26.63,26.06,26.01,26.6,26.16,26.53,27.1,27.25,27.25,25.67,25.56,25.69,25.74,24.95,26.34,25.94,25.9,26.02,26.01,26.18,26.99,27.11,28.29,27.24,25.68,25.72,26.59,26.21,26.69,25.76,26.64,25.96,26.55,26.15,26.72,26.59,27.01,26.35,28.29,27.16,26.19,25.84,25.87,25.28,25.19,25.88,25.31,26.33,24.96,25.34,26.08,26.18,25.71,26.71,25.87,26.63,25.5,25.93,26.07,26.34,26.01,25.67,25.9,26.44,25.97,26.43,26.27,26.77,25.99,26.64,26.81,28.26,26.63,25.14,25.16,24.97,25.72,24.69,26.26,26.35,25.57,25.63,25.87,25.69,26.88,25.5,26.5,26.24,26.72,25.72,26.02,26.03,25.57,25.92,26.82,26.27,26.79,26.49,25.72,26.18,26.7,26.94,27.37,28.95,24.88,26.25,25.42,25.86,24.98,25.91,25.29,26.09,25.09,26.12,25.26,25.91,25.37,25.88,25.76,25.7,25.42,25.51,26.15,26.26,25.67,26.05,26.15,26.43,25.19,26.41,26.32,26.98,26.22,27.48,27.3,27.49,26.0,24.5,26.14,24.6,26.12,24.36,25.88,25.91,26.08,25.17,25.7,25.44,25.15,24.8,26.23,26.11,26.48,25.61,26.1,25.99,26.08,25.87,26.61,25.87,25.87,25.87,26.11,26.7,27.13,27.59,27.55,27.7,25.69,26.53,25.43,26.33,24.49,26.4,25.16,25.89,25.17,25.44,25.36,25.72,24.59,24.81,25.64,25.93,25.53,25.64,25.43,26.05,25.58,25.79,25.51,25.78,24.78,25.42,25.52,25.24,26.56,25.95,26.98,28.52,27.2,25.34,26.9,25.43,25.14,24.32,26.14,24.82,25.33,25.03,25.49,25.21,25.75,24.6,25.13,25.38,26.05,24.83,25.48,25.93,26.04,24.91,25.78,26.06,26.19,26.02,25.24,25.68,27.36,26.99,28.11,27.5
2020-06-29 16:09:24.0019,0,26.39,27.42,24.69,26.22,25.75,23.92,24.73,25.95,26.43,25.79,26.69,26.48,26.94,26.23,25.87,26.12,26.66,25.51,26.2,26.27,26.28,26.45,25.84,26.6,27.02,27.03,27.46,27.79,27.51,27.84,29.6,31.48,26.38,28.0,25.8,26.44,24.31,24.3,25.2,24.81,24.65,25.92,25.76,26.42,25.52,26.08,25.2,26.32,25.91,26.41,25.7,26.47,26.98,26.92,26.33,27.13,27.22,26.98,26.64,27.0,26.82,28.39,28.47,30.24,27.53,26.02,25.67,25.33,25.54,24.81,25.27,25.29,26.16,25.52,25.78,24.96,26.27,25.95,25.72,25.4,26.24,26.8,25.98,26.13,25.9,25.97,25.89,26.06,26.77,26.48,26.96,26.07,27.7,26.9,27.92,28.95,27.74,25.51,24.98,25.27,24.75,25.09,25.61,25.32,25.12,25.49,25.23,25.75,26.3,25.9,26.35,26.06,25.97,25.97,25.82,26.31,25.69,26.45,26.31,26.28,26.89,26.31,26.5,26.25,27.06,26.84,28.33,29.23,26.61,25.93,25.63,25.4,25.5,25.6,25.19,25.5,26.28,25.18,25.4,25.52,25.61,25.41,25.32,26.01,25.84,26.24,25.57,26.34,26.35,25.68,25.89,26.31,26.68,26.23,25.94,26.52,26.41,27.39,25.7,27.1,25.63,26.82,25.18,25.44,25.16,25.47,25.02,25.73,24.82,25.66,25.25,26.01,25.42,25.71,26.01,26.29,25.81,26.03,26.05,26.35,26.37,26.1,26.34,26.09,26.12,26.75,26.04,26.83,26.73,26.7,26.47,27.29,26.68,25.84,24.25,24.69,25.95,25.78,25.2,26.02,25.95,25.46,25.45,25.66,26.27,27.65,27.45,26.36,25.63,25.99,26.0,26.69,26.66,26.67,26.02,26.0,26.77,26.54,26.62,26.56,27.65,26.65,27.13,27.7,26.52,27.05,24.86,25.49,25.79,24.98,25.43,25.62,25.54,26.43,25.81,26.17,27.08,28.7,28.59,27.52,25.63,26.09,26.02,26.18,26.4,26.77,26.28,26.82,26.02,27.02,27.3,26.57,26.84,27.35,26.45,27.7,26.92,25.53,24.91,25.53,26.3,25.19,25.6,25.96,25.07,25.74,25.69,26.22,27.55,29.31,30.12,29.18,26.69,26.08,26.35,26.46,26.7,26.24,26.56,26.83,26.78,26.75,26.77,26.6,26.95,26.34,27.04,27.51,27.22,26.34,25.31,24.99,24.92,25.76,25.96,26.07,25.47,25.19,25.97,25.93,27.08,28.87,29.67,29.52,26.3,26.06,26.08,26.38,26.37,27.13,26.23,26.58,26.2,27.04,26.87,26.64,26.32,27.0,27.27,27.45,27.31,26.89,26.4,25.61,26.13,25.54,25.85,25.46,25.53,26.13,24.76,26.06,26.18,26.69,29.16,28.84,26.31,26.41,25.95,26.4,26.57,26.72,26.35,26.44,27.07,26.39,26.41,26.65,27.14,26.9,26.75,27.05,27.2,26.59,26.32,26.15,25.15,25.96,25.91,25.85,25.47,26.15,25.4,25.75,25.75,27.07,28.7,28.91,26.57,26.29,25.62,26.75,26.6,26.15,26.43,26.36,26.48,26.34,26.38,27.13,26.95,27.27,26.77,27.66,26.67,26.29,25.74,25.94,25.93,26.0,25.26,25.4,25.95,26.29,26.0,25.82,26.49,26.78,28.57,28.79,27.28,26.37,25.87,26.26,26.24,25.85,26.15,26.85,26.63,26.45,26.82,26.53,27.32,26.46,27.28,27.55,25.81,26.45,25.82,26.31,25.55,25.93,25.99,25.76,25.58,25.59,25.5,26.15,26.34,28.25,29.27,29.69,26.91,26.98,26.14,26.25,26.08,25.92,26.14,26.53,26.99,27.2,26.5,27.21,27.1,28.05,26.94,28.57,26.25,26.01,25.04,25.73,26.52,26.01,25.28,26.16,26.12,25.87,25.65,26.27,27.45,28.6,30.66,30.74,26.7,26.64,26.44,26.7,26.62,26.15,26.16,27.04,27.01,26.9,26.36,26.54,27.78,27.35,27.72,26.98,26.07,26.3,25.29,26.04,26.79,26.19,25.88,25.94,25.59,26.01,25.97,26.26,27.4,29.06,30.27,29.09,26.42,26.08,26.06,26.69,26.17,26.22,26.05,26.71,26.84,27.29,26.22,27.18,27.21,27.96,26.81,27.21,27.04,26.29,25.64,26.34,26.61,25.93,25.82,25.99,26.1,25.6,26.09,26.06,27.59,28.84,28.82,27.97,26.23,26.25,26.17,26.87,27.17,26.31,26.44,26.68,27.43,26.29,26.66,26.85,27.31,27.55,28.07,27.54,27.0,26.33,25.68,25.81,25.58,26.42,26.21,26.06,26.02,26.14,26.34,26.51,26.62,27.71,27.64,27.46,25.7,26.23,25.92,26.73,26.4,27.41,26.1,26.52,27.02,27.11,26.84,26.99,26.39,27.39,27.21,27.45,27.07,26.51,25.16,25.56,25.75,26.42,25.96,25.67,26.03,26.16,25.64,26.19,26.87,26.93,26.7,26.14,26.53,26.25,25.98,26.46,26.23,26.01,26.02,26.44,27.2,26.8,26.25,26.17,26.89,26.45,27.11,27.82,25.4,26.38,25.95,25.59,25.4,26.39,26.11,26.21,25.2,25.51,25.87,26.59,26.26,26.37,26.41,26.04,26.43,26.36,25.82,26.15,26.02,26.26,26.48,26.86,26.41,27.0,26.69,26.3,26.66,27.85,28.03,28.33,26.46,25.97,25.0,25.98,26.36,25.72,26.4,26.07,25.98,25.61,25.38,25.91,25.48,26.22,26.1,26.37,26.97,26.29,25.7,26.15,26.25,26.64,25.76,26.92,27.3,26.67,26.44,26.32,26.67,27.77,27.42,27.6,26.12,27.45,25.7,25.43,25.28,25.74,25.71,26.32,25.8,25.93,25.2,26.05,25.96,26.29,26.23,26.11,26.15,26.85,26.21,25.64,25.72,26.36,26.47,25.86,26.4,26.82,25.61,26.67,26.25,27.54,27.26,28.26,27.55,26.21,25.35,25.67,25.98,25.02,25.91,26.32,26.27,25.83,26.14,25.31,25.86,25.68,25.64,25.8,26.62,26.12,26.17,25.79,25.96,26.3,26.31,26.6,26.22,26.29,25.64,26.21,26.68,26.63,28.74,28.07,26.2,27.87,25.41,26.74,25.78,25.3,25.77,26.68,25.73,25.86,25.61,25.74,26.26,25.37,25.49,25.88,26.16,26.56,25.86,25.93,25.38,26.65,25.9,26.62,26.46,25.83,26.2,26.67,26.38,26.54,28.22,29.61
2020-06-29 16:09:24.1299,0,26.01,26.31,26.87,25.21,24.91,24.41,25.01,24.88,26.08,26.36,25.77,25.44,25.95,26.08,26.39,25.42,25.84,26.03,27.14,25.83,26.68,26.85,26.11,25.63,26.97,26.64,26.65,27.53,26.91,26.83,29.72,25.04,26.93,27.77,24.58,25.71,24.62,24.41,24.48,25.58,25.07,26.18,25.6,26.53,25.91,25.67,25.58,26.7,26.03,26.01,26.22,26.58,26.29,26.48,25.42,26.49,26.57,26.94,27.12,26.57,27.15,28.51,26.86,33.13,28.22,26.63,25.39,26.42,25.99,24.6,24.93,24.8,25.99,24.83,25.63,25.21,25.9,25.46,26.19,25.64,26.59,26.32,25.97,26.0,26.75,25.71,25.87,25.9,26.02,26.45,25.95,26.19,26.57,27.21,28.04,25.91,26.36,24.51,25.3,26.13,25.53,24.39,25.44,25.58,25.24,25.47,25.85,25.99,26.3,25.66,25.41,26.06,26.2,26.09,26.06,26.18,26.05,25.59,25.51,26.26,26.87,26.42,26.63,27.01,26.32,26.77,26.31,27.63,26.51,26.65,25.2,25.35,24.99,25.57,25.59,24.66,25.13,25.68,25.87,25.76,25.39,25.75,26.21,25.79,26.06,26.25,25.79,25.67,26.11,26.03,25.88,26.55,26.13,26.49,26.92,25.27,26.04,27.01,26.42,26.79,26.97,26.15,24.78,25.21,24.38,25.43,25.42,25.45,25.56,24.54,25.6,25.89,25.11,25.71,25.91,26.61,25.61,25.61,26.17,26.57,26.04,25.99,25.75,26.68,26.24,26.73,25.88,26.2,26.38,26.48,26.97,27.41,26.03,25.41,24.53,24.98,25.33,25.06,25.44,25.24,25.83,25.8,25.67,25.67,26.07,27.06,27.66,26.89,26.14,25.8,26.42,25.77,26.34,26.58,26.02,26.46,26.4,26.4,27.27,26.4,26.69,26.14,26.17,25.96,27.2,25.17,24.5,24.81,25.49,25.36,24.79,25.35,26.12,25.64,25.71,26.61,26.7,28.81,28.02,27.33,25.84,25.71,25.84,25.89,26.31,26.15,26.18,26.82,26.5,26.4,25.97,26.68,27.11,27.0,26.92,27.27,26.31,26.0,25.65,24.72,25.32,26.24,25.46,25.22,25.97,25.75,26.11,25.92,27.47,29.14,30.69,28.92,26.14,25.54,25.88,25.9,26.02,26.86,26.46,26.62,26.55,26.75,27.01,26.72,26.63,26.01,27.49,27.11,26.82,26.11,25.12,25.87,25.99,25.61,25.47,25.58,26.03,25.73,25.99,25.94,26.63,28.51,30.05,29.63,26.6,25.79,26.2,26.2,26.2,26.16,26.14,27.55,26.43,27.03,26.36,26.36,26.16,27.26,25.89,27.9,27.43,26.16,26.2,25.12,25.71,26.05,25.84,25.58,25.76,25.82,25.58,25.88,26.1,27.36,28.82,29.23,26.7,26.16,25.97,26.05,25.91,26.45,26.46,26.24,26.41,26.28,26.64,26.64,26.56,26.59,27.18,27.18,26.28,25.18,25.67,25.81,25.54,26.07,25.44,25.61,25.38,25.84,25.42,25.86,26.05,26.54,28.55,28.75,26.5,26.13,26.11,26.49,26.05,26.07,26.14,26.58,26.82,26.11,26.01,27.25,26.66,27.1,26.73,27.93,26.09,26.75,26.15,25.62,26.04,26.25,25.86,24.94,25.85,25.57,26.22,25.64,25.85,26.9,28.77,28.46,27.3,26.48,26.45,26.0,26.16,25.96,26.37,26.04,26.74,26.11,27.42,26.9,26.88,26.59,27.55,27.01,26.11,26.06,25.04,25.69,25.54,25.28,25.75,25.52,26.12,25.18,25.82,26.26,26.37,27.62,29.38,29.81,27.11,26.27,26.08,26.08,25.91,26.13,26.26,26.64,26.99,26.63,26.62,26.69,26.94,27.04,26.41,27.54,26.72,25.78,25.78,25.7,25.43,25.74,26.23,25.22,25.91,25.36,25.77,26.28,26.99,28.43,30.42,30.04,26.44,26.39,26.55,26.43,25.94,25.97,26.48,26.52,27.35,26.67,26.98,26.79,27.33,26.89,26.84,26.77,26.56,25.55,25.57,26.46,25.98,25.65,26.36,26.05,26.03,25.81,25.88,26.27,27.43,28.8,30.39,29.29,26.07,26.65,26.37,26.61,25.9,26.03,25.97,26.72,26.73,26.71,26.09,27.16,27.19,27.07,27.09,27.66,27.15,26.76,24.95,24.9,25.48,25.78,26.18,26.11,25.99,25.72,26.31,26.39,27.31,28.39,29.31,28.28,26.05,25.98,26.18,26.69,26.47,26.22,26.66,25.82,26.62,26.77,26.77,26.83,26.98,26.92,27.67,27.14,26.4,26.44,25.32,26.4,25.84,26.66,25.71,26.42,26.02,25.59,25.93,26.09,27.23,28.21,28.14,27.76,26.02,25.76,25.85,26.84,26.82,26.61,26.33,26.86,27.02,26.74,27.09,27.24,26.66,27.2,27.33,27.74,26.62,25.71,25.44,24.54,25.57,25.7,26.2,26.56,25.79,25.93,26.42,26.2,26.26,26.53,26.81,26.36,26.13,26.27,25.88,26.16,26.13,26.12,26.59,27.03,26.57,26.8,26.08,26.29,26.54,26.73,27.94,28.31,26.49,24.81,24.89,26.04,26.4,25.93,26.1,26.46,26.04,25.86,25.88,26.81,25.96,26.48,26.22,26.88,26.35,26.06,25.83,26.58,26.57,26.04,26.13,26.62,26.16,26.85,26.81,26.71,26.63,26.55,26.89,28.44,25.96,25.9,26.39,25.41,25.22,25.84,26.65,26.05,25.71,25.98,25.38,25.67,25.94,26.12,26.21,26.38,25.87,25.63,26.83,26.27,26.48,26.17,26.51,26.42,26.23,26.24,27.0,25.52,27.11,26.52,27.54,27.12,26.25,26.36,26.01,26.25,25.89,26.01,25.7,26.72,25.54,26.17,25.33,25.8,25.74,25.26,25.9,26.23,26.04,25.84,25.76,26.92,25.96,26.23,26.08,26.36,26.11,26.79,25.89,27.09,26.71,27.13,27.39,27.29,26.93,26.11,25.67,25.01,24.22,25.14,25.86,25.52,26.38,26.5,26.26,25.04,25.97,25.05,26.24,25.67,26.49,26.12,26.16,26.42,26.2,25.76,26.29,26.72,25.46,25.66,26.42,26.17,26.79,27.13,27.45,26.78,25.78,26.32,25.74,26.07,25.56,26.09,25.42,26.33,25.86,25.98,25.87,25.99,24.96,25.73,25.24,25.87,25.79,26.06,25.85,26.04,26.41,26.36,25.61,26.44,25.54,25.95,26.49,27.13,25.96,26.07,27.83,29.4
2020-06-29 16:09:24.2581,0,26.39,24.48,26.25,25.08,24.41,23.53,25.07,26.11,25.5,26.09,26.25,25.9,25.98,25.95,25.87,25.98,26.13,25.77,26.75,25.7,26.14,27.58,26.46,26.44,26.54,26.35,26.72,26.83,27.28,27.84,28.46,30.19,25.96,26.31,26.92,26.65,24.67,24.65,24.52,25.63,25.84,25.03,25.47,26.15,25.38,25.69,25.72,26.85,26.03,26.29,26.1,26.34,25.35,26.09,26.76,26.53,26.75,26.98,26.63,27.18,26.81,26.73,27.6,28.54,25.5,26.02,25.08,25.33,25.87,24.63,24.35,25.28,25.33,25.25,24.86,25.47,26.03,25.58,26.2,25.51,25.89,25.6,26.22,26.25,26.76,26.09,25.35,26.74,26.06,26.47,25.99,26.57,26.99,26.7,26.25,27.9,26.48,26.17,26.13,26.02,25.4,24.93,24.57,25.61,25.38,25.62,24.97,25.25,24.99,24.95,25.29,25.6,25.61,26.2,25.81,26.43,25.92,26.09,26.56,26.55,26.05,27.03,26.18,25.42,26.36,26.47,28.33,27.51,26.4,26.92,25.27,24.33,25.04,25.44,25.05,25.08,25.53,24.92,25.52,25.04,25.17,25.51,25.65,26.0,25.95,25.91,25.57,25.66,26.0,25.56,26.74,26.3,26.81,25.55,26.08,26.06,26.74,25.69,26.91,27.98,25.42,25.45,24.64,25.27,25.0,25.61,25.02,25.6,25.67,25.53,25.71,25.43,25.52,25.82,25.68,26.29,26.01,26.14,25.94,25.91,26.36,26.1,26.34,27.17,26.37,26.23,26.89,26.83,26.73,27.19,25.88,26.48,25.72,25.09,25.09,24.85,25.22,25.21,25.59,25.5,25.48,25.68,25.12,25.66,26.58,27.14,27.95,26.46,25.73,25.58,25.9,25.96,26.02,26.13,26.14,26.22,26.53,26.15,26.35,26.69,27.04,26.17,26.77,27.14,24.83,25.97,24.69,24.05,24.93,25.93,25.55,25.24,25.53,25.08,25.69,25.85,26.68,28.11,28.68,27.81,25.72,25.89,25.81,26.08,26.18,26.35,26.49,26.94,26.13,26.77,26.37,27.81,27.28,26.58,26.96,27.34,26.92,26.39,25.86,25.06,25.07,25.05,25.84,25.59,25.75,25.41,25.9,25.8,26.79,29.02,30.49,29.45,26.41,26.17,25.67,25.87,25.91,26.34,26.45,26.49,26.33,26.5,27.28,27.12,26.66,26.18,27.21,26.98,26.87,25.83,25.62,24.99,25.19,25.63,25.34,25.71,25.47,26.26,25.55,25.62,26.41,28.22,30.2,29.8,26.57,25.96,25.88,26.47,26.17,26.15,26.64,26.9,26.64,26.69,26.48,26.64,26.46,26.86,26.93,27.79,26.62,26.2,25.61,25.3,25.86,25.92,25.97,25.34,25.97,25.28,25.47,25.86,26.47,26.96,29.07,29.11,26.77,26.13,26.33,26.49,26.18,26.33,26.76,26.54,25.86,26.49,26.16,26.0,26.44,27.31,27.39,27.05,25.27,26.76,25.54,25.4,25.15,25.96,25.67,25.73,25.9,25.94,25.19,25.75,25.83,26.89,28.25,28.1,27.1,25.74,25.89,26.0,26.31,26.83,26.22,26.36,26.8,26.23,26.13,26.88,27.63,27.13,27.08,27.17,25.98,25.95,25.74,25.19,26.06,25.49,25.86,25.75,25.52,25.55,25.9,25.42,26.02,26.87,28.39,28.88,27.37,26.08,26.24,26.16,25.76,25.84,26.15,26.23,26.85,26.21,26.57,26.65,27.73,26.6,27.28,27.05,25.8,26.11,24.9,26.02,25.67,25.42,25.63,24.83,26.0,25.49,25.5,25.96,26.15,27.51,29.17,29.52,26.9,26.16,26.23,26.34,25.4,26.11,26.03,26.32,26.54,26.52,26.37,26.57,26.95,26.92,26.61,27.92,26.07,25.83,26.28,25.42,26.12,26.0,25.64,26.04,25.59,25.87,26.06,25.95,26.59,28.77,30.58,30.01,26.52,26.17,26.34,26.31,26.12,25.84,26.06,26.39,26.68,26.43,26.61,27.44,27.22,26.9,27.39,26.98,25.71,26.82,25.9,24.99,25.32,25.93,25.76,25.94,25.47,25.59,25.86,26.06,26.83,29.15,30.18,28.81,26.22,25.8,26.15,26.5,26.36,26.12,26.36,26.6,26.83,26.6,26.47,26.66,26.63,27.39,26.8,27.04,25.58,26.11,25.48,25.4,26.06,25.79,25.82,25.98,26.21,25.37,26.09,26.27,26.91,28.07,28.82,27.58,25.65,25.85,26.46,26.37,26.05,26.1,26.77,26.46,26.97,26.17,26.66,26.84,27.02,27.69,27.22,27.18,26.99,26.15,25.35,25.97,25.99,26.28,25.95,26.18,25.32,26.69,25.8,25.77,26.61,27.61,27.73,27.46,25.79,26.04,26.21,26.03,26.49,26.5,26.32,26.74,26.43,26.51,26.56,26.85,26.98,26.63,26.68,27.8,26.31,25.02,25.66,24.74,26.18,25.85,25.96,26.31,25.91,25.92,25.98,25.52,26.77,26.51,26.6,26.23,26.12,25.84,26.39,26.35,25.91,26.43,26.36,25.49,26.59,26.16,26.53,25.88,26.89,26.91,27.47,27.26,25.78,24.13,24.41,24.93,25.54,25.53,25.97,25.55,25.8,25.75,25.87,26.59,25.4,26.58,26.3,26.35,25.91,25.94,26.34,25.94,25.9,26.04,26.47,26.98,26.65,26.87,26.25,27.17,27.43,27.07,28.02,27.95,26.87,25.37,26.45,25.28,25.42,26.02,26.12,25.64,25.47,25.73,25.14,25.42,25.94,26.1,26.1,26.03,25.65,25.62,25.81,26.03,26.48,26.39,26.27,26.41,26.11,26.66,26.74,26.16,26.34,27.25,27.42,26.58,26.11,26.05,26.06,25.79,25.6,25.58,25.99,26.6,25.8,25.55,25.44,24.83,25.72,25.84,25.88,26.68,25.8,25.95,25.75,26.46,26.31,26.24,26.59,25.86,25.99,25.71,25.76,27.14,26.74,27.54,26.86,27.83,26.07,25.76,25.35,25.86,24.96,25.51,26.22,25.85,25.71,25.41,25.21,25.04,25.09,25.67,25.88,25.67,25.41,25.63,25.92,25.66,25.96,26.3,25.49,26.17,25.49,25.83,24.98,24.66,27.57,27.0,29.67,27.78,26.76,26.2,25.6,27.33,25.08,26.32,25.77,26.06,25.01,26.29,25.74,26.14,25.73,24.98,25.74,25.75,25.54,26.93,25.47,25.8,26.28,26.11,25.75,25.75,26.3,25.99,25.69,26.33,26.01,26.15,28.22,27.97
2020-06-29 16:09:24.3867,0,25.56,27.98,25.87,24.99,24.55,25.72,25.21,25.39,25.64,26.37,26.38,26.03,26.11,26.08,26.42,25.97,26.0,26.69,26.2,26.11,26.56,26.86,26.13,27.19,26.51,26.65,27.59,26.78,27.42,27.7,28.63,32.3,28.16,26.79,27.5,25.94,25.91,24.44,24.49,25.11,25.23,25.46,25.74,26.01,26.45,26.09,26.37,26.46,26.41,25.91,25.83,26.47,26.7,25.25,25.57,26.37,27.19,26.47,26.05,26.59,27.77,28.06,29.49,29.84,25.64,27.11,26.21,25.46,25.17,25.6,24.64,25.71,25.04,25.38,25.78,25.98,25.8,25.95,26.33,25.76,26.02,26.44,26.72,26.13,26.28,26.59,26.03,26.18,26.48,26.6,26.45,26.53,26.42,27.22,26.12,26.64,26.87,25.43,26.27,25.41,26.35,24.58,25.0,25.31,25.11,25.49,25.48,25.51,26.07,26.15,25.42,26.66,26.78,25.76,25.83,26.44,26.41,26.34,26.04,26.28,26.6,26.87,26.47,26.22,26.84,26.61,26.8,28.23,25.69,26.05,25.22,25.0,24.09,25.57,24.76,25.49,24.77,25.68,25.41,25.53,25.63,25.64,25.67,26.02,25.97,27.02,26.48,26.46,26.48,26.04,26.87,26.43,26.02,26.76,26.07,26.19,26.38,27.01,26.65,27.46,27.58,26.37,25.66,25.06,25.59,25.31,25.01,25.47,25.8,25.18,25.84,25.57,26.08,26.06,26.67,26.74,26.25,25.42,26.18,26.48,26.6,26.01,25.99,26.34,26.88,26.1,26.88,26.52,27.17,27.0,26.98,27.23,26.24,25.97,25.56,24.99,25.21,25.9,24.81,25.11,25.73,25.92,25.69,25.56,26.09,27.47,28.88,27.39,25.66,26.41,26.64,26.4,26.15,26.58,26.04,26.7,26.66,26.78,26.62,27.11,27.17,27.25,27.44,26.9,26.28,24.46,24.83,25.47,26.06,25.52,24.79,25.25,25.89,25.67,25.61,25.87,26.6,28.24,29.67,28.82,26.72,25.73,25.94,26.11,26.62,26.38,25.96,26.5,27.09,27.03,26.9,26.7,27.11,26.72,27.1,26.75,26.34,25.65,25.04,25.35,25.48,26.11,25.11,25.96,25.66,25.76,25.71,26.23,27.01,29.05,30.98,29.57,27.01,26.58,26.0,26.29,26.04,26.56,27.01,26.95,26.46,26.4,27.03,26.86,25.94,26.61,27.85,27.47,27.53,25.8,26.06,25.43,26.26,25.63,25.72,25.61,25.71,25.86,26.09,26.16,27.2,27.69,30.14,29.92,26.98,26.28,25.92,26.7,26.97,26.38,26.14,26.71,26.66,26.47,26.62,26.51,26.02,26.26,27.39,27.42,26.58,26.33,25.59,25.59,25.07,25.79,25.14,26.05,25.45,25.93,25.7,25.79,26.22,27.0,29.38,29.05,26.08,26.35,26.37,26.62,26.02,27.23,26.37,26.66,26.54,26.97,26.42,26.52,26.72,26.74,27.04,26.52,26.98,25.54,25.68,25.53,26.32,25.45,26.04,26.1,26.56,25.44,25.42,25.88,26.34,26.56,28.29,28.95,27.4,26.24,26.02,26.23,26.24,26.77,26.45,26.5,26.71,26.36,26.87,26.76,27.49,26.84,27.22,27.31,25.42,26.92,25.72,26.07,25.8,26.25,25.04,25.64,26.19,26.2,26.04,25.65,26.05,27.37,28.61,28.73,26.86,26.67,26.01,26.29,25.6,26.55,26.39,26.36,26.54,27.59,27.32,26.65,27.31,26.31,27.09,27.68,26.97,26.25,26.1,26.45,26.32,25.81,26.23,26.01,26.44,26.04,26.03,26.28,26.74,27.55,29.65,29.56,27.12,26.01,26.45,26.38,26.3,25.76,26.06,26.35,26.89,26.88,26.62,26.83,27.36,26.92,27.39,26.74,26.03,26.3,25.8,26.15,25.46,26.64,25.77,26.29,25.93,25.89,25.89,26.18,26.92,28.99,30.35,30.41,26.65,26.3,26.09,26.72,26.06,25.87,26.4,26.52,26.36,27.25,26.75,26.67,27.49,26.75,27.2,27.79,27.27,26.27,26.49,25.13,26.12,25.03,26.01,26.31,26.04,25.62,26.5,26.5,28.0,28.64,30.48,29.49,26.35,26.21,26.47,26.34,26.39,26.15,25.97,26.09,26.73,26.73,26.35,26.67,27.48,27.09,26.94,27.86,26.63,27.12,25.13,26.0,26.06,25.92,25.46,25.86,25.67,25.72,26.23,26.5,27.04,28.58,28.38,28.38,25.97,26.17,26.59,26.5,26.28,26.33,26.57,26.59,26.41,27.01,26.53,26.84,27.59,27.07,27.36,27.84,27.5,27.35,25.33,25.48,26.4,25.88,25.21,25.32,25.8,25.83,26.15,27.06,27.53,27.45,27.47,27.1,26.41,25.88,26.15,26.16,26.21,26.32,26.34,26.44,27.14,26.65,26.7,26.44,27.11,27.52,26.82,28.11,26.45,26.08,25.63,25.04,25.74,26.12,25.96,26.31,25.46,26.97,26.11,25.87,26.28,27.16,27.04,26.97,26.66,26.47,25.8,26.37,26.36,26.56,26.5,27.49,26.84,27.43,26.94,25.87,26.71,27.67,27.43,27.77,26.5,26.15,25.92,25.07,26.55,26.67,26.9,25.82,25.81,25.88,26.11,26.28,26.7,26.39,26.43,26.18,26.25,25.87,26.26,26.08,26.57,26.18,26.37,26.29,26.16,26.75,26.11,26.88,27.41,26.57,27.8,28.28,25.78,26.1,24.95,25.59,26.03,26.61,26.25,26.61,25.73,25.86,25.52,26.15,25.73,26.12,26.35,26.16,26.44,26.08,26.06,26.16,26.62,26.52,26.53,26.29,26.78,26.25,26.43,27.53,25.98,27.21,27.37,27.13,26.47,26.39,25.65,26.1,26.53,24.94,25.41,26.32,25.93,25.3,25.21,26.07,26.2,25.86,26.02,26.48,26.05,26.09,26.0,26.48,26.68,25.53,26.47,26.64,26.25,25.29,25.9,26.65,26.71,27.33,27.4,26.67,26.21,27.0,25.7,25.8,25.1,25.98,25.73,25.98,25.71,26.37,25.88,25.83,25.48,26.18,26.02,25.92,25.66,26.36,25.93,26.42,25.71,26.3,26.58,26.45,25.77,25.97,25.78,26.51,26.46,27.69,27.48,29.06,27.2,25.63,25.35,25.7,26.26,25.95,25.59,25.25,26.01,25.86,25.47,25.88,25.87,24.87,25.37,25.64,26.05,25.84,25.99,26.45,26.42,25.71,25.75,26.47,26.74,25.21,25.83,25.61,26.15,26.1,27.84,28.13
2020-06-29 16:09:24.5149,0,27.98,26.31,25.59,25.44,24.53,24.79,24.33,24.71,26.09,25.62,25.64,25.6,26.1,26.49,26.0,25.84,26.25,25.77,26.19,26.4,26.26,26.29,26.43,25.17,27.14,26.48,27.76,25.23,28.11,28.54,28.59,29.04,29.35,26.43,24.81,26.56,24.07,24.96,24.15,25.43,25.68,25.89,25.18,26.13,26.18,25.81,26.11,25.79,26.29,25.77,26.5,26.73,26.57,26.08,25.43,27.1,26.73,26.95,26.59,27.12,27.77,27.09,25.08,28.09,27.08,26.87,25.0,25.27,25.66,23.77,25.7,24.66,25.73,25.11,25.37,25.34,25.54,25.71,26.2,25.65,26.6,26.57,26.59,25.52,26.51,25.97,26.69,25.49,26.75,26.01,26.6,26.03,27.64,26.27,27.49,27.34,25.87,25.63,24.92,25.77,25.54,25.37,24.56,25.01,25.38,25.22,24.59,25.87,25.84,26.14,25.66,25.72,25.86,26.56,26.06,25.84,26.41,26.21,25.91,25.74,25.77,26.43,26.16,26.37,25.81,27.14,26.08,27.35,26.94,26.26,25.75,24.47,25.01,25.12,25.46,24.26,25.52,24.43,25.64,25.65,25.51,25.76,26.22,26.13,25.86,25.71,26.36,25.91,26.58,26.16,26.38,26.44,26.67,26.63,26.5,25.73,26.7,26.84,27.23,25.9,26.98,25.97,25.14,25.05,25.44,25.3,25.01,25.59,25.56,25.29,25.15,26.36,25.33,26.69,26.14,26.41,26.15,25.73,25.86,25.81,26.94,25.66,25.76,26.45,26.63,26.35,25.88,26.51,26.07,26.65,26.41,27.82,26.04,25.79,26.21,24.99,25.05,25.63,25.58,25.12,25.6,25.47,26.34,25.9,26.49,27.17,29.17,27.4,26.05,26.32,26.63,26.2,27.21,25.94,26.03,26.7,26.89,26.41,27.14,26.97,26.7,26.15,26.72,26.72,26.09,25.91,25.32,25.14,25.35,25.37,24.79,25.74,25.78,25.54,25.08,26.08,26.51,28.13,29.97,29.39,26.34,26.31,25.75,26.91,26.42,26.47,25.97,26.49,26.39,26.53,26.64,26.97,26.66,26.7,26.75,27.46,26.68,25.48,25.66,25.51,25.33,25.31,24.85,25.72,26.32,25.43,26.02,25.93,26.53,28.49,30.79,29.76,26.81,26.21,26.47,25.81,25.84,26.67,26.47,26.63,26.57,26.52,26.89,25.8,26.93,26.17,27.33,26.6,27.18,25.44,25.6,25.27,25.59,25.36,25.48,25.72,25.71,25.85,25.48,25.95,26.07,27.5,29.43,29.64,26.7,26.09,25.35,26.21,26.3,26.47,26.25,26.6,26.66,27.39,26.37,26.76,26.73,27.13,26.9,27.74,27.78,26.34,25.27,24.82,25.32,25.41,25.97,25.24,25.77,25.3,25.79,25.49,26.21,26.35,29.1,29.05,27.16,26.26,26.08,25.96,26.59,26.36,26.67,26.77,26.53,26.17,26.53,26.01,27.12,26.88,27.19,26.35,26.28,26.04,24.75,25.97,25.94,26.34,25.8,25.63,25.82,25.96,25.33,25.97,26.25,26.73,28.65,28.85,26.96,26.14,26.03,26.78,26.15,26.57,25.94,26.91,26.72,26.69,26.02,26.75,27.08,27.39,26.73,27.46,25.75,26.76,25.86,25.33,26.18,26.26,25.75,25.53,25.97,25.79,25.32,25.25,26.23,27.56,28.96,28.74,27.49,26.03,26.36,26.1,26.55,25.97,26.07,26.05,26.2,26.69,27.19,26.27,27.03,26.17,27.73,27.18,26.46,26.74,26.1,25.85,26.06,25.8,25.76,26.34,25.38,25.82,25.63,26.28,26.1,27.82,29.21,29.64,26.94,26.37,26.0,26.0,25.82,26.43,25.65,26.34,26.23,26.64,26.25,27.33,26.53,26.91,26.74,27.38,27.61,26.82,25.94,25.41,26.25,25.75,26.48,26.29,25.71,26.0,26.18,26.09,27.1,29.08,30.78,29.96,26.55,26.31,26.47,26.16,26.05,25.87,26.39,26.1,26.69,26.91,26.99,26.41,28.19,27.04,26.19,27.11,26.21,26.25,25.57,26.17,26.26,25.53,25.77,26.53,25.72,25.93,26.2,26.08,27.34,29.0,30.3,29.3,26.17,25.83,26.47,26.34,26.2,26.44,26.08,26.62,26.17,26.83,25.84,26.91,26.91,26.79,27.1,27.5,27.16,25.0,26.08,25.22,26.18,25.52,25.7,25.87,25.89,25.94,26.54,25.77,26.93,28.39,28.94,28.19,25.77,25.79,26.39,26.5,26.78,26.53,26.46,26.26,26.98,26.18,26.38,26.16,26.55,26.92,27.34,27.32,28.03,25.92,24.84,25.31,25.99,26.0,24.84,26.3,26.26,25.82,26.26,26.42,26.54,27.93,27.66,27.38,26.03,26.16,25.76,26.45,26.32,26.31,26.34,26.65,26.22,26.27,26.03,27.25,26.96,27.66,26.99,27.92,27.19,25.9,25.28,25.37,25.87,25.42,25.95,25.4,26.39,26.4,26.43,25.65,26.79,26.75,26.93,26.36,26.14,25.97,26.2,26.17,25.82,26.13,27.06,26.57,26.95,26.55,26.65,25.58,26.85,26.89,28.48,26.65,25.53,26.51,24.72,26.05,25.97,26.79,25.44,26.6,26.29,26.22,26.23,26.38,26.81,26.7,25.81,26.27,26.05,25.86,25.84,26.07,26.36,26.05,26.02,26.4,26.66,26.22,25.96,27.3,26.79,26.72,27.62,27.7,27.0,25.5,25.85,25.41,26.01,25.69,25.96,25.64,25.85,26.11,25.02,25.67,26.4,26.12,26.11,26.17,26.21,26.19,26.16,25.71,26.61,26.64,26.77,25.92,26.76,25.98,26.56,26.45,27.45,27.9,28.13,27.94,27.1,26.57,24.9,26.44,25.1,26.02,25.27,26.16,25.93,25.93,25.21,25.69,25.74,26.19,26.02,26.24,25.72,25.96,25.42,26.47,26.33,26.48,26.21,27.14,26.66,26.53,26.05,26.79,26.71,28.18,27.2,28.6,27.43,27.44,25.88,25.41,24.74,25.98,25.72,25.52,25.7,25.69,25.87,25.44,26.11,25.56,26.37,26.05,26.38,25.89,26.04,26.17,26.34,26.83,25.75,25.45,26.63,25.36,25.6,26.0,26.8,26.95,26.99,27.35,27.46,28.23,26.15,25.68,25.39,25.93,25.43,25.23,25.44,26.27,24.79,25.86,25.61,25.36,24.99,25.88,25.55,25.95,25.6,25.66,26.29,26.37,26.45,26.74,25.7,26.11,25.16,26.28,26.33,26.66,27.03,30.38
2020-06-29 16:09:24.6431,0,25.44,26.2,25.5,25.33,25.01,25.05,24.58,24.77,26.3,26.41,26.42,26.2,25.58,26.24,26.71,25.45,26.55,26.05,26.5,25.72,26.3,26.89,26.78,26.15,27.37,26.87,26.74,26.28,26.82,27.58,28.5,28.94,27.63,25.65,24.47,26.25,24.32,24.5,24.54,25.16,24.66,25.79,25.63,26.17,25.8,26.37,25.73,26.74,26.17,26.31,26.51,26.36,25.91,26.81,25.46,26.55,27.7,27.33,26.83,26.48,27.87,28.18,28.5,30.84,26.4,26.04,26.49,25.54,24.88,25.32,25.14,24.69,25.07,25.26,25.54,24.84,26.17,25.59,26.58,25.89,26.27,26.33,26.25,26.02,26.04,25.73,26.05,26.07,26.37,26.49,26.66,27.09,26.12,27.29,27.4,27.23,26.76,25.97,25.39,26.41,24.93,24.79,24.59,25.78,24.99,24.72,25.62,25.89,26.07,25.92,25.77,26.43,26.67,26.11,26.65,26.45,26.3,26.23,26.06,26.17,26.76,26.19,26.05,26.76,27.42,26.32,27.16,28.4,26.43,25.94,25.47,24.89,25.21,25.16,25.21,25.24,25.04,25.19,25.3,25.3,25.52,25.98,25.9,25.91,25.75,26.04,26.04,25.79,26.48,26.16,26.28,26.44,25.64,26.51,26.98,26.08,26.27,26.73,26.93,27.79,26.26,25.67,24.84,25.98,25.02,25.49,25.04,25.62,25.2,25.19,25.38,26.48,25.32,26.27,25.91,26.52,25.82,25.63,25.96,25.82,26.38,25.78,26.35,26.71,27.03,26.51,26.63,27.0,26.43,27.21,27.44,26.91,26.89,25.86,25.61,25.04,25.53,25.79,25.48,25.26,25.38,25.35,25.58,25.9,26.39,27.16,29.17,27.99,25.75,25.7,26.23,26.08,26.04,26.26,26.83,26.12,26.43,27.04,27.18,26.0,25.83,26.67,27.15,27.53,26.54,25.44,24.88,25.83,24.95,25.55,25.7,25.77,25.9,25.67,24.85,26.19,26.39,28.23,30.24,29.78,26.22,26.51,26.03,26.91,26.1,26.27,26.07,26.62,26.74,26.67,26.13,26.73,26.25,26.91,26.46,28.08,25.86,25.71,25.41,24.61,25.37,25.73,25.49,25.36,26.22,25.75,26.13,25.92,26.33,28.0,30.33,29.74,26.52,26.0,26.08,26.28,25.83,26.45,26.16,26.29,26.12,26.64,27.04,25.95,26.54,26.65,27.57,27.18,26.54,26.19,25.95,25.32,25.07,25.12,25.85,26.57,25.48,25.32,25.47,25.95,25.96,27.3,30.04,30.09,26.59,26.36,25.71,26.4,26.28,26.56,26.34,26.6,26.44,26.24,26.76,26.79,26.19,26.73,26.45,28.15,26.81,26.39,25.48,25.47,25.62,25.68,25.51,25.82,25.34,25.29,25.59,25.87,26.2,26.33,29.0,28.58,26.79,26.69,26.35,25.84,26.49,26.34,26.57,26.77,26.98,27.08,26.55,27.18,26.47,27.05,26.77,26.4,26.69,25.77,26.03,25.87,25.69,25.21,25.21,25.99,25.81,25.96,25.61,26.16,26.14,26.72,28.53,28.75,26.66,26.22,26.1,26.96,26.23,25.98,26.75,27.34,26.38,26.47,26.15,26.78,26.83,26.59,27.1,27.85,26.52,26.81,25.46,25.66,26.21,26.27,25.53,25.07,25.33,26.09,25.82,25.63,25.85,27.17,28.5,28.8,27.03,26.74,26.35,25.99,25.88,26.05,26.17,26.45,26.1,26.69,26.46,26.67,26.93,26.48,28.6,27.07,26.34,26.3,25.68,25.45,25.3,25.44,25.29,26.35,26.23,26.03,25.62,25.98,26.17,27.72,29.46,30.42,27.19,26.36,26.06,25.99,26.19,25.94,26.25,26.55,26.01,26.43,27.13,26.98,27.38,26.95,26.63,27.61,25.74,26.53,25.22,25.29,26.01,26.02,25.9,25.59,25.61,25.78,25.88,25.87,27.18,28.33,30.33,29.85,26.54,26.1,26.46,26.42,25.75,25.96,26.9,27.15,26.7,27.14,27.27,26.82,27.1,27.07,28.56,26.83,26.27,26.84,25.92,26.07,26.81,25.43,25.9,26.43,25.82,25.72,25.37,26.69,27.04,29.08,30.19,29.11,25.96,25.91,26.64,26.14,26.48,26.14,26.17,26.3,26.28,26.62,27.13,27.33,26.79,27.56,27.65,27.91,26.15,26.48,25.98,25.57,26.49,25.81,25.85,25.88,25.9,25.5,26.54,26.08,27.42,28.38,28.93,28.17,25.96,26.16,26.58,26.39,26.38,26.42,26.57,26.37,26.65,26.9,27.87,25.63,26.6,27.26,27.76,26.68,27.74,25.29,25.21,26.15,25.6,26.17,25.85,25.95,26.03,25.61,26.03,26.42,27.02,27.93,27.55,27.48,25.81,25.86,26.23,26.35,26.1,26.82,26.22,26.1,26.22,26.78,26.85,27.96,26.7,27.26,27.57,28.0,26.53,25.6,25.68,25.09,25.48,25.87,26.5,26.07,25.94,25.35,26.11,25.87,26.27,26.32,26.93,26.56,26.35,25.85,27.14,26.26,26.15,26.02,26.16,26.22,26.73,27.07,26.69,26.76,26.6,26.93,28.03,27.84,26.57,25.47,25.12,25.12,25.42,25.84,25.99,26.23,25.94,25.77,25.32,26.72,26.27,26.6,26.0,25.75,26.24,26.07,25.73,26.28,26.03,26.28,26.14,27.0,26.8,27.15,26.56,26.47,26.99,26.93,26.96,28.91,26.9,24.99,25.75,25.47,25.76,26.19,25.71,26.22,26.13,25.62,25.77,25.44,25.73,25.9,26.9,25.6,26.22,25.74,26.29,26.39,26.04,26.06,26.67,26.18,27.06,26.41,27.66,26.65,26.53,27.27,27.84,27.62,26.56,25.67,25.35,25.99,25.46,26.07,25.87,26.77,25.43,26.21,25.22,25.95,25.63,25.29,26.02,26.25,26.16,26.31,25.77,26.14,26.92,26.14,26.48,26.01,25.87,25.59,25.63,27.16,26.76,27.56,26.48,27.64,27.09,27.11,26.37,25.69,24.81,25.04,26.24,25.25,25.18,25.71,25.64,25.85,26.13,25.57,25.66,25.81,25.79,25.53,26.07,25.93,25.85,26.05,26.33,26.05,25.66,25.4,26.0,26.06,26.52,26.83,27.84,28.94,26.51,26.95,25.43,26.18,25.97,26.01,25.15,25.61,26.18,25.32,25.36,26.3,26.01,25.77,25.51,26.03,26.3,25.6,25.62,26.21,26.31,26.54,25.78,27.5,25.58,26.16,25.04,26.53,26.4,25.99,28.52,30.93
2020-06-29 16:09:24.7713,0,27.9,25.36,27.3,25.34,23.85,23.94,25.1,25.29,25.83,25.66,25.83,25.78,26.27,25.3,26.44,26.01,26.15,26.06,26.08,26.43,25.88,26.33,25.71,26.16,27.53,26.38,26.56,26.67,28.25,26.73,30.21,28.29,25.59,26.68,26.73,25.83,24.15,24.5,23.87,25.65,25.72,25.65,25.35,26.31,25.68,26.11,25.48,25.95,25.41,25.54,25.86,26.09,25.51,26.67,26.5,26.7,25.53,26.68,26.66,27.03,27.26,27.24,28.51,27.44,27.28,25.08,26.29,25.55,25.39,24.33,24.53,24.7,25.9,25.27,25.27,25.88,26.17,25.73,25.98,26.14,26.85,25.98,26.49,25.91,26.04,26.11,26.05,26.35,26.51,26.65,26.5,26.09,28.07,27.3,27.4,27.59,25.51,26.2,24.43,25.48,25.27,25.11,24.6,25.05,24.73,24.72,25.25,25.64,26.32,25.8,26.25,25.62,25.64,26.69,26.08,26.68,26.07,26.72,26.06,26.31,25.94,27.33,26.21,26.6,26.05,27.23,27.17,28.12,26.85,24.34,25.47,25.77,25.98,24.71,25.78,24.97,25.67,24.57,25.65,24.95,25.96,25.54,25.67,26.03,26.08,25.72,26.37,26.14,26.25,25.59,26.03,26.08,26.7,26.39,26.68,26.85,26.92,25.38,26.13,25.79,26.06,26.46,24.32,26.15,24.88,25.19,24.21,25.09,25.46,26.04,25.51,25.68,25.01,26.05,26.36,26.95,25.83,25.84,26.07,26.15,25.72,25.78,26.6,26.71,25.62,26.64,26.49,27.0,25.64,26.88,27.07,26.71,26.32,26.42,25.78,24.88,25.24,25.52,25.48,25.14,25.86,25.82,25.47,26.02,26.39,26.96,29.17,28.19,26.35,25.81,26.33,25.99,26.89,26.05,26.49,26.83,27.03,26.56,26.5,26.58,26.76,26.67,26.97,27.36,26.17,25.63,25.05,25.2,25.24,25.82,24.81,25.89,25.79,26.0,25.61,25.87,26.3,28.42,30.44,29.39,26.13,26.8,25.74,26.2,26.31,26.58,26.41,27.18,26.04,26.55,26.53,27.42,26.56,27.52,27.17,28.26,26.58,25.55,25.09,25.24,26.18,25.34,25.49,25.74,25.54,25.65,25.81,25.72,27.18,27.92,30.32,29.66,26.61,25.91,26.08,26.0,25.83,26.46,26.47,26.19,27.14,26.53,26.91,27.02,26.54,26.81,27.23,27.02,26.19,26.53,24.71,25.63,24.94,25.52,25.37,25.85,25.38,25.53,25.99,26.05,25.78,27.58,29.87,29.72,26.6,26.54,26.38,26.11,25.91,26.76,26.56,26.92,26.33,26.59,26.64,26.53,26.2,26.74,26.3,27.3,26.46,25.38,25.64,25.33,25.22,25.17,25.99,25.72,25.88,25.62,25.59,25.68,25.63,26.62,28.91,28.95,26.87,26.06,25.79,26.23,26.59,26.16,26.06,26.24,26.65,26.52,26.8,26.67,27.02,26.92,27.25,26.41,25.83,26.45,25.26,26.02,25.57,25.98,25.1,25.99,25.6,26.37,25.02,26.16,26.15,26.81,28.28,28.3,26.94,26.22,26.11,26.4,25.95,26.66,26.35,26.17,26.5,26.93,26.16,26.39,27.11,26.45,26.63,27.03,26.69,25.98,25.76,25.07,26.21,25.26,25.16,25.19,26.29,25.06,25.72,25.35,26.13,27.27,28.95,28.01,27.3,25.92,26.54,26.0,25.87,26.06,26.69,26.57,26.43,26.81,26.84,25.91,27.34,26.77,27.14,27.41,26.01,26.98,25.69,26.04,25.57,25.95,25.65,25.89,25.38,26.24,25.72,25.88,25.99,27.99,29.91,29.98,26.93,25.71,26.16,26.45,25.53,26.23,25.85,26.76,26.68,26.77,26.4,27.23,26.98,27.09,26.31,28.27,26.63,25.34,26.15,25.0,26.41,25.77,26.02,25.83,25.82,25.47,26.38,26.29,27.18,28.25,30.86,30.13,26.44,25.74,26.74,26.53,25.85,25.77,26.18,26.31,26.81,26.11,27.01,26.44,28.08,26.06,27.58,27.51,26.1,27.18,25.78,25.92,25.88,25.95,25.9,25.96,25.5,25.82,25.68,26.08,26.95,29.54,30.56,29.11,25.97,26.19,26.36,26.52,26.09,26.24,25.97,26.52,26.52,26.97,26.24,26.55,27.09,26.83,26.83,27.74,26.7,25.61,25.34,25.74,26.36,25.68,25.85,26.25,25.78,25.62,25.79,25.98,27.22,28.67,28.46,27.89,26.53,25.59,25.99,26.3,26.78,26.22,27.0,26.38,26.99,26.07,26.28,26.73,27.48,27.27,26.9,27.91,26.66,26.53,25.71,25.68,25.47,25.9,25.98,25.95,25.58,25.94,26.04,26.63,27.03,27.63,27.95,26.99,25.82,26.06,26.44,26.25,26.21,26.62,26.23,26.65,25.88,26.78,26.59,27.15,25.53,27.11,27.41,28.0,26.53,24.49,26.02,25.42,25.34,25.74,26.24,25.82,26.29,25.6,26.22,26.1,26.89,26.33,26.52,26.36,26.04,25.56,26.62,26.38,26.36,26.68,26.61,26.46,26.36,26.32,26.27,26.34,27.06,26.0,27.31,27.85,26.39,25.48,25.13,25.46,24.84,25.99,26.4,26.5,25.35,26.24,25.33,26.39,25.96,26.18,26.01,26.06,25.43,25.86,25.84,25.96,25.5,26.06,26.61,26.29,26.18,26.76,27.13,26.91,26.37,26.93,27.87,28.17,26.49,24.8,26.12,24.96,26.23,25.28,26.56,26.37,26.51,25.37,25.04,25.81,26.41,25.57,26.68,25.95,26.44,25.53,26.29,26.06,26.74,26.07,26.79,26.57,26.8,25.74,26.76,26.5,26.86,26.94,27.45,28.03,25.5,25.87,25.54,25.28,25.63,25.92,26.03,25.92,24.78,25.44,25.35,26.07,25.52,25.75,25.8,25.91,26.28,26.31,25.89,26.95,25.75,26.14,26.62,26.27,25.61,26.43,26.4,26.69,25.94,27.56,26.28,28.51,26.59,25.57,25.58,25.89,24.99,25.38,25.31,25.26,26.16,25.44,25.23,25.34,25.88,24.82,25.17,25.45,26.4,25.06,25.94,26.32,26.11,25.66,26.2,25.92,26.1,25.71,24.84,25.55,27.24,27.03,28.07,27.25,25.11,27.43,26.65,26.58,24.94,25.67,26.44,26.4,25.76,26.17,25.91,25.63,24.99,25.39,24.63,25.91,25.07,26.22,26.01,26.34,25.93,26.41,26.21,26.79,26.33,26.93,25.56,25.67,24.75,27.52,26.66,29.65
2020-06-29 16:09:24.8994,0,26.51,27.58,24.28,25.23,24.33,24.81,24.5,25.24,25.77,25.78,25.19,25.9,25.82,25.83,26.26,25.85,25.71,26.44,26.18,25.99,25.55,26.73,25.81,26.43,26.65,27.0,26.28,26.6,27.4,27.43,26.86,29.09,27.77,26.76,26.18,25.29,25.56,24.41,24.68,25.75,25.09,25.44,25.47,25.85,25.67,26.07,25.99,26.31,25.92,25.89,25.98,26.59,26.58,26.49,26.76,26.8,26.9,26.13,27.14,26.39,26.96,28.51,28.64,27.51,26.5,25.93,24.79,25.48,25.15,24.95,24.78,24.67,25.86,25.8,25.63,25.48,25.78,26.09,25.84,25.9,25.77,26.1,25.74,25.9,26.14,25.98,26.01,26.47,26.17,26.32,26.44,25.7,25.86,27.23,28.32,27.37,27.64,25.85,25.32,25.76,25.23,25.2,25.61,25.58,25.26,25.08,25.37,25.24,26.08,25.9,26.72,25.95,25.99,26.67,26.54,25.95,25.71,26.2,26.18,26.4,26.06,26.43,26.18,26.2,26.17,25.86,26.58,27.63,25.67,25.87,24.84,24.66,24.85,25.89,25.59,24.68,24.88,25.2,25.03,26.01,25.51,26.1,25.99,26.03,25.85,26.05,26.02,26.03,26.69,26.28,26.13,26.69,26.53,26.91,26.2,26.66,26.37,27.03,27.03,28.14,26.39,25.17,24.98,25.73,25.3,24.99,24.61,25.32,25.57,25.53,25.28,24.97,24.91,25.93,26.58,25.87,26.16,25.62,25.98,26.25,26.06,26.1,26.25,26.44,26.13,26.08,26.61,26.21,26.4,26.15,27.57,26.6,26.6,26.54,25.04,24.51,25.48,25.92,25.31,25.78,25.59,25.82,25.12,25.8,25.76,26.98,29.27,28.7,25.85,25.92,25.61,26.1,26.24,26.38,26.14,26.02,27.37,26.42,26.2,27.82,26.7,26.64,26.53,27.29,26.67,25.9,25.01,24.81,24.79,25.5,25.19,24.72,25.56,25.76,25.52,26.18,26.21,28.03,30.46,29.58,26.44,25.81,26.25,25.69,26.64,26.57,26.2,26.26,26.4,26.52,26.26,27.1,27.13,26.85,27.28,27.28,25.78,25.49,24.71,24.9,25.05,25.73,25.34,25.73,25.3,25.99,25.8,25.32,27.0,28.5,30.6,30.14,26.33,26.03,25.89,26.5,26.03,26.48,26.04,26.2,26.79,26.76,26.37,26.74,26.49,26.78,26.15,27.31,27.37,25.6,25.46,25.26,24.93,25.48,26.22,25.47,26.16,25.63,26.21,25.74,26.56,27.4,29.98,29.91,26.81,26.08,26.12,26.02,26.41,26.86,26.47,27.02,26.67,26.45,26.63,26.63,26.74,26.98,26.75,27.4,26.38,26.52,25.57,25.6,25.72,25.81,25.13,25.95,25.65,25.63,24.88,25.7,26.11,26.73,28.47,29.24,26.88,26.18,25.98,25.97,26.4,26.66,26.57,26.89,26.64,26.41,26.89,26.28,26.7,26.47,27.35,27.37,26.13,26.2,25.38,25.66,25.29,25.56,25.82,25.62,25.61,25.64,25.84,25.76,25.79,26.82,28.66,28.76,26.61,25.86,26.22,26.4,26.16,27.14,26.87,26.59,26.4,26.34,26.89,25.98,26.82,26.97,26.75,26.79,25.57,25.42,24.95,25.94,25.26,25.51,25.14,25.66,25.75,25.38,25.72,25.76,26.13,27.39,28.78,28.66,27.03,26.41,26.18,25.55,25.97,26.18,26.17,26.58,25.97,26.36,26.31,27.3,26.61,26.32,27.56,27.53,26.64,25.89,25.51,25.99,26.08,25.28,25.89,24.83,25.93,25.71,25.64,25.98,26.11,27.81,29.49,29.81,27.49,26.18,26.28,26.09,25.64,25.94,26.28,26.54,26.68,26.86,27.26,26.94,27.24,27.04,27.08,27.87,26.72,26.15,25.32,26.02,25.84,26.27,25.64,25.95,26.24,25.69,25.97,26.1,27.0,28.91,30.6,29.88,26.36,26.22,26.27,26.26,25.84,26.38,26.28,26.21,26.57,26.81,26.1,26.42,27.48,27.2,27.67,27.8,26.4,25.73,25.9,25.41,26.4,25.27,25.79,26.06,26.16,25.39,26.0,26.18,27.07,29.09,30.4,29.02,26.0,25.82,26.48,26.52,26.51,26.04,26.3,26.18,26.52,26.01,26.36,26.78,27.63,27.07,27.77,27.67,25.33,27.31,25.27,25.39,25.76,25.54,25.82,26.13,26.33,25.41,25.68,25.89,27.52,28.59,29.12,27.91,25.86,26.09,26.09,26.41,26.27,26.85,26.34,26.38,26.63,26.43,26.38,26.85,26.84,27.99,27.68,27.51,26.97,25.56,25.83,25.78,25.73,25.32,25.73,25.8,26.04,25.71,26.05,26.1,27.15,27.63,28.06,27.28,25.74,26.25,25.96,26.54,26.43,25.9,26.24,26.53,26.81,26.39,26.58,26.14,27.12,27.05,27.18,28.44,27.19,25.73,25.44,25.38,26.01,25.86,25.81,26.2,26.5,26.41,25.98,26.32,26.78,26.65,26.51,26.58,26.44,26.29,25.99,26.39,26.24,26.47,26.37,26.46,26.33,26.31,26.08,26.17,26.85,25.81,27.59,27.97,26.71,25.76,24.57,25.55,26.28,25.94,26.12,25.8,25.83,26.1,26.01,26.04,26.08,25.63,26.44,26.37,26.47,25.65,26.38,26.48,26.48,27.04,26.5,26.63,26.92,26.99,26.69,26.71,27.43,26.71,28.35,28.07,26.79,25.72,26.21,25.26,25.38,26.32,25.95,26.77,26.36,25.87,25.86,25.45,25.83,26.25,26.0,25.95,25.98,26.42,25.7,26.4,25.9,26.54,26.64,26.81,26.89,25.99,26.86,26.78,26.13,26.88,27.54,27.35,26.27,25.96,25.67,25.73,24.95,25.7,26.29,26.58,25.95,25.92,25.72,25.44,25.64,26.18,26.26,25.78,26.29,25.62,26.36,26.11,25.98,26.11,26.48,26.37,26.14,26.1,26.07,25.99,26.56,27.48,27.62,28.16,26.68,27.46,25.27,26.6,25.08,25.17,26.18,25.85,25.83,25.97,25.2,26.11,25.59,25.57,26.37,25.69,25.53,25.66,25.91,26.18,26.08,26.31,25.74,26.32,25.75,25.68,25.43,25.68,26.97,26.97,27.93,28.23,26.38,26.08,24.96,24.67,24.72,26.44,26.25,25.86,25.31,25.27,25.76,25.72,25.63,25.48,25.52,25.87,25.32,26.07,26.39,25.78,25.79,25.96,26.47,26.3,26.01,25.64,26.02,26.45,27.08,26.66,27.32,27.43
2020-06-29 16:09:25.0274,0,27.37,27.01,25.99,25.08,24.6,24.29,25.25,24.24,25.34,25.49,26.39,25.03,26.52,25.96,26.42,25.03,26.39,25.51,26.34,25.85,26.99,25.73,26.46,26.76,27.34,26.35,26.9,26.07,27.75,26.7,32.39,26.91,26.38,27.32,25.58,26.22,24.68,25.01,24.02,24.97,25.1,25.32,25.47,25.73,25.39,25.82,25.59,25.53,26.29,26.29,25.7,25.93,26.03,26.64,26.03,26.23,26.29,27.47,25.2,27.36,27.64,28.63,28.48,29.66,27.24,25.78,25.67,24.75,25.71,24.81,24.35,24.53,26.29,25.25,24.99,24.95,25.91,25.46,25.96,24.92,25.89,25.72,25.98,25.39,26.64,26.22,26.3,25.64,26.77,25.58,26.32,25.22,27.52,26.33,28.47,26.49,26.49,27.26,24.4,26.2,25.08,25.25,23.38,25.32,24.44,25.49,24.72,25.62,25.35,26.14,25.41,25.48,25.51,26.09,25.46,25.83,26.17,26.21,25.91,26.68,25.92,26.74,24.92,26.57,26.02,26.84,25.46,26.93,27.03,25.12,25.45,24.87,24.88,24.54,25.05,24.4,26.16,24.8,25.4,25.05,26.16,25.63,26.43,25.56,26.28,25.81,25.79,25.55,26.8,25.68,26.5,25.94,26.42,26.23,26.52,26.06,26.57,25.7,26.71,25.99,25.63,26.23,24.83,25.27,24.71,24.72,24.47,24.93,25.19,25.78,24.67,25.2,25.2,25.49,25.9,26.4,25.7,26.24,25.84,25.91,26.15,26.21,25.63,26.69,25.6,27.14,25.18,26.38,26.41,27.51,26.47,26.88,26.68,25.28,25.42,24.69,25.94,25.08,25.72,24.86,26.43,24.65,25.56,24.77,26.78,26.74,28.86,27.57,26.03,25.48,26.51,25.65,26.34,25.71,26.36,25.64,26.29,25.78,26.35,26.27,27.19,26.49,27.3,25.65,25.96,25.05,23.88,24.85,24.5,26.34,25.18,25.36,25.18,25.42,25.16,25.63,26.38,28.11,29.94,29.37,26.21,25.89,26.02,26.08,25.46,26.87,25.73,26.14,26.26,26.9,25.59,26.56,26.23,26.73,26.27,26.97,27.28,25.35,24.75,24.44,26.43,24.92,25.22,24.98,26.09,24.98,25.9,25.49,27.07,27.99,30.31,30.01,27.07,25.8,25.67,25.68,26.6,26.14,26.67,26.17,26.33,26.04,27.28,25.4,26.23,25.74,27.21,26.64,27.4,26.34,24.68,25.45,25.06,25.76,24.74,25.35,25.25,25.94,25.66,25.52,25.76,27.47,29.85,29.52,26.39,25.87,26.08,26.28,25.89,26.84,26.12,26.9,26.2,26.45,25.86,26.77,26.46,27.29,26.44,27.1,26.96,26.55,25.77,24.69,25.99,25.41,25.49,24.63,25.42,25.7,25.67,25.16,26.56,26.41,29.07,28.75,26.86,26.23,25.95,25.74,26.47,26.43,26.35,26.44,26.74,26.04,26.65,25.88,26.17,25.9,26.74,26.39,25.1,26.25,24.93,25.39,25.55,25.7,24.6,25.03,25.26,25.94,25.2,26.04,26.31,26.8,28.52,28.73,26.83,26.2,25.53,26.38,26.12,26.35,26.53,26.26,26.48,27.02,25.76,26.24,26.41,27.68,26.44,26.67,26.67,25.78,25.89,25.65,25.67,25.87,25.14,25.17,25.95,25.77,25.5,25.42,26.2,27.16,28.66,28.35,27.1,25.9,26.06,25.32,26.24,25.26,26.26,26.34,26.74,25.99,26.44,25.63,27.59,26.46,27.6,27.22,25.98,25.94,24.76,25.87,25.28,25.67,25.39,26.33,25.25,26.32,25.0,25.86,25.78,27.97,29.27,29.52,26.82,26.34,26.33,25.88,25.12,26.11,25.52,26.63,26.33,26.97,26.25,26.83,26.68,27.62,26.45,27.59,26.25,25.49,25.82,24.68,25.59,25.75,25.52,25.22,26.01,25.45,26.46,25.55,27.26,28.32,30.58,29.66,26.7,26.18,26.72,25.45,26.12,25.45,25.96,25.21,26.57,26.44,26.23,25.89,28.49,26.33,28.05,26.47,26.43,26.81,24.83,26.49,25.19,25.8,25.16,26.29,25.26,25.8,25.86,26.16,27.22,29.15,29.82,28.91,26.04,25.89,25.77,26.69,25.97,26.42,25.74,27.03,26.5,27.41,26.48,26.4,26.64,26.81,26.47,26.7,27.76,25.76,25.31,25.4,26.2,25.53,25.45,24.74,26.33,25.38,26.31,25.96,27.2,27.98,28.82,27.29,26.23,25.86,25.78,26.28,27.07,26.0,26.01,26.14,26.63,26.41,26.79,26.44,27.45,26.49,27.56,26.84,27.0,26.86,24.71,25.34,25.44,25.88,25.46,25.81,25.44,25.81,25.7,26.29,26.42,27.91,27.25,27.46,25.8,26.13,25.63,26.63,26.09,26.5,25.88,26.19,26.32,26.87,25.49,26.44,26.98,27.38,26.17,27.28,26.5,25.4,25.49,24.74,26.32,25.86,26.74,25.14,26.27,26.27,25.98,25.96,26.35,26.31,26.4,25.52,25.61,25.33,26.6,25.73,26.55,26.33,26.71,26.21,27.32,25.78,26.39,25.45,28.41,26.76,28.0,27.08,25.59,25.26,24.07,25.76,25.84,26.67,25.44,25.95,25.44,25.74,25.3,26.03,25.73,26.26,25.78,26.25,25.4,26.97,25.82,25.94,26.12,26.59,26.13,26.86,25.78,26.74,25.55,27.03,26.03,27.85,26.21,28.51,27.08,24.97,25.73,24.76,25.73,25.72,26.11,25.51,25.85,25.35,25.38,25.19,26.28,25.55,26.32,25.02,26.64,25.84,26.26,25.58,26.37,25.93,26.39,25.66,26.38,25.44,26.59,26.17,26.83,26.57,28.01,26.99,25.9,26.24,24.77,25.25,25.44,26.05,25.14,26.46,25.54,26.06,24.83,26.41,25.5,25.49,26.23,26.11,25.47,26.06,25.29,26.23,26.32,26.23,25.7,26.63,25.72,26.54,25.0,26.19,26.75,27.19,25.23,27.18,26.06,26.21,25.15,25.28,25.47,25.19,25.28,25.55,25.71,25.69,25.88,24.91,25.85,25.43,25.02,25.18,26.01,25.28,25.54,26.17,26.6,25.77,26.17,26.03,26.07,25.53,24.98,24.84,28.1,26.26,28.51,26.36,26.76,25.47,25.0,26.15,25.26,25.12,25.61,26.21,25.45,26.0,24.79,25.46,25.61,25.87,25.12,25.37,25.04,25.95,25.22,26.18,25.12,26.24,25.34,26.62,25.86,25.83,25.19,26.84,26.02,27.11,26.89,28.62
2020-06-29 16:09:25.1555,0,27.35,29.05,25.46,26.44,24.21,24.47,24.55,25.43,25.02,25.79,25.8,25.75,25.14,26.36,26.28,25.84,26.26,25.77,26.34,26.54,26.14,26.01,26.15,26.13,26.37,26.18,26.53,26.06,26.79,27.83,29.01,28.21,25.96,25.61,26.25,26.22,24.49,24.11,24.52,25.46,25.24,25.02,25.33,26.28,26.05,25.42,25.19,26.19,25.9,26.41,26.36,26.06,26.44,26.36,26.03,26.68,26.6,26.82,27.52,27.36,26.81,27.19,28.03,30.77,26.07,26.74,25.47,25.71,25.19,24.97,24.96,24.68,25.18,25.93,25.64,25.73,25.29,26.19,25.47,25.88,25.77,26.55,26.1,26.13,25.77,25.84,25.75,26.19,26.34,26.62,25.99,26.06,26.63,26.7,27.91,28.25,26.73,26.38,25.75,25.64,25.89,24.92,24.72,25.75,25.24,24.69,24.97,25.99,25.94,25.3,25.41,25.59,25.62,25.51,25.7,26.66,25.92,25.96,26.04,26.81,25.63,26.02,26.97,26.08,27.4,25.92,27.14,28.36,25.97,26.52,25.62,25.22,24.41,25.14,24.9,25.76,25.14,24.93,25.75,25.75,25.05,25.85,26.65,26.44,25.73,26.02,26.24,26.11,26.46,26.37,26.13,26.43,26.28,26.36,26.22,26.97,26.08,26.54,26.1,27.32,25.83,25.24,25.88,25.78,25.16,25.16,25.29,24.53,25.31,25.28,25.36,25.31,25.63,25.59,26.44,26.71,25.91,26.03,26.27,26.35,26.26,26.09,26.1,26.44,25.86,26.22,26.32,26.67,26.57,27.18,27.8,27.89,25.91,26.76,24.41,24.85,25.22,25.77,25.19,25.37,25.47,25.8,25.88,25.66,26.06,27.85,28.95,28.57,26.03,25.78,25.7,26.17,26.01,26.35,25.91,26.34,26.4,26.41,26.61,26.84,26.58,27.12,26.94,26.2,26.33,25.96,24.85,25.16,25.5,24.83,25.43,25.61,25.65,25.19,25.37,25.63,26.58,27.52,30.23,29.66,26.21,25.99,26.11,26.28,25.98,26.56,26.16,26.7,26.37,26.28,26.64,26.7,26.68,26.73,26.44,26.97,25.47,25.35,24.74,26.15,24.51,25.98,25.84,25.35,25.41,25.85,26.1,25.7,26.4,28.18,30.21,30.37,26.88,26.27,26.06,26.56,26.1,27.04,26.03,26.39,26.21,26.39,26.76,26.86,26.52,26.93,26.7,27.16,26.34,26.16,25.62,24.52,25.32,25.76,25.22,25.22,25.47,25.72,25.66,25.62,26.13,27.37,30.03,29.89,27.14,25.87,26.08,26.09,25.49,26.24,26.43,26.68,26.42,26.33,26.11,27.16,26.88,26.41,26.27,27.78,26.26,26.03,25.45,24.84,25.73,25.54,25.0,25.93,25.09,25.81,25.57,25.46,25.79,27.43,29.07,28.84,26.49,26.5,26.05,26.12,26.28,26.43,26.45,26.64,25.96,26.5,26.53,26.65,26.16,26.75,27.23,27.05,26.67,24.71,25.54,25.99,25.15,25.18,25.91,25.96,25.58,25.41,25.49,26.04,26.03,26.51,28.34,28.37,27.19,25.46,26.17,25.71,26.5,25.86,26.22,27.1,26.7,26.22,26.87,26.49,27.63,26.84,26.6,27.16,25.8,26.96,25.88,25.05,25.4,25.36,25.02,25.86,25.73,25.87,25.2,25.12,26.48,27.62,28.48,28.79,27.28,26.36,25.78,26.07,25.66,26.53,26.15,26.23,26.3,26.44,26.44,26.39,26.9,27.31,26.78,27.55,25.98,25.93,25.96,26.3,25.67,25.29,25.63,25.87,26.1,26.21,25.6,25.46,26.43,27.41,29.45,29.69,26.54,25.69,25.5,26.15,25.69,25.62,26.24,26.32,26.54,26.63,26.37,27.7,27.5,26.49,27.1,27.25,26.42,25.31,25.35,25.57,25.72,25.62,25.63,26.16,26.01,25.87,25.95,26.26,27.35,28.5,30.58,29.93,26.7,25.99,26.53,26.03,25.52,26.34,25.95,25.86,26.45,26.44,26.48,26.93,27.21,26.91,27.55,27.48,26.25,26.46,25.44,26.19,25.85,25.27,25.76,25.81,25.91,25.26,25.76,26.56,27.12,28.41,30.27,29.36,26.32,25.98,26.82,26.5,26.17,26.02,26.15,26.28,26.27,26.59,26.6,27.57,27.49,26.95,26.97,27.71,26.12,26.64,24.99,26.02,25.64,25.66,26.07,25.61,25.31,25.48,26.09,26.17,27.3,28.84,28.63,27.58,25.93,26.05,26.26,26.37,26.25,26.3,26.11,26.02,26.74,27.0,26.39,27.11,26.13,27.24,27.38,27.18,27.36,26.32,25.67,25.81,26.41,25.2,25.58,25.68,26.12,26.36,25.59,26.71,26.81,27.61,27.92,27.26,25.6,25.44,25.92,26.82,26.29,25.98,26.86,26.85,26.9,25.54,26.57,27.39,26.68,27.53,27.37,27.79,26.3,25.02,24.81,25.88,26.18,25.43,25.95,26.31,25.32,25.92,26.08,26.07,26.24,26.51,26.29,26.64,26.02,26.04,26.08,26.45,26.23,26.11,26.82,26.79,26.33,26.8,26.1,27.74,26.42,26.76,27.46,28.18,26.16,25.63,25.95,25.75,25.54,25.81,26.23,26.2,25.8,25.5,25.75,25.91,26.26,26.15,26.19,25.93,26.12,25.63,26.03,26.15,26.12,26.15,26.24,26.97,26.41,25.96,26.54,27.02,26.81,26.9,27.66,27.38,26.25,27.34,25.17,25.1,25.41,25.87,25.68,25.93,25.72,25.6,24.89,26.5,25.59,26.1,26.1,26.7,25.75,26.06,26.37,26.37,26.48,26.63,26.14,26.54,26.37,26.39,26.28,26.94,27.32,27.59,27.22,28.8,25.47,26.03,26.25,24.71,25.28,25.26,25.85,26.17,25.8,25.93,24.83,25.56,25.49,25.49,26.45,26.22,25.81,26.17,25.86,26.46,26.43,25.75,26.59,27.01,25.72,25.7,26.22,26.82,26.91,27.18,27.06,28.25,26.3,26.64,24.74,26.83,25.8,25.35,25.43,25.39,25.14,26.38,25.47,26.36,25.47,25.17,25.26,25.79,25.28,25.63,26.04,26.54,26.08,26.82,26.03,26.6,26.07,25.68,25.64,26.21,26.49,27.37,27.33,27.49,25.91,26.42,26.21,25.74,25.42,24.95,25.44,26.2,25.3,25.14,25.06,25.86,25.34,25.61,25.24,25.75,25.41,25.45,25.59,26.05,25.64,25.7,25.75,26.46,26.15,25.51,25.85,25.8,26.19,26.91,27.95,30.23
2020-06-29 16:09:25.2835,0,26.4,26.58,26.77,25.3,25.76,24.66,25.61,24.75,26.13,25.48,25.82,26.19,26.26,26.09,25.75,25.98,26.27,25.9,26.63,25.7,26.44,25.87,26.32,25.97,26.71,26.68,27.29,26.83,28.24,26.69,29.62,26.88,25.54,25.98,25.57,25.82,24.3,24.67,24.52,25.97,25.39,25.93,25.04,26.02,25.65,26.23,25.98,26.6,25.9,26.3,26.23,26.35,25.48,26.52,26.47,26.69,26.6,25.7,27.17,26.47,26.6,28.17,27.15,28.55,26.68,26.26,25.29,26.49,25.89,24.13,24.83,24.98,25.34,25.11,25.26,25.73,25.8,25.58,25.85,26.12,26.14,25.96,26.0,25.39,26.03,25.84,25.64,25.77,26.79,25.88,25.85,26.74,26.83,26.7,28.49,27.54,25.72,26.84,25.55,25.66,24.42,25.1,24.42,25.19,25.38,25.64,25.09,25.64,25.59,25.68,26.23,25.85,25.73,26.33,26.17,25.97,25.8,26.22,26.17,26.56,25.91,26.9,26.19,26.26,26.54,25.57,25.69,28.39,26.2,26.12,25.46,25.04,25.05,25.14,25.91,25.08,25.16,25.05,25.88,25.28,26.06,25.85,26.0,25.56,26.94,26.24,25.92,25.78,26.36,26.37,26.51,26.06,26.56,25.82,25.8,26.97,26.91,26.37,26.52,27.32,26.03,26.05,24.47,24.42,25.16,25.92,25.71,25.61,25.06,25.67,25.59,25.33,25.09,25.61,26.12,26.52,26.02,26.15,25.29,26.47,26.03,26.56,25.98,25.98,25.73,26.76,26.18,27.14,25.77,27.2,26.85,27.31,26.5,25.09,25.43,25.02,25.67,25.35,25.21,25.5,26.09,25.8,25.46,26.1,26.28,26.64,28.96,27.97,26.14,25.58,26.22,26.17,26.24,26.03,25.92,25.99,26.3,26.16,26.36,26.98,27.05,26.33,26.07,27.51,26.14,25.25,25.5,25.03,25.22,25.4,25.43,25.63,25.3,25.99,25.48,25.86,26.17,27.83,30.32,29.29,26.69,26.2,26.01,26.5,26.29,26.57,26.06,26.84,26.26,26.3,25.71,26.99,26.08,27.36,26.62,26.81,26.03,26.22,25.08,25.37,26.04,25.98,25.24,25.59,26.54,26.07,25.81,25.7,26.89,28.18,29.77,30.01,27.08,25.99,26.07,25.88,25.92,26.54,26.36,26.61,26.45,26.03,26.39,26.46,27.53,26.33,27.06,26.81,26.51,26.18,26.08,24.85,24.64,25.91,25.34,25.96,25.58,25.63,26.07,26.04,25.56,27.58,29.66,30.08,26.39,26.26,25.79,26.49,26.37,26.46,26.22,26.91,26.53,26.58,26.49,26.91,26.74,26.87,26.76,27.63,26.45,26.54,25.63,25.46,25.61,25.8,25.26,25.34,25.22,26.02,25.48,25.76,26.0,26.69,28.9,28.84,26.78,25.95,26.15,26.4,26.29,26.43,26.46,26.11,26.97,26.84,26.3,26.9,26.73,26.61,26.6,26.88,25.8,25.59,25.7,25.56,25.15,26.1,25.67,25.63,25.47,25.32,25.89,25.96,25.46,26.81,28.52,28.74,26.92,26.3,26.08,26.2,25.93,26.65,26.84,26.69,26.15,26.58,26.62,26.89,26.54,26.86,26.76,26.85,26.34,25.44,25.9,25.94,26.33,26.13,25.16,25.75,26.07,25.66,25.62,25.02,26.31,27.34,28.85,28.52,26.93,25.99,26.16,25.88,26.25,26.33,26.37,26.23,26.31,26.56,26.95,25.76,27.19,26.32,27.13,26.55,25.46,26.8,25.66,26.32,25.41,26.32,25.27,25.77,25.25,26.33,25.6,26.36,26.71,27.89,29.18,30.06,26.81,26.81,25.77,25.89,25.5,26.32,26.24,26.85,26.21,26.87,26.74,26.84,26.68,27.22,26.44,28.09,26.97,26.34,26.6,25.87,25.6,25.75,25.29,25.93,25.81,25.45,25.46,26.46,27.27,28.5,30.94,29.84,26.53,26.18,26.55,25.74,26.43,26.04,26.28,26.07,27.14,26.55,26.5,26.8,27.65,27.05,28.06,26.98,26.42,26.14,25.13,25.46,25.32,25.68,26.12,25.48,25.58,25.5,25.96,26.38,27.02,28.98,30.09,29.19,26.13,26.55,25.96,26.51,25.87,26.23,26.05,26.08,26.04,26.61,26.22,27.06,27.2,26.97,27.3,26.89,26.69,25.58,26.29,25.4,25.93,25.66,25.09,25.61,26.34,25.7,25.89,25.85,27.21,28.08,28.83,27.39,26.43,26.34,25.89,26.37,26.67,26.0,26.45,26.35,26.52,25.69,26.54,26.43,27.03,27.24,28.25,27.01,27.9,26.34,25.35,26.45,25.16,25.89,25.71,26.44,25.55,25.38,25.48,26.1,27.11,28.02,27.63,27.08,25.9,26.15,25.62,26.74,26.08,26.41,26.1,26.54,26.08,27.25,26.16,26.45,26.39,26.94,27.03,27.64,27.84,25.2,24.66,24.74,25.33,25.99,25.84,25.66,25.93,26.04,26.21,25.85,26.26,25.99,26.82,26.34,26.14,26.04,25.99,26.25,26.56,26.22,26.38,26.79,26.97,26.54,26.82,26.6,27.36,26.13,27.12,26.51,26.16,26.58,24.75,25.44,25.54,26.12,25.7,25.7,26.16,26.0,25.87,26.27,26.04,26.48,26.5,26.26,26.12,25.85,26.24,26.06,26.12,26.05,26.35,26.76,26.16,26.88,26.26,26.9,26.66,26.92,27.12,27.78,26.06,25.76,25.56,25.63,25.43,25.1,25.7,25.36,25.99,25.85,25.88,25.78,25.84,26.22,25.78,26.48,26.32,26.17,26.05,26.26,26.26,26.63,26.78,26.16,26.65,25.44,26.6,26.63,27.17,27.08,27.63,27.6,26.96,26.46,25.51,25.45,25.12,26.06,26.14,26.05,25.54,26.07,24.83,25.82,25.84,25.62,26.11,26.01,25.69,26.3,25.75,25.89,26.19,26.37,26.21,26.65,25.85,26.28,26.68,27.15,26.74,27.9,26.85,27.41,26.58,27.74,25.37,26.25,25.31,25.35,26.08,25.54,25.73,25.97,25.62,25.17,25.61,25.55,25.16,25.42,26.51,25.15,25.18,25.41,26.48,25.51,25.91,26.74,26.52,25.53,25.66,25.52,26.33,26.62,28.29,28.62,26.47,25.97,26.21,26.36,26.28,25.82,24.96,25.44,25.73,25.88,25.47,25.62,25.08,25.51,25.61,25.89,26.28,25.84,25.34,25.94,25.77,25.72,25.61,27.35,25.41,25.54,25.18,26.0,25.82,27.7,28.48,29.62
2020-06-29 16:09:25.4119,0,25.37,27.45,25.2,24.88,24.59,24.12,24.36,24.6,25.49,25.51,26.09,26.21,26.24,26.38,26.81,26.14,25.45,25.79,26.88,26.29,25.71,26.18,25.99,27.24,25.87,26.37,26.89,27.62,27.02,28.72,29.01,29.6,26.01,23.87,27.39,26.0,24.88,24.64,24.89,25.12,25.27,25.9,25.49,25.86,26.47,25.94,25.87,26.05,25.79,25.5,25.72,25.92,26.86,26.36,26.79,26.82,26.46,26.32,25.59,26.99,27.25,27.43,29.8,29.07,26.07,25.56,25.86,26.13,24.33,24.33,24.49,25.61,25.32,25.54,24.71,25.49,25.41,25.84,26.19,26.5,26.12,26.1,25.97,26.51,25.51,25.35,25.34,26.35,26.04,26.94,26.95,26.59,26.8,27.67,27.63,27.94,26.76,25.05,25.97,25.44,24.94,24.26,25.49,25.45,24.73,25.35,25.12,25.49,25.96,25.29,25.78,25.94,25.87,25.73,26.07,26.42,24.98,26.07,25.93,26.4,26.07,25.72,26.84,27.05,25.87,26.46,25.24,27.2,25.33,25.75,24.15,25.07,24.71,25.46,24.61,25.11,25.13,25.2,25.5,25.54,25.71,26.09,25.64,26.02,25.94,25.6,25.78,27.03,25.88,26.16,26.12,26.57,26.54,26.11,26.65,26.39,26.4,26.06,27.3,27.13,25.86,25.43,25.2,24.74,24.58,24.86,25.73,25.32,25.94,24.79,26.08,25.54,25.87,26.02,26.57,26.49,25.72,25.6,26.07,25.68,26.39,25.19,26.48,25.71,26.14,26.61,26.77,27.11,26.43,26.19,27.64,26.87,25.32,25.31,24.91,25.53,25.06,25.79,25.45,25.65,25.59,25.24,25.66,25.68,25.64,27.06,27.95,27.69,26.02,26.21,26.2,25.98,26.12,25.94,26.01,26.36,26.28,26.68,25.93,27.42,26.26,26.83,26.23,27.17,26.54,25.95,25.37,25.0,25.24,25.24,25.96,25.35,25.9,25.63,26.14,25.4,26.19,28.1,30.63,29.17,26.61,25.38,25.84,25.87,26.31,26.34,26.62,26.36,26.16,26.76,26.26,26.69,26.7,26.41,26.99,26.96,26.55,25.55,24.89,25.24,25.33,25.34,25.09,25.37,25.74,25.21,25.57,26.33,26.78,28.01,30.48,30.39,26.68,25.91,26.15,26.19,25.8,26.46,26.02,26.73,26.32,26.29,26.63,26.75,26.51,26.65,27.54,27.53,26.72,25.3,25.18,26.05,25.48,25.49,25.73,25.7,26.15,25.71,26.09,26.12,26.15,27.27,30.22,29.97,26.5,26.05,26.0,26.18,26.19,26.14,26.97,26.14,26.1,26.56,27.26,26.37,26.48,26.26,27.12,26.75,25.72,26.06,25.6,25.78,25.59,25.17,25.48,25.71,25.63,25.3,25.46,25.48,25.69,26.98,28.98,29.13,26.21,26.24,25.95,26.23,25.79,26.15,26.34,26.45,26.18,26.52,25.53,27.05,26.57,26.49,27.06,26.74,26.17,26.58,25.88,25.53,25.83,25.82,25.93,25.72,26.03,25.93,25.71,25.54,25.76,26.88,28.72,28.46,26.58,25.64,26.1,26.37,25.95,26.34,26.86,26.35,26.5,26.44,26.15,27.0,26.42,26.13,26.95,27.48,25.44,26.14,25.73,26.41,25.0,25.77,25.73,25.88,25.73,25.68,25.59,25.84,25.91,26.99,28.83,28.98,26.72,26.47,25.96,26.37,26.04,25.86,25.63,26.87,26.4,26.01,26.68,26.54,26.89,27.19,27.1,27.08,25.66,26.43,25.99,25.85,25.95,25.02,25.41,26.2,26.23,25.48,26.12,25.85,26.26,27.5,29.55,29.6,26.65,26.51,26.62,26.33,26.0,25.32,26.26,26.31,26.34,25.82,27.39,26.56,27.25,26.2,26.96,27.74,26.06,26.02,25.81,25.9,25.71,25.64,26.11,26.42,25.58,25.78,25.85,26.38,27.16,28.88,30.31,29.4,25.95,26.1,25.76,26.43,25.42,25.96,25.53,26.41,26.67,26.8,26.35,26.3,27.49,27.22,26.88,27.01,26.1,25.77,25.93,25.43,26.01,25.53,26.14,25.93,25.71,25.36,25.88,26.05,27.61,28.31,29.93,29.08,26.25,25.88,26.36,26.39,26.29,25.61,25.97,26.59,26.29,25.88,25.98,27.04,26.8,26.51,26.83,26.86,26.48,25.96,24.82,25.73,26.19,25.81,26.18,25.26,25.41,25.72,25.87,25.77,27.49,28.19,28.15,27.79,25.73,25.78,26.45,26.29,26.55,26.42,26.65,26.48,26.39,26.43,26.65,27.0,26.71,26.81,27.38,27.04,28.29,25.42,25.54,25.8,26.16,25.46,25.86,25.67,25.81,25.57,26.47,26.49,26.63,27.8,27.75,27.25,25.82,26.02,25.74,25.91,26.1,26.49,26.45,26.29,26.8,25.89,26.59,26.56,26.71,26.76,28.09,27.61,26.1,25.6,24.97,25.26,25.74,25.88,25.55,26.59,26.37,26.29,25.74,26.53,26.45,26.74,26.49,26.15,25.91,26.27,25.86,26.16,26.44,26.13,26.35,26.58,25.83,26.57,26.52,26.91,26.87,25.84,26.92,27.84,25.81,24.87,26.32,25.74,24.99,25.52,25.86,26.2,25.7,25.73,26.12,26.35,25.96,25.93,26.32,26.03,26.96,26.04,26.26,25.93,25.82,26.36,26.96,25.9,26.43,25.96,26.99,26.72,27.15,26.26,27.69,27.37,26.65,25.79,25.35,25.13,25.25,25.74,25.54,26.37,25.71,25.37,25.37,26.04,26.04,26.13,25.76,26.17,25.86,26.08,25.8,26.05,26.12,26.18,26.63,26.69,26.1,26.14,26.13,26.81,26.66,26.59,27.41,27.22,26.78,25.62,25.91,25.24,25.78,26.19,25.74,26.02,25.82,25.27,25.72,25.67,25.4,25.6,26.36,25.42,26.05,25.6,26.46,25.87,26.69,26.1,26.36,26.1,25.88,25.97,26.55,26.49,26.94,26.47,28.49,27.59,24.79,26.45,26.53,26.86,25.63,25.71,25.58,26.18,25.7,25.44,25.47,25.6,25.08,25.45,25.26,26.18,26.0,25.54,25.66,25.81,25.3,25.79,25.75,26.76,25.62,24.95,24.63,25.72,25.76,26.28,26.85,28.38,26.8,26.9,26.05,27.31,25.11,24.77,25.8,25.88,25.61,25.56,25.09,25.86,25.76,25.73,25.89,26.12,25.44,25.69,26.39,26.04,26.18,26.77,26.34,26.75,26.03,25.81,26.39,26.31,26.04,25.94,27.73,29.25
2020-06-29 16:09:25.5402,0,28.82,27.4,25.47,24.14,24.6,24.64,25.25,25.08,25.81,25.93,25.37,25.6,26.12,25.81,26.01,25.29,26.13,25.63,26.07,25.41,26.14,26.29,26.46,26.59,26.86,26.34,26.72,26.44,27.99,28.1,27.89,30.15,25.11,28.0,25.56,25.81,24.66,24.83,24.51,25.47,25.23,25.92,25.46,25.46,25.24,25.56,25.31,26.06,26.02,26.03,25.95,26.34,25.88,25.82,26.02,26.23,26.28,26.66,25.91,27.0,26.59,27.21,27.57,30.23,25.5,26.24,25.08,25.12,25.37,24.46,24.66,24.82,25.05,24.83,25.25,25.46,25.67,25.57,25.72,26.11,26.13,25.95,25.86,26.36,25.9,26.2,25.49,26.04,26.63,26.76,26.0,26.56,26.64,27.07,27.92,26.46,26.22,25.95,24.58,25.65,24.57,24.44,24.56,24.74,25.9,26.02,25.21,25.5,25.93,25.79,25.63,25.84,26.07,26.67,26.04,26.31,25.31,25.97,26.03,26.69,25.48,26.6,25.7,25.92,26.53,26.29,27.84,27.22,26.19,25.71,25.45,25.03,25.04,25.43,24.91,24.8,25.4,25.04,25.52,25.15,25.61,25.84,26.55,26.21,26.5,26.12,26.47,25.88,26.01,26.02,26.5,26.67,26.29,26.49,26.38,25.74,27.06,25.68,26.91,26.41,25.82,26.63,23.56,24.58,24.39,25.47,24.59,25.6,25.54,24.8,25.12,25.55,24.98,25.71,26.43,26.72,25.8,25.82,26.04,26.46,26.58,26.33,26.33,26.69,26.11,26.75,25.74,26.68,26.24,27.03,26.06,27.29,25.91,24.71,24.59,25.0,24.93,24.64,25.33,25.1,25.24,25.44,26.0,25.65,26.17,27.13,29.35,27.86,26.13,25.37,25.8,25.85,26.34,26.23,26.14,25.86,26.65,26.02,26.89,27.25,27.04,26.79,26.95,26.19,25.76,25.05,24.84,24.85,24.92,25.12,24.78,25.24,25.99,26.1,25.15,25.2,26.57,28.02,30.12,29.18,26.2,25.8,25.81,26.19,26.59,25.94,26.15,26.14,25.89,27.02,25.7,27.54,25.92,26.74,26.43,27.34,26.74,25.16,25.23,25.05,25.21,25.17,25.48,25.7,25.64,25.62,25.9,25.37,26.6,27.79,30.13,29.35,26.79,25.88,25.87,25.77,26.21,26.33,26.25,25.72,26.45,26.14,26.9,26.32,26.67,26.17,26.88,26.8,26.33,26.17,25.14,25.61,25.85,25.37,25.09,25.11,25.57,25.73,25.44,25.73,26.12,27.0,29.57,30.07,26.38,26.06,25.59,26.48,25.78,25.95,25.69,26.91,26.41,26.22,25.97,27.29,25.74,26.57,26.59,27.28,26.97,26.02,26.09,25.29,26.0,25.66,25.73,24.98,25.97,25.59,25.27,25.45,25.9,26.49,29.17,28.92,26.68,25.94,26.15,26.2,26.38,26.52,26.35,25.68,26.53,26.37,26.29,26.64,26.17,26.46,27.56,26.54,26.31,25.92,25.84,25.85,24.87,25.83,24.95,26.55,25.35,25.73,25.19,25.85,25.35,26.71,28.25,28.74,26.64,26.38,25.79,26.38,26.21,26.83,26.52,26.37,26.47,27.02,25.87,26.88,25.98,27.41,26.75,27.17,26.32,24.91,25.59,25.48,25.67,25.48,25.63,25.74,25.53,25.55,25.41,25.71,26.21,26.87,29.11,28.25,27.1,25.8,26.15,25.68,26.15,25.14,26.46,25.6,26.75,26.43,26.32,26.51,26.77,26.73,27.28,27.04,25.62,26.62,25.8,26.16,25.14,25.68,25.26,25.64,25.88,25.7,24.99,25.86,26.05,27.7,28.99,29.7,26.53,26.44,25.49,26.35,25.88,25.82,25.4,26.33,25.98,26.63,25.86,27.21,26.94,27.49,26.6,27.59,26.08,25.99,25.05,25.56,26.53,26.12,25.52,26.03,26.12,26.39,25.86,26.15,27.07,28.49,30.58,29.56,26.06,25.61,26.25,26.11,26.03,25.63,25.86,25.85,26.57,26.66,26.74,26.4,27.65,26.46,27.23,26.63,26.06,26.82,25.58,25.6,25.84,25.41,25.39,25.7,25.36,26.02,25.54,25.96,27.01,28.79,29.54,29.28,26.12,25.8,25.95,26.5,25.56,26.53,25.94,26.5,26.6,26.83,26.59,27.18,26.48,27.39,26.79,26.54,26.49,25.92,25.8,25.07,25.23,25.91,25.95,25.97,25.54,25.47,25.99,25.74,27.4,28.26,28.92,28.05,26.13,25.55,25.58,26.36,26.36,25.99,26.34,25.79,26.63,26.76,26.66,26.15,27.31,27.08,27.39,27.52,27.16,27.21,25.5,25.66,25.57,25.48,25.07,25.93,25.43,26.03,25.79,25.98,26.3,27.81,27.91,26.97,25.69,26.33,25.91,26.13,25.97,26.4,25.65,25.97,26.77,25.91,26.15,26.17,26.82,27.24,25.97,27.46,26.31,25.57,25.16,24.4,25.75,25.42,26.48,25.52,25.8,26.03,25.87,25.73,26.15,26.09,26.81,26.43,26.13,25.63,25.98,26.03,25.81,26.1,26.37,25.96,26.47,26.41,26.67,26.73,26.27,26.12,27.47,27.25,26.34,26.38,25.42,26.25,25.09,25.25,26.22,26.08,26.03,25.63,25.29,26.7,26.25,26.37,25.46,26.36,25.39,26.46,25.7,26.26,25.79,26.38,25.99,26.75,26.15,26.74,26.1,26.89,26.8,27.54,26.56,28.14,25.43,25.95,27.36,23.86,26.52,26.01,26.26,25.63,25.6,25.21,25.51,25.41,26.39,25.98,26.1,26.14,25.98,26.05,26.04,26.59,26.26,26.27,26.27,26.03,26.51,25.84,25.84,26.77,26.51,26.2,27.82,26.36,25.45,26.65,25.12,24.9,25.42,25.74,25.69,25.75,25.26,25.94,24.82,25.44,25.6,26.29,25.65,26.68,26.24,26.29,25.62,26.46,25.83,26.36,25.81,26.12,26.25,26.54,26.06,26.67,27.23,26.84,26.44,28.9,27.3,25.74,26.15,26.04,24.45,25.17,25.91,25.53,26.0,26.23,25.35,25.16,25.86,25.66,25.27,25.04,25.9,25.62,26.05,25.78,26.09,25.63,26.72,25.73,25.78,24.6,25.65,25.85,26.86,26.05,27.57,27.76,25.33,27.4,24.57,25.15,24.71,25.81,25.11,25.9,24.85,26.57,24.91,26.01,25.59,25.5,24.84,26.01,25.65,26.07,25.71,25.8,25.62,26.11,25.6,26.48,25.25,26.29,25.51,26.16,25.81,27.3,26.05,29.93
2020-06-29 16:09:25.6680,0,25.86,24.92,25.19,25.09,24.19,24.3,25.57,24.93,26.57,25.95,26.38,25.48,25.95,25.69,25.31,26.54,26.64,25.39,26.04,25.72,26.26,25.88,26.59,26.61,26.84,27.03,27.25,26.85,26.78,27.29,31.26,28.26,25.16,25.93,26.04,26.2,24.32,23.73,24.71,25.44,24.96,25.45,25.77,25.85,25.67,25.67,26.51,26.3,25.4,26.26,26.51,26.05,25.5,26.49,25.75,26.81,26.3,26.48,26.29,25.88,25.99,27.18,30.64,26.18,26.64,25.55,25.85,26.12,25.85,25.15,24.94,25.14,25.86,24.99,24.97,25.48,25.89,25.96,25.46,25.77,26.7,25.73,26.08,26.63,26.37,25.97,25.74,26.75,27.04,26.04,26.3,26.75,27.15,25.76,28.45,27.57,26.25,26.14,25.38,25.25,25.42,25.06,25.33,24.71,24.59,24.94,25.49,25.73,26.07,26.24,26.12,25.69,25.51,25.84,25.71,26.17,26.29,26.19,26.18,26.39,25.78,25.85,26.36,26.72,25.69,27.0,28.58,27.19,27.01,25.74,24.88,24.35,25.79,25.15,25.45,24.96,25.12,24.94,25.14,25.41,25.81,25.97,26.08,25.9,26.37,25.04,26.11,26.35,26.33,26.04,25.87,26.19,26.66,25.83,25.91,27.29,26.88,25.37,26.69,27.56,26.05,26.8,25.54,25.76,24.57,24.55,25.03,25.44,25.32,26.0,25.38,25.53,25.54,25.9,26.77,26.16,26.03,25.69,26.28,26.22,26.27,25.74,26.23,26.31,26.13,26.6,25.62,26.51,25.14,26.18,27.62,26.86,25.89,25.11,25.57,24.7,25.92,24.95,25.05,25.13,25.82,25.35,25.21,25.45,26.15,26.95,28.64,28.08,25.71,25.9,26.59,25.66,26.32,25.82,25.55,26.59,26.15,26.42,26.73,26.43,26.71,26.19,26.57,26.78,26.16,26.49,25.19,24.83,24.8,25.5,25.31,25.09,25.66,25.29,25.6,25.83,26.28,28.39,30.52,28.87,26.51,26.07,25.93,26.16,26.61,26.12,26.28,26.69,26.38,26.14,26.52,26.82,26.09,27.02,26.63,26.77,26.0,25.71,25.68,24.76,25.6,25.33,25.33,24.87,25.39,25.75,25.88,25.91,26.39,27.9,30.48,29.74,26.86,26.09,25.85,25.79,25.3,26.25,26.12,26.4,26.54,26.04,27.0,26.74,26.93,26.2,27.36,26.31,26.53,25.8,26.1,25.73,24.66,25.34,25.48,24.96,25.59,25.17,25.36,25.7,26.05,27.55,29.49,29.78,26.3,26.41,25.9,25.88,25.89,26.42,26.23,26.02,26.43,26.43,26.75,26.49,26.19,26.4,26.94,26.74,26.42,26.56,25.44,25.47,25.58,25.29,25.35,25.47,25.62,25.71,25.55,25.37,26.07,26.23,28.79,28.67,26.75,26.05,26.22,26.03,26.64,26.44,26.53,26.44,26.06,25.93,26.14,26.53,26.42,26.2,26.56,26.56,25.81,26.23,25.56,25.97,25.03,25.42,24.97,25.48,25.7,25.92,25.6,25.63,25.85,26.59,28.44,28.27,26.84,25.9,26.18,26.45,26.13,26.33,26.13,26.45,26.38,26.66,26.51,26.99,26.55,26.97,27.1,26.98,26.65,25.45,25.87,25.21,25.65,25.63,25.36,25.64,25.72,25.36,25.18,25.43,26.19,27.26,28.19,28.8,26.9,26.46,26.32,26.26,26.12,25.75,26.44,26.55,26.72,26.11,27.17,26.79,27.16,26.05,26.77,27.23,25.47,25.58,26.13,25.25,25.55,25.14,25.64,25.39,24.94,25.78,25.61,25.64,26.07,27.59,29.63,29.24,26.82,26.04,25.97,26.14,25.51,26.19,26.35,26.61,26.55,26.72,27.13,26.17,27.38,26.33,26.95,26.74,26.76,26.01,25.95,26.48,26.5,25.76,25.98,25.82,25.99,24.92,26.34,26.07,26.67,28.6,30.12,29.94,26.41,25.54,25.85,26.42,26.1,26.05,26.45,26.3,25.87,26.33,26.85,26.94,28.05,27.21,27.37,27.5,25.73,25.59,25.45,25.87,25.47,25.78,25.41,25.32,25.6,25.57,25.87,26.24,27.13,28.49,30.19,28.61,25.87,25.87,26.35,26.38,26.08,26.0,26.27,26.26,26.39,26.69,26.23,27.29,26.65,26.79,26.32,26.17,27.2,25.95,24.48,25.25,26.31,25.4,25.3,25.62,26.08,25.17,26.07,26.28,27.48,28.18,28.9,27.98,26.11,25.67,26.25,25.88,26.23,26.31,26.64,26.25,26.61,26.18,26.64,26.45,27.29,27.56,27.2,27.37,27.01,26.13,26.17,25.48,25.45,25.86,25.34,25.54,25.91,26.12,25.71,26.17,26.52,27.89,27.84,27.44,25.52,25.92,26.03,26.41,25.89,26.58,25.89,26.28,26.1,26.37,26.85,26.28,25.51,26.15,27.56,27.78,26.67,26.15,25.47,26.06,25.87,25.73,25.67,26.19,26.01,26.16,25.73,26.19,26.23,26.52,26.48,25.94,26.0,25.85,26.06,26.26,25.89,25.47,26.23,26.21,26.07,26.56,26.51,26.76,26.87,26.3,27.45,27.65,25.6,26.17,25.46,25.24,25.71,25.51,26.25,26.32,25.69,26.08,25.99,25.78,25.74,26.45,26.41,26.13,25.72,25.51,26.57,26.24,25.92,26.46,26.48,26.49,25.79,26.72,26.55,26.42,27.14,27.04,27.68,28.11,25.61,25.98,25.15,25.29,25.55,25.42,26.09,26.08,25.96,25.23,25.36,26.27,25.46,25.45,25.86,26.05,26.29,25.96,26.13,25.7,26.58,26.05,26.63,25.8,26.62,25.45,26.57,26.49,27.14,27.26,27.4,26.6,26.56,25.81,25.9,25.4,25.29,25.87,26.44,26.44,25.29,25.91,25.21,25.05,25.85,25.36,26.35,26.32,25.71,26.04,26.22,26.56,26.21,26.21,26.48,26.1,25.59,26.52,25.93,26.17,26.76,27.34,27.88,27.37,27.03,26.22,25.92,26.26,24.76,24.36,25.1,25.71,26.39,25.43,25.19,25.58,25.58,25.94,25.37,25.43,25.75,26.13,26.02,25.8,25.81,26.18,26.29,26.04,26.49,24.78,26.12,25.71,26.83,26.64,27.31,29.21,25.66,27.13,25.83,25.52,24.57,26.12,25.79,25.87,25.17,25.41,25.89,25.58,25.49,25.34,25.38,25.73,25.55,26.17,25.87,25.64,25.52,26.22,25.77,26.74,25.42,26.11,25.87,25.43,25.48,26.32,28.51,29.9
2020-06-29 16:09:25.7963,0,25.01,27.52,25.06,27.22,24.32,24.57,24.49,25.7,25.92,25.74,25.32,26.0,25.94,26.33,25.98,26.22,26.77,25.34,25.89,26.23,25.82,26.69,26.56,26.54,27.29,26.45,27.01,27.32,27.62,27.09,25.68,26.32,25.24,25.04,25.68,25.27,24.77,24.4,24.45,24.92,25.2,25.43,25.57,25.84,25.62,25.79,25.82,26.43,25.75,26.26,26.33,25.91,26.13,27.03,26.13,25.73,26.54,26.61,26.91,26.56,26.91,27.55,28.14,26.92,26.78,26.12,26.38,25.23,25.65,24.9,25.38,25.38,25.43,24.8,24.96,25.31,25.89,25.68,25.58,25.5,26.0,25.58,26.33,25.98,26.13,26.06,26.14,26.56,26.31,26.28,26.43,26.67,26.39,26.8,28.31,28.0,26.33,25.39,24.89,25.19,25.18,25.52,24.97,24.84,25.21,25.47,24.81,25.23,25.69,25.65,25.98,25.94,26.18,26.08,26.03,26.18,25.42,26.19,26.4,26.26,25.73,26.27,26.29,26.68,26.3,26.76,27.0,27.33,26.51,26.22,25.74,25.5,25.14,25.39,24.59,24.91,25.0,25.15,25.62,25.85,25.05,25.95,25.98,26.21,26.28,26.01,26.9,25.88,26.34,25.9,26.0,26.78,26.13,26.73,25.75,27.23,27.01,25.97,27.42,27.64,26.14,26.54,25.63,25.2,25.26,24.54,25.12,25.57,25.41,25.4,25.58,26.0,25.63,25.71,26.54,26.18,26.33,25.82,26.15,26.02,25.8,26.32,26.09,26.8,26.73,25.94,26.14,26.64,26.51,26.64,26.37,26.58,26.59,24.82,24.19,25.28,24.75,25.87,25.57,25.73,25.94,25.78,25.55,26.2,26.48,27.55,29.26,28.37,26.04,25.58,25.81,26.37,26.66,26.45,26.69,26.44,26.76,26.13,26.59,26.66,27.0,26.75,27.23,27.61,26.43,25.71,24.96,24.48,25.46,25.63,25.66,25.6,25.4,25.75,25.37,25.3,26.58,28.31,30.13,29.19,26.41,25.8,25.82,26.19,25.87,26.77,26.48,26.47,26.12,27.13,27.0,27.5,26.33,26.69,26.72,26.9,27.03,25.97,24.7,25.94,25.31,25.95,25.21,25.69,25.97,25.29,25.58,25.69,26.8,28.37,30.14,30.29,26.61,26.47,26.07,26.17,25.82,25.84,26.67,25.94,26.32,26.01,26.87,26.17,27.34,26.29,26.82,26.74,26.97,26.11,25.41,25.1,25.29,25.34,25.93,25.58,25.46,25.4,25.65,25.62,26.04,27.11,29.76,29.72,26.77,25.88,25.89,26.29,25.98,26.65,26.64,26.58,26.07,26.09,27.09,26.36,27.12,26.38,27.2,28.06,26.2,25.62,26.5,24.94,25.71,25.77,25.48,25.44,25.75,25.49,25.37,25.96,26.1,26.88,29.0,28.94,27.14,26.14,26.16,26.69,26.1,25.94,26.56,26.32,26.96,27.05,26.64,27.13,26.69,26.85,27.98,27.48,26.43,25.68,26.88,25.8,24.99,25.16,25.65,25.37,26.32,25.84,25.1,25.85,25.84,26.25,28.26,28.57,27.02,25.94,26.27,26.3,26.32,26.74,26.43,26.36,26.47,26.33,26.23,26.22,26.5,26.53,27.51,27.11,26.43,25.88,25.85,26.34,25.91,25.72,25.97,25.85,26.06,25.45,25.91,25.42,26.03,27.07,29.04,28.8,26.93,26.55,26.53,26.26,25.87,25.84,26.05,26.23,27.07,26.54,26.92,26.62,27.43,26.84,27.88,27.81,25.91,25.88,26.21,25.39,24.73,26.41,25.49,26.21,25.57,25.49,25.8,25.67,26.35,27.99,29.37,29.71,26.82,26.08,26.06,25.98,25.7,25.73,26.54,26.64,25.98,26.4,26.35,26.55,26.78,27.31,27.2,27.86,27.06,26.1,25.15,25.67,25.43,25.72,25.75,25.79,25.59,24.91,25.86,26.56,27.46,28.69,30.86,29.85,26.07,26.28,26.64,26.51,26.33,25.74,25.86,26.39,26.45,26.42,26.72,26.77,27.61,26.86,27.66,26.74,25.82,26.58,25.54,25.7,25.42,25.39,25.74,25.57,25.58,25.59,26.47,26.27,27.31,29.08,30.19,29.01,25.68,26.18,26.35,26.42,26.17,26.13,26.36,26.5,26.6,26.7,26.45,27.29,26.45,27.5,27.23,26.64,26.24,26.39,25.58,26.12,26.17,25.76,25.31,26.08,25.98,25.59,25.77,26.06,26.92,28.56,28.55,27.78,25.85,25.66,26.18,26.57,26.56,26.0,26.22,26.34,26.5,26.27,26.23,26.94,27.27,27.04,27.5,27.46,26.37,25.73,25.45,25.14,25.68,25.45,25.81,25.92,25.66,26.14,25.9,25.87,26.71,27.72,27.64,27.07,25.41,25.85,25.63,26.33,26.19,26.71,26.53,26.08,26.07,26.26,26.4,26.27,26.79,27.49,27.13,27.39,25.46,25.87,25.26,25.66,26.0,26.1,26.59,25.76,26.37,26.37,26.53,26.5,26.98,26.51,26.91,26.64,25.82,25.84,26.29,25.62,26.13,26.1,26.47,26.65,26.57,26.77,27.06,26.41,27.3,27.01,27.93,27.73,26.85,25.56,25.71,25.54,26.23,26.07,26.2,26.06,25.9,25.85,26.31,26.47,26.15,27.11,26.3,25.94,26.33,26.05,26.13,26.37,26.44,25.93,26.46,26.26,26.38,26.21,26.78,27.42,26.91,26.23,26.49,28.25,26.57,25.27,25.84,25.38,26.0,25.51,25.09,26.17,25.7,25.58,25.73,26.0,25.59,25.76,26.1,26.25,25.86,26.05,26.15,26.36,26.13,26.38,26.12,26.27,26.35,26.08,26.25,26.42,26.94,26.66,27.34,28.1,26.43,25.34,25.05,24.47,26.02,25.69,25.95,25.43,25.51,26.04,25.55,25.18,25.59,25.72,26.33,25.54,25.68,25.5,25.97,26.1,26.06,26.1,26.18,26.74,25.55,26.09,26.32,27.25,27.18,26.95,26.55,27.72,26.67,26.52,25.26,25.96,25.58,24.45,25.55,25.64,25.82,26.21,25.72,25.41,25.71,25.53,25.5,25.65,25.88,25.86,26.15,25.89,25.55,25.47,26.28,26.56,25.74,25.93,24.92,25.97,26.78,26.54,26.97,27.6,26.58,24.85,25.71,25.86,25.53,25.58,25.23,25.69,25.69,26.11,25.84,25.17,24.93,25.22,25.21,25.99,25.39,25.93,25.31,25.64,26.39,26.09,25.86,26.58,25.36,26.25,25.96,25.4,25.93,26.26,27.25,30.36
2020-06-29 16:09:25.9248,0,28.32,27.41,26.23,25.75,24.39,24.65,24.54,25.59,25.95,25.32,25.65,25.6,26.1,25.81,26.81,25.97,26.25,26.03,26.33,25.56,25.56,26.29,25.83,26.9,26.69,26.17,27.44,26.63,27.74,25.53,27.29,26.21,25.95,26.28,26.01,26.42,25.03,24.1,24.85,25.62,25.69,25.9,25.18,25.86,25.78,26.6,26.23,26.05,26.02,26.14,25.96,25.92,26.16,25.8,25.73,26.52,27.21,27.29,26.27,25.7,27.22,27.66,27.58,29.64,26.36,25.04,25.66,24.73,24.85,24.29,25.41,25.42,25.17,25.51,25.37,25.2,26.26,25.81,26.07,25.39,26.0,26.19,26.21,25.87,25.88,26.33,25.88,26.32,26.47,26.47,26.3,26.73,27.15,25.93,29.01,26.47,27.47,25.71,25.74,25.63,24.9,25.23,24.71,25.16,25.37,24.95,24.83,25.86,25.93,25.41,25.51,25.82,25.84,25.96,26.04,26.53,26.04,26.44,26.68,26.14,26.32,26.44,26.02,26.56,27.05,25.91,26.41,27.2,26.39,25.71,24.89,24.86,24.4,25.13,25.18,24.66,25.13,25.17,25.74,25.39,25.38,25.84,25.3,25.77,26.16,26.34,26.0,26.22,26.33,26.13,26.36,25.92,26.67,25.95,25.78,26.51,25.91,26.37,27.3,26.87,27.04,26.02,25.34,24.74,24.85,25.16,24.59,25.58,25.42,25.03,25.24,25.65,25.52,25.91,25.89,26.49,26.43,25.91,25.93,26.01,26.58,25.97,26.45,25.83,26.75,26.48,25.74,26.67,26.72,27.01,26.84,26.66,25.51,25.46,25.74,24.68,25.5,25.34,25.71,25.49,25.1,25.33,25.54,25.54,25.74,27.03,28.65,27.96,26.02,26.38,25.89,25.75,26.54,26.23,26.57,25.63,26.39,26.27,26.61,26.55,26.57,26.95,27.82,26.57,25.76,26.13,25.33,25.0,25.21,25.65,25.29,25.61,25.52,25.07,25.9,25.73,26.67,28.1,30.12,29.07,26.1,25.98,25.91,26.27,25.97,26.65,26.16,26.7,26.72,26.39,26.23,26.83,27.12,27.18,26.26,27.5,26.19,25.34,25.53,25.21,25.33,25.04,26.08,25.21,25.51,25.84,26.31,25.79,26.49,27.89,30.57,30.0,26.3,26.26,26.05,25.48,26.0,26.13,25.91,26.16,26.2,26.26,26.63,26.19,27.22,25.58,27.37,26.46,26.33,25.98,24.98,25.44,26.12,25.35,25.82,25.7,26.34,25.93,25.96,25.81,25.84,27.36,29.75,29.42,26.85,26.32,25.78,25.89,25.68,26.53,26.42,26.78,26.53,25.97,26.98,26.5,26.59,26.99,26.92,27.09,26.07,26.88,26.07,25.91,25.05,25.4,26.08,25.8,25.41,25.9,25.46,25.55,25.5,26.87,29.06,28.38,26.57,25.94,26.41,26.11,25.69,26.71,26.13,26.53,26.62,26.72,25.9,26.0,26.57,26.46,26.57,27.54,26.14,26.74,25.84,25.53,25.66,25.56,25.19,25.37,26.0,25.61,25.68,25.73,25.64,26.6,28.51,28.27,26.73,26.09,25.42,26.74,26.59,26.53,26.01,26.46,26.58,26.33,26.37,26.61,26.94,26.97,26.59,27.15,26.65,25.77,25.42,25.93,25.26,25.61,25.49,24.69,25.51,25.55,25.79,25.51,26.0,27.05,28.38,28.15,27.09,26.26,26.14,26.06,25.26,25.83,26.04,26.74,26.51,26.21,26.8,26.64,27.03,26.45,27.43,27.87,25.8,26.6,25.2,25.11,25.4,25.66,25.5,25.51,26.1,26.0,25.69,25.94,26.24,27.78,29.7,29.95,26.53,26.42,26.13,25.68,26.07,26.1,25.92,26.41,26.43,26.73,26.24,26.81,26.94,27.05,26.6,27.24,25.52,25.99,25.96,26.01,26.11,25.61,25.38,26.27,25.79,25.54,25.74,25.85,27.06,28.4,30.21,29.83,26.51,25.8,26.33,26.4,25.81,25.74,26.46,26.28,26.44,26.43,26.73,26.53,27.35,27.91,27.38,27.14,26.24,25.77,25.89,25.58,26.51,25.78,25.75,25.69,25.68,26.0,25.85,25.64,27.39,29.69,29.9,28.99,26.77,25.69,26.14,26.2,26.26,26.01,25.83,27.13,26.82,26.23,26.72,26.39,26.91,26.65,27.12,26.52,26.84,26.28,24.65,25.08,26.32,25.92,26.18,25.97,25.86,25.59,25.97,25.74,27.19,28.45,29.0,27.38,26.12,25.65,25.86,26.36,26.14,26.4,26.54,26.12,26.96,25.8,26.25,26.56,26.27,26.63,28.23,28.04,27.71,26.14,25.34,25.48,25.57,25.32,25.7,26.04,26.57,26.13,25.58,26.07,26.8,27.99,27.91,27.15,25.89,25.63,26.21,25.71,26.59,26.48,26.31,26.29,26.31,26.5,26.83,26.97,26.23,26.92,27.37,27.09,26.1,26.31,25.31,25.06,26.02,26.13,25.42,26.56,26.02,25.68,25.85,26.06,26.76,26.4,26.38,26.63,26.21,25.93,25.86,25.93,26.33,26.1,26.12,25.72,26.33,26.54,26.09,26.73,27.03,26.75,26.91,27.81,25.38,25.99,25.09,25.74,24.95,26.8,25.43,26.72,26.03,26.09,25.18,26.02,26.46,26.03,26.08,26.03,25.8,26.03,26.02,25.93,25.9,26.25,26.35,26.49,26.4,26.6,25.96,26.72,26.18,27.36,27.29,28.5,27.27,26.15,25.71,25.27,25.09,26.17,25.68,25.92,25.97,26.48,25.37,25.29,25.36,25.98,26.42,25.24,25.63,25.94,25.91,26.59,26.12,25.92,26.38,26.16,26.1,26.52,26.28,26.31,26.82,27.58,28.19,26.98,26.95,27.03,25.5,25.41,24.95,26.5,25.84,26.87,25.92,26.05,25.07,25.79,26.18,25.82,26.1,25.99,26.02,25.94,25.97,26.45,26.42,26.1,26.45,25.72,25.71,25.97,26.06,26.49,26.57,28.04,26.24,28.03,25.55,26.86,25.73,25.26,24.08,25.67,25.58,25.84,25.98,25.54,26.0,25.43,25.46,25.92,25.01,25.41,26.12,25.87,25.91,25.65,26.07,25.76,25.75,26.31,25.91,25.22,25.3,25.17,27.02,26.8,28.26,27.48,26.47,25.45,26.0,25.93,25.07,24.94,25.6,25.72,26.01,25.85,25.46,25.32,25.47,25.6,25.61,25.61,26.03,25.93,25.97,26.04,26.41,26.5,26.03,26.31,26.15,25.66,26.35,26.31,25.45,27.67,27.14,29.58
2020-06-29 16:09:26.0530,0,27.36,27.82,26.5,24.15,24.59,24.28,25.24,24.91,25.49,26.23,26.39,25.46,26.79,26.49,26.55,26.11,26.25,26.16,27.16,26.12,25.99,27.01,26.45,26.12,26.85,27.02,27.45,27.02,27.27,27.83,30.72,28.22,26.78,26.98,25.34,25.8,24.48,25.53,25.02,24.97,25.84,25.76,25.75,26.42,26.71,25.68,25.58,26.71,26.41,25.89,26.09,26.6,25.75,26.36,26.17,27.27,26.59,26.98,27.16,27.17,27.63,28.15,28.46,30.79,26.95,26.25,26.85,25.13,25.02,24.63,24.96,25.28,25.18,25.51,25.11,25.46,26.5,25.33,26.32,25.63,26.59,26.31,26.46,26.49,26.39,25.45,25.75,26.18,26.48,26.47,26.79,26.56,27.16,25.93,28.74,25.76,26.48,26.16,25.36,26.2,26.05,25.08,24.86,25.46,25.51,25.35,24.58,25.87,26.05,25.42,25.52,25.94,26.19,26.08,25.93,26.42,26.28,26.2,25.37,26.67,26.46,26.16,25.86,26.57,27.39,26.65,25.45,28.36,26.6,25.92,25.26,24.86,25.03,25.13,25.32,24.53,25.39,24.79,25.63,25.27,25.93,25.95,26.31,25.88,25.94,26.56,26.01,26.22,26.34,26.94,26.97,26.3,26.94,26.49,26.37,26.36,26.73,26.71,26.1,27.09,26.03,26.23,25.17,25.43,24.85,25.31,24.46,25.32,25.05,25.53,25.24,25.66,25.63,26.13,26.11,26.39,25.59,26.03,25.93,26.01,26.25,26.43,25.98,26.68,26.49,26.35,26.03,26.97,27.2,26.52,27.03,27.49,25.33,26.2,25.75,24.85,25.21,25.21,25.71,25.11,25.83,25.45,26.21,24.99,25.74,27.24,28.95,28.06,26.02,26.28,26.5,25.75,26.12,26.56,27.02,25.63,26.52,26.77,26.75,26.41,27.03,26.96,26.94,26.57,26.14,26.5,24.52,24.52,25.07,25.1,25.29,26.24,25.99,25.64,25.47,26.38,26.27,27.71,30.41,29.07,26.49,25.98,26.2,26.18,26.49,26.24,26.05,27.04,26.72,26.52,26.24,26.97,26.22,27.19,26.26,27.87,26.91,26.04,25.37,24.74,26.02,25.31,25.96,25.95,26.3,25.62,26.0,25.27,26.59,28.45,30.94,29.54,26.68,26.64,26.53,26.55,26.2,26.33,26.24,26.27,26.66,26.5,26.76,26.32,26.66,26.03,27.54,27.5,27.04,25.82,25.77,25.29,25.72,25.75,25.09,25.7,25.57,26.04,25.23,26.12,26.22,26.99,29.57,30.34,27.03,25.96,26.07,26.37,26.26,26.63,26.01,26.68,26.41,26.91,26.23,26.63,26.17,26.85,26.92,26.93,26.96,26.37,25.76,26.21,26.12,25.66,25.96,25.68,25.53,25.38,25.36,25.25,25.98,26.96,28.98,28.47,26.76,26.58,26.23,26.3,26.08,26.23,26.44,26.53,26.63,26.49,26.52,26.26,26.3,26.89,26.74,25.87,26.32,25.57,24.76,26.29,26.06,25.18,25.43,25.61,25.89,25.83,25.59,25.74,25.45,26.6,28.25,28.55,26.91,26.19,26.17,26.75,25.82,27.02,26.11,26.89,26.91,27.01,25.88,26.87,26.81,27.54,26.6,26.83,26.49,26.79,26.03,25.19,25.66,25.36,25.98,25.51,25.62,25.86,25.8,25.41,26.39,26.96,28.74,28.78,27.09,26.45,26.14,26.25,25.85,25.93,26.25,25.91,27.5,26.44,27.06,26.52,27.31,26.6,27.92,26.88,25.97,26.44,25.8,25.42,26.18,25.66,25.5,26.44,25.88,25.9,25.29,26.34,26.61,27.5,29.62,30.13,26.9,26.24,25.86,26.71,26.17,25.91,25.72,26.42,26.43,26.62,26.61,26.82,27.5,27.2,27.09,27.91,25.35,25.82,26.27,25.87,26.12,25.87,25.99,26.04,26.01,25.97,25.95,25.95,26.97,28.49,30.3,29.56,26.69,25.61,27.0,25.83,26.22,25.94,26.26,26.6,26.33,26.31,26.61,26.79,27.49,26.61,28.37,27.14,26.24,25.43,24.5,26.49,25.71,26.31,25.51,25.93,25.47,25.26,26.36,26.36,27.49,28.87,29.54,29.54,26.13,26.16,26.33,26.87,26.06,25.71,26.25,27.13,26.94,26.94,25.7,27.04,26.77,26.8,27.29,26.87,26.67,26.28,25.15,24.92,25.91,26.18,26.19,25.85,25.64,26.03,26.09,25.95,26.8,28.55,29.38,27.28,25.83,25.95,26.45,26.56,26.75,26.19,26.54,26.02,26.27,26.88,26.78,26.84,26.27,27.54,27.9,27.0,27.9,26.32,25.83,26.12,25.15,25.47,24.95,25.55,25.2,25.69,25.9,25.97,27.2,27.61,27.43,27.35,25.89,26.03,26.21,26.92,26.69,26.8,26.2,27.29,26.54,26.75,26.69,26.57,26.68,27.23,27.54,27.62,25.92,25.76,26.15,24.9,26.17,25.99,26.47,25.78,25.79,26.26,26.08,26.73,26.45,26.51,27.1,26.12,25.81,26.14,26.38,26.14,26.54,26.21,26.36,26.2,26.83,26.54,26.8,26.45,27.49,26.91,28.18,27.25,25.97,26.56,24.92,26.24,25.39,26.1,25.96,26.2,25.91,26.09,25.52,26.58,26.04,26.78,26.19,26.76,26.01,26.14,25.81,25.93,26.01,26.47,26.0,26.62,26.53,26.86,26.11,27.45,27.27,27.06,26.93,27.94,27.28,25.36,26.08,25.62,25.73,26.17,26.39,25.22,25.59,25.85,26.1,25.65,25.82,25.99,26.32,25.8,26.19,26.49,26.71,25.91,26.59,26.39,26.39,25.78,26.37,26.25,26.43,26.31,27.48,26.56,28.2,26.78,26.53,25.23,24.94,25.78,25.27,25.42,25.99,26.31,25.53,25.92,25.07,26.04,25.83,25.6,25.65,26.22,26.25,25.38,25.74,25.87,26.42,26.35,25.82,26.63,25.98,26.12,25.91,26.66,26.74,27.18,27.05,28.04,26.55,25.97,26.34,25.66,24.95,26.34,25.59,26.0,25.85,25.82,25.87,25.43,25.34,25.54,26.0,26.03,26.25,25.87,25.79,26.16,25.31,26.42,26.3,26.02,25.63,25.98,26.46,24.66,26.31,26.43,28.97,28.34,27.03,27.63,25.6,26.34,25.94,25.63,25.12,26.68,25.15,25.43,25.74,25.59,25.6,25.23,25.11,25.87,25.41,25.57,25.46,25.92,25.76,26.37,26.45,26.18,25.55,25.21,25.35,26.49,26.92,26.34,27.68,28.61
2020-06-29 16:09:26.1814,0,25.23,25.61,24.54,26.31,24.65,25.27,24.76,25.3,25.05,25.51,25.82,25.92,26.11,26.1,25.46,26.53,25.99,25.78,25.51,26.56,26.29,26.89,25.86,26.94,26.4,26.22,25.65,26.9,27.37,28.27,23.6,30.68,27.46,27.17,26.12,24.59,25.09,24.15,24.9,24.5,25.57,25.78,26.19,25.32,25.53,25.55,25.72,25.66,26.42,26.02,26.64,26.33,26.31,26.23,26.34,25.48,26.63,26.36,27.57,26.13,27.92,26.58,29.19,28.91,24.76,26.37,25.53,25.39,24.89,25.01,24.52,24.7,24.77,25.12,24.58,25.21,26.13,26.31,25.46,25.75,26.47,25.95,25.48,26.37,26.13,25.58,26.03,25.79,25.92,26.94,25.53,26.78,25.96,26.95,26.66,27.76,27.35,26.02,26.0,25.12,25.6,24.78,25.78,24.44,25.52,25.35,25.6,25.61,26.05,25.53,25.87,26.04,25.61,26.3,26.04,26.17,26.16,25.95,26.17,25.74,26.06,25.74,26.22,25.61,26.76,26.33,27.72,25.61,26.68,24.99,25.12,25.44,24.74,25.62,24.63,24.96,24.88,25.18,25.5,25.63,25.58,25.39,25.85,25.99,25.6,25.68,25.99,26.44,25.64,26.02,25.76,26.43,26.28,26.91,26.24,27.3,26.11,26.08,26.37,27.19,26.11,26.48,25.4,25.12,24.73,24.58,24.89,24.93,24.93,25.03,25.35,25.18,25.4,26.33,26.31,25.94,25.68,25.58,26.25,25.77,26.35,26.19,26.57,25.7,26.5,25.96,26.91,25.95,25.48,26.06,28.24,27.14,26.15,26.45,24.61,25.05,24.94,25.37,25.19,25.89,25.1,25.67,25.2,25.98,25.61,27.32,28.92,28.55,25.9,25.66,25.56,26.46,26.2,26.01,25.77,26.45,26.63,26.53,25.81,27.13,26.6,26.36,26.63,28.49,25.27,25.64,25.54,24.06,25.66,24.56,25.68,25.23,25.99,25.84,25.46,25.38,26.65,27.98,30.39,28.46,25.89,25.76,26.78,25.85,26.27,26.21,26.37,26.57,26.25,26.76,26.77,26.56,26.7,26.59,27.87,26.1,25.52,25.92,24.61,25.87,25.2,25.86,24.96,26.08,25.84,25.83,25.45,25.78,26.17,27.87,30.64,30.25,26.56,25.77,25.54,25.75,25.97,26.71,26.64,26.48,25.85,26.02,26.24,27.13,26.1,26.21,26.4,27.2,27.09,26.2,26.11,25.15,24.92,25.36,25.09,25.09,25.56,25.8,25.63,25.18,26.1,27.05,29.9,29.49,26.45,26.11,26.61,25.67,26.15,26.21,26.51,26.23,25.73,26.78,27.12,26.11,25.76,26.86,27.63,26.28,26.83,26.08,25.16,25.94,24.93,25.54,25.11,26.03,25.18,25.58,25.13,25.33,25.47,26.75,28.85,28.9,26.45,25.64,25.82,26.18,26.05,26.11,25.7,27.05,26.28,26.71,26.02,26.65,26.45,26.34,26.61,27.09,26.54,25.43,26.03,24.95,25.15,25.69,25.54,25.25,25.56,25.38,26.26,25.41,26.0,26.29,28.49,28.06,26.62,25.51,26.42,26.24,25.71,26.11,27.02,26.01,26.03,26.43,26.86,26.1,26.55,26.85,27.12,26.36,26.18,26.33,24.84,25.66,25.27,25.24,25.25,25.97,25.39,25.53,25.17,26.19,26.16,27.78,28.89,28.67,27.06,26.24,25.65,26.5,25.91,25.62,26.02,26.31,26.39,26.66,26.31,27.41,27.18,27.74,26.48,27.25,26.02,26.31,26.73,25.58,25.28,25.4,25.62,25.39,25.66,25.35,26.17,25.72,26.4,27.75,29.94,29.57,26.42,26.11,25.92,25.83,25.57,25.88,26.01,26.19,26.53,26.38,26.62,26.69,27.79,27.35,27.46,26.62,26.28,26.22,25.52,25.74,26.12,25.75,25.38,26.62,25.34,25.43,25.82,26.54,26.65,28.93,30.63,29.99,26.01,25.77,25.64,26.57,25.69,25.92,25.62,26.05,26.43,26.19,25.84,26.8,27.51,26.92,27.25,27.19,25.94,25.64,25.77,25.45,25.99,25.14,26.23,25.56,25.67,25.77,26.24,26.23,27.56,28.75,30.68,28.78,26.1,25.57,26.79,25.4,26.14,26.18,26.03,26.25,26.59,25.99,26.35,26.13,27.36,26.38,27.99,26.56,26.9,26.68,25.33,26.67,26.2,25.0,25.31,25.48,25.74,25.47,25.64,26.15,27.27,28.34,28.69,27.75,26.09,25.54,25.74,26.94,26.12,26.38,26.09,26.55,26.49,26.52,26.12,27.39,26.73,26.97,27.08,27.92,27.59,26.01,26.03,25.04,25.31,26.01,25.58,25.17,25.77,25.45,26.53,25.63,26.68,27.77,28.09,26.63,25.96,25.41,26.58,26.39,26.47,26.15,26.74,26.27,26.07,25.89,26.97,26.43,26.11,27.24,27.07,27.31,27.11,26.0,24.33,25.1,25.32,26.43,25.16,26.57,26.01,26.14,25.05,26.17,26.42,26.18,26.36,26.01,25.68,26.32,25.84,26.43,25.99,26.64,26.11,26.66,26.2,26.67,26.11,27.19,26.9,27.41,26.97,28.61,26.22,26.61,26.33,25.11,25.27,25.96,26.77,25.94,26.03,25.37,25.97,25.67,25.92,26.01,26.48,25.9,26.3,25.6,26.11,25.49,25.89,26.34,26.81,26.13,26.53,25.96,26.27,25.87,27.15,26.76,27.89,27.43,26.93,26.43,25.21,25.5,26.22,25.28,25.55,27.05,25.84,25.73,25.36,25.53,25.91,25.19,25.74,26.13,25.17,26.16,25.33,26.48,26.11,26.5,26.38,26.16,25.97,25.85,26.45,26.65,26.53,27.12,27.08,26.86,25.97,24.67,26.48,25.46,25.62,25.28,26.29,25.03,25.28,25.79,25.93,24.68,25.83,25.47,26.55,25.29,26.24,25.7,26.54,25.5,25.83,26.09,26.59,25.72,25.86,25.7,26.09,26.2,26.78,27.04,28.13,26.59,26.41,25.62,25.6,26.31,24.64,25.39,24.98,26.03,25.57,25.28,24.93,25.58,25.33,25.42,25.0,25.54,25.39,25.39,25.15,26.29,26.2,26.7,25.35,26.19,26.22,26.16,24.5,26.08,26.89,27.06,27.19,29.61,25.49,26.28,27.48,25.6,24.6,25.15,25.47,24.8,25.31,25.71,25.61,25.05,25.73,25.22,25.74,25.23,25.78,25.18,26.87,25.39,26.03,25.7,27.02,25.89,25.73,25.38,26.06,25.31,26.61,26.58,27.55,28.45
2020-06-29 16:09:26.3095,0,25.24,26.86,25.59,24.71,24.26,23.59,24.58,25.13,25.2,25.35,25.52,25.77,25.28,25.96,25.19,26.12,25.46,26.3,25.51,25.15,25.29,26.6,25.4,26.93,26.4,26.38,26.39,26.51,26.17,28.83,25.99,30.67,27.04,26.49,26.78,25.45,23.98,24.33,24.89,25.98,25.11,24.74,25.34,25.73,25.65,25.28,25.98,26.45,25.51,25.5,27.03,25.93,26.31,25.95,25.9,26.24,26.47,25.7,26.32,26.68,28.12,26.1,26.57,27.21,26.23,25.4,24.73,25.77,25.06,24.17,24.21,24.85,25.05,25.12,24.32,25.47,25.89,25.81,25.58,26.23,25.04,25.59,25.72,26.24,25.63,25.83,25.89,25.78,25.77,26.19,26.5,26.43,25.42,26.95,26.39,26.33,26.34,25.36,25.8,25.5,25.43,24.46,25.03,24.89,25.11,24.82,25.22,25.11,25.57,25.29,26.33,25.23,25.95,25.95,26.5,26.53,25.79,25.7,25.38,26.68,25.78,25.01,26.37,25.28,26.58,26.88,26.04,27.65,25.84,25.59,24.21,23.84,23.65,25.01,24.34,25.22,25.01,24.92,25.38,25.15,24.58,25.38,25.74,25.98,25.05,25.45,25.77,26.1,25.75,25.43,25.51,25.8,25.88,26.09,26.38,25.93,25.29,26.07,25.76,26.74,25.69,25.3,25.57,25.47,25.02,24.88,24.05,25.06,25.3,24.78,25.35,25.64,25.5,25.46,26.31,26.15,26.2,25.58,25.81,26.21,26.24,25.4,26.91,26.19,26.37,26.48,25.9,26.69,26.12,26.22,27.09,26.94,25.39,25.7,24.27,25.05,24.64,24.66,25.19,25.89,24.98,25.21,24.87,25.2,24.99,27.22,28.82,27.54,26.19,25.65,25.66,25.94,26.63,26.22,25.55,25.86,26.27,26.15,25.67,26.71,26.44,25.88,26.28,27.75,25.82,25.64,25.53,24.06,25.08,24.42,24.91,25.22,25.63,25.28,25.35,25.49,25.94,27.48,30.29,29.24,26.37,26.05,25.98,26.15,26.06,25.79,25.92,26.57,26.01,26.39,26.24,26.7,26.1,25.97,25.96,27.19,24.61,25.04,24.29,26.48,24.93,24.78,24.84,25.46,24.93,25.72,25.23,25.77,26.36,27.67,30.27,29.42,26.74,25.67,25.83,25.74,25.58,26.31,25.68,26.37,25.62,26.14,26.5,26.07,25.95,26.5,26.4,26.68,26.73,25.0,25.48,24.84,25.73,24.69,25.09,25.33,25.67,24.94,25.73,25.28,25.91,26.96,30.26,29.57,26.54,25.64,26.13,25.76,26.24,25.91,26.61,26.55,26.4,26.2,26.86,26.63,26.47,26.72,26.47,26.62,26.3,25.9,25.16,25.48,25.06,25.54,25.23,25.21,24.96,25.89,24.93,25.23,25.57,26.28,28.58,28.98,26.45,25.54,25.44,25.99,25.95,26.01,26.21,25.98,26.16,26.25,26.27,26.52,26.03,26.19,27.09,27.25,25.84,24.92,25.72,25.55,25.93,25.04,25.54,25.13,25.12,25.07,25.26,25.21,25.71,26.47,28.39,28.6,26.7,25.69,25.95,26.33,26.08,25.53,26.6,26.12,26.46,25.97,26.0,26.1,27.23,26.85,26.79,27.68,25.31,25.65,24.84,25.51,25.4,25.87,25.12,25.85,25.28,25.42,25.26,25.79,25.88,26.75,28.16,28.66,26.32,26.6,25.83,26.03,25.43,25.42,25.6,26.2,25.83,25.97,26.55,26.52,26.07,26.47,26.65,26.75,25.5,24.95,25.68,24.84,25.41,25.66,25.38,25.15,25.55,25.77,25.97,25.72,26.11,27.75,29.59,29.56,26.59,26.02,26.1,25.64,25.85,25.48,25.9,26.29,26.52,26.15,27.11,26.43,27.1,26.22,27.13,26.78,25.57,26.38,25.37,25.59,25.31,25.74,25.74,25.79,25.34,25.31,26.02,26.13,26.08,28.28,29.91,29.98,26.2,25.4,25.73,26.09,25.09,25.61,25.51,25.83,25.75,26.07,25.97,26.28,26.8,26.92,26.09,27.35,26.29,25.99,25.3,25.75,25.59,25.27,25.62,25.8,25.24,25.34,25.83,26.02,27.08,28.74,30.23,28.5,26.1,25.94,26.21,25.98,26.43,25.78,25.61,26.14,26.14,25.99,26.47,26.0,27.36,27.25,27.16,26.56,25.62,25.8,24.85,25.26,25.23,25.79,25.56,25.85,25.51,25.13,25.64,25.61,27.56,28.04,28.21,27.26,25.22,25.34,25.64,26.64,25.91,26.17,26.2,26.11,25.79,26.04,26.52,26.98,26.73,26.36,26.91,27.4,26.49,25.29,25.54,25.67,25.86,24.92,25.45,26.41,26.33,25.22,25.89,25.63,26.58,27.38,27.7,26.44,25.57,25.7,25.29,26.59,26.36,26.26,26.3,26.27,26.19,26.01,27.23,26.85,26.55,26.94,27.24,26.96,25.4,25.26,24.34,24.6,25.61,25.58,25.82,26.05,25.06,25.67,26.39,26.05,25.69,25.97,26.05,26.21,25.58,25.61,25.94,26.53,25.45,25.98,26.46,26.07,25.95,26.03,26.67,26.03,26.13,26.31,26.79,27.68,26.03,25.3,25.13,25.12,25.41,25.39,25.57,26.07,25.78,25.72,25.85,26.0,26.55,26.01,25.96,26.01,25.78,25.7,25.79,25.8,26.63,25.68,26.34,26.49,26.02,25.96,26.26,26.89,27.15,26.45,28.07,27.05,25.28,25.23,25.03,25.14,25.28,25.73,24.98,25.51,25.45,25.6,25.36,25.77,25.34,25.19,25.85,26.13,25.62,25.82,26.24,26.13,25.88,25.67,26.26,26.54,25.71,25.71,26.3,26.49,26.36,26.94,26.69,27.46,26.82,24.88,25.37,25.64,25.62,25.44,25.28,25.89,25.14,25.4,25.56,26.03,25.59,25.24,25.64,25.4,26.23,25.7,25.96,26.32,25.94,26.21,26.58,25.98,25.45,25.7,26.24,26.05,26.94,26.34,27.32,28.33,25.41,26.06,25.01,26.5,24.13,25.21,25.76,25.87,25.01,25.69,24.67,25.44,25.08,25.79,25.5,25.16,25.75,25.02,25.41,25.53,25.69,26.03,25.48,26.04,24.9,24.63,25.67,26.24,25.81,26.3,27.19,28.48,25.2,26.52,25.26,25.8,24.94,24.12,25.63,25.59,25.73,25.57,25.74,25.19,25.47,24.97,25.61,25.48,26.03,25.43,26.1,25.13,25.5,26.37,26.18,26.76,25.42,25.07,25.38,26.53,26.6,26.77,28.6,28.13
2020-06-29 16:09:26.4384,0,26.02,27.11,26.88,25.64,23.76,24.58,25.19,24.51,26.08,26.49,25.92,25.57,26.5,26.33,26.13,26.36,26.77,26.54,26.18,26.51,26.54,27.12,26.11,26.24,27.78,27.8,27.58,26.17,27.63,28.79,28.02,27.69,27.71,26.43,26.58,25.92,24.96,25.66,24.8,25.75,25.95,25.89,26.0,26.4,26.16,25.8,26.86,27.35,27.03,26.4,26.2,26.59,26.41,26.35,26.72,26.95,27.17,26.94,26.74,27.12,27.54,26.13,29.45,28.1,26.79,26.37,26.78,25.43,25.66,25.07,25.24,25.54,25.31,25.76,25.5,25.7,26.02,26.29,26.68,25.62,27.07,26.66,25.98,26.72,27.0,26.07,26.15,26.29,26.89,27.02,26.6,27.68,27.11,27.0,28.32,26.6,27.59,26.07,26.05,26.51,26.64,25.37,25.57,26.31,25.48,25.21,25.45,26.11,25.93,26.37,26.56,26.18,26.64,26.44,25.92,26.54,26.98,25.96,26.01,26.67,26.3,26.86,25.98,27.67,27.67,26.23,26.29,28.78,27.15,27.02,25.38,25.15,25.15,26.15,25.87,24.64,25.26,25.78,25.51,25.74,25.61,25.62,26.1,25.77,26.39,26.45,26.35,26.44,26.12,26.36,26.49,26.29,26.93,26.47,26.63,26.93,26.53,27.32,28.02,26.09,25.33,26.55,25.28,25.22,25.41,25.44,25.12,25.98,25.53,25.41,26.16,26.12,25.84,26.15,26.43,26.83,26.12,25.83,26.15,26.36,26.69,26.22,26.79,26.81,26.48,26.87,25.86,26.8,26.99,27.14,26.95,28.62,27.17,25.39,25.87,24.96,25.92,26.71,26.1,25.99,26.07,26.24,25.34,25.87,27.0,27.55,29.07,28.17,26.64,26.09,26.02,26.17,26.56,26.02,26.25,26.45,26.52,26.76,26.46,26.94,27.16,28.01,27.42,26.87,26.99,26.09,25.12,25.77,25.32,25.64,25.4,25.61,26.22,25.42,25.8,25.96,26.58,28.32,30.61,29.19,26.99,26.4,26.12,27.11,26.81,26.88,26.27,26.83,27.3,26.52,27.0,26.82,27.24,26.85,26.72,28.18,26.86,26.67,25.34,25.01,26.14,25.55,25.34,26.18,26.09,26.39,26.22,25.59,27.28,28.28,29.96,30.01,27.37,26.37,25.98,25.88,26.42,26.74,25.72,26.49,26.67,26.61,27.39,26.04,27.35,27.03,28.0,26.57,27.33,26.12,25.57,25.42,25.57,26.8,24.96,25.47,25.79,25.95,25.66,26.14,26.61,27.58,29.85,29.91,27.33,26.45,26.37,27.16,26.37,26.56,26.22,26.7,26.75,27.27,26.84,26.76,26.56,26.83,27.37,27.57,26.91,26.31,25.73,25.87,25.98,25.77,25.97,25.56,26.09,25.8,25.99,25.46,26.1,27.16,29.45,28.94,27.33,26.51,26.07,26.31,26.78,26.82,26.77,26.75,27.08,26.71,26.52,27.26,27.39,27.14,26.7,26.32,27.13,26.71,26.42,25.97,26.3,26.46,25.42,25.39,25.9,25.95,25.7,25.96,26.13,26.82,28.18,28.4,27.02,26.59,26.37,26.96,26.7,26.27,26.12,26.48,27.13,26.8,26.85,26.87,27.46,26.68,26.55,27.61,26.96,27.4,26.01,25.6,26.3,26.23,25.86,25.74,26.17,25.55,26.12,25.72,26.23,27.44,29.31,28.53,26.85,26.83,25.99,25.98,26.16,26.14,26.68,26.33,26.31,27.11,26.31,27.01,27.57,27.41,27.23,27.16,27.45,25.89,25.32,25.84,25.65,26.17,25.61,25.87,26.21,25.81,25.7,25.97,26.53,28.37,29.37,29.81,27.19,26.09,26.15,26.09,26.28,26.42,26.44,26.85,26.76,26.86,26.6,26.82,28.16,27.04,27.37,27.87,26.55,26.45,26.25,25.68,26.38,26.24,25.99,25.79,26.45,26.18,26.18,26.57,27.09,28.97,31.13,29.94,26.45,25.91,26.65,26.32,26.14,26.54,26.59,26.6,27.02,27.0,26.98,26.77,28.6,27.59,27.84,27.42,26.71,26.08,25.7,26.16,26.49,26.05,26.58,26.29,25.58,25.71,26.47,26.68,27.41,29.27,30.01,29.75,26.42,26.47,26.54,26.71,26.67,26.64,26.36,27.15,26.71,26.95,26.45,27.17,27.45,27.79,27.24,27.33,26.43,26.74,25.11,25.5,25.62,26.03,25.69,26.21,26.11,26.57,26.42,25.74,27.12,29.04,29.22,28.26,25.86,25.86,25.99,26.38,26.47,26.51,26.77,26.56,26.86,26.51,26.64,27.08,27.72,27.05,28.19,28.16,27.29,26.45,25.46,25.31,26.52,26.0,26.06,25.93,26.46,26.26,26.12,26.41,27.21,27.63,27.83,27.38,26.48,26.15,26.32,26.74,26.6,26.61,26.42,26.53,26.77,26.63,26.81,27.24,27.08,26.9,26.96,27.75,27.0,26.61,25.44,25.99,26.3,26.8,26.34,26.03,26.5,26.49,26.32,25.95,26.57,26.62,27.02,26.44,26.24,26.75,26.09,26.14,26.67,26.86,26.13,26.89,26.58,27.15,26.79,27.42,26.85,27.17,26.87,27.18,26.66,26.13,24.87,25.88,26.23,26.79,26.34,26.33,26.26,26.1,25.86,26.37,26.68,27.01,26.61,26.68,26.43,26.37,26.13,26.48,26.87,26.71,26.69,27.1,26.64,26.73,26.5,26.86,26.92,27.34,27.95,28.63,27.82,26.47,25.67,25.56,25.85,26.58,26.23,26.17,26.61,25.71,26.34,26.01,26.39,25.54,25.99,26.25,26.53,26.82,26.04,26.25,26.6,27.09,26.76,26.27,26.36,26.63,27.01,26.58,27.11,27.87,28.13,27.91,27.07,26.57,26.54,25.73,26.18,26.01,25.82,26.58,26.82,25.92,25.67,25.8,25.94,26.3,26.1,26.46,26.02,26.74,25.62,26.7,27.24,26.23,26.57,26.24,26.36,26.38,26.48,26.47,28.33,26.78,27.37,29.02,26.93,27.19,26.66,25.77,25.25,25.46,26.81,25.96,26.11,26.07,25.86,26.07,25.85,26.15,25.88,26.27,26.25,26.22,26.41,26.14,25.95,26.4,26.16,26.7,26.34,25.79,25.1,25.63,25.72,27.11,26.99,28.74,27.98,25.36,25.52,26.86,26.4,25.93,26.52,26.34,26.26,26.12,25.31,25.99,25.97,26.12,25.72,26.13,26.14,25.45,26.09,26.18,26.65,26.1,26.0,27.03,26.26,26.41,25.13,26.62,27.03,27.23,28.6,30.38
2020-06-29 16:09:26.5669,0,25.53,26.71,24.82,24.52,23.76,25.71,24.68,25.21,25.47,26.06,25.05,25.87,26.24,26.35,26.0,25.83,26.12,26.42,25.77,25.69,26.41,26.71,26.28,26.56,26.5,27.64,26.1,26.57,26.92,27.11,26.87,27.71,25.27,24.72,25.7,25.51,23.31,24.6,24.65,25.27,25.82,26.04,25.73,25.86,25.64,26.08,25.84,26.06,26.28,26.28,26.75,26.86,26.15,26.08,26.74,26.81,25.94,26.79,27.29,26.22,27.14,26.13,28.6,25.78,27.37,26.38,26.0,25.84,24.82,24.26,24.63,25.1,26.01,25.64,25.38,25.97,25.79,26.06,25.97,26.0,26.61,26.08,25.38,26.49,25.65,26.21,26.29,27.13,26.47,26.3,26.28,26.86,27.47,26.63,26.38,29.43,27.36,25.86,25.68,25.58,25.69,24.89,25.14,24.86,25.5,25.35,25.47,26.0,25.82,26.03,25.64,25.84,26.54,25.98,26.17,26.67,26.04,26.21,26.55,25.87,26.03,26.29,25.84,26.21,26.49,26.78,26.55,28.21,26.53,25.64,24.3,24.46,25.78,25.86,25.03,25.34,25.27,26.05,25.28,26.11,26.06,25.52,25.78,25.57,26.18,26.36,26.14,26.01,26.93,26.03,25.77,26.55,26.14,26.08,26.64,27.25,26.05,27.67,27.04,27.0,27.77,25.97,25.12,24.19,25.73,25.74,25.55,25.06,25.92,24.93,25.37,25.44,25.32,26.05,26.56,25.88,25.5,26.26,26.06,26.36,26.15,26.0,26.1,26.57,26.62,26.61,26.44,26.06,26.53,26.66,27.73,25.99,25.85,26.88,26.05,25.14,25.06,26.03,25.32,25.75,25.48,25.46,25.68,25.78,26.18,27.76,28.88,28.09,26.25,25.7,26.33,26.7,26.04,26.15,25.81,26.92,26.77,27.15,26.61,26.96,26.71,26.93,27.07,26.89,26.27,26.28,24.98,25.3,25.62,25.51,26.18,25.24,26.0,25.66,25.82,25.76,26.9,28.14,30.24,29.4,26.71,25.62,25.83,26.11,25.99,26.27,26.28,26.61,26.37,26.29,26.1,26.97,26.5,26.86,26.91,28.01,26.15,25.82,25.98,25.81,25.33,26.24,25.6,25.34,25.2,25.42,25.6,26.02,26.34,28.01,29.97,30.21,26.62,26.1,26.28,26.38,25.74,26.16,26.37,26.83,26.68,26.98,26.25,25.92,26.79,26.6,26.16,26.41,26.64,26.47,25.74,26.34,25.85,25.49,25.22,25.84,25.48,26.17,26.19,25.74,26.25,27.59,29.78,30.46,26.41,25.99,26.19,26.41,26.2,26.67,26.44,26.38,27.1,26.58,26.61,26.5,27.0,26.69,26.06,27.4,26.39,25.98,25.58,25.88,25.59,25.79,24.77,25.69,25.44,25.93,25.69,25.58,25.63,26.99,28.74,28.86,26.62,26.71,26.45,26.33,26.31,26.16,26.57,26.76,26.2,26.5,26.16,26.51,26.43,26.45,27.03,27.01,25.75,25.87,25.67,25.07,25.4,25.7,25.44,25.28,25.59,25.44,25.61,25.87,26.24,26.73,28.73,28.5,27.13,26.05,26.29,26.41,26.43,26.47,26.55,26.81,26.93,26.35,26.25,26.88,26.52,26.97,27.04,27.3,25.93,26.41,25.11,25.91,26.18,25.74,24.91,25.4,25.86,25.67,25.73,25.44,26.05,26.9,28.42,28.81,27.04,26.2,25.54,25.81,25.21,26.06,26.07,26.97,26.54,26.33,26.82,27.15,27.17,26.58,27.08,27.67,25.58,25.9,26.08,26.14,26.31,25.67,25.99,25.88,26.12,25.82,25.82,25.69,26.46,28.01,29.65,29.9,27.02,26.19,26.44,26.0,26.2,26.04,26.36,26.65,26.55,26.76,26.37,26.7,27.21,27.19,27.38,27.39,25.49,26.64,25.17,25.4,25.98,25.74,25.04,25.81,25.28,25.88,25.37,26.48,27.0,28.8,30.43,29.68,26.55,26.11,25.52,26.05,26.15,26.26,25.88,26.19,26.8,26.55,26.36,26.4,27.34,27.32,26.86,26.59,27.08,25.91,25.41,25.12,26.64,25.8,25.64,25.71,25.92,25.93,26.28,26.29,27.89,29.28,30.29,29.03,26.44,26.02,26.65,26.34,26.29,26.25,25.96,26.51,27.29,26.95,26.97,26.53,26.9,27.08,26.92,27.17,26.62,26.05,24.96,26.45,25.35,25.91,25.82,25.61,25.89,25.93,26.0,26.07,27.03,28.57,28.37,27.89,26.16,26.55,26.19,26.69,26.28,26.22,26.13,26.47,25.71,26.05,26.78,26.28,26.7,27.66,27.69,28.17,27.3,26.46,26.12,25.63,25.14,25.6,26.08,25.93,25.9,26.04,25.92,26.21,26.73,27.93,27.65,27.29,26.21,25.97,26.33,26.35,26.72,26.21,26.0,26.87,27.13,26.64,26.55,27.25,26.81,26.6,27.5,27.75,27.39,25.7,25.45,24.86,25.44,25.98,25.69,26.3,25.68,26.16,26.1,26.74,26.89,26.74,26.52,26.56,25.84,26.16,25.89,26.26,26.04,26.01,26.14,26.44,26.22,26.28,25.95,26.58,26.39,27.35,27.23,27.94,25.52,25.95,25.57,25.56,25.52,26.66,25.83,26.21,26.04,25.28,26.33,26.38,26.38,26.49,26.31,26.27,26.34,26.28,26.25,26.17,26.02,26.17,26.48,25.92,26.28,26.99,27.23,27.15,26.47,27.03,27.79,27.51,26.59,25.89,25.31,25.58,26.17,26.29,26.66,25.49,25.21,26.23,25.27,25.78,26.18,26.11,25.56,26.15,25.99,25.41,25.6,26.61,25.79,26.04,26.39,26.66,26.63,25.83,26.72,26.75,26.3,28.05,28.91,27.72,26.67,25.57,25.82,25.38,25.88,25.24,26.26,26.3,26.7,25.8,25.94,25.32,25.96,25.73,25.78,25.9,25.82,26.19,26.1,26.35,25.96,26.6,26.2,26.63,26.24,26.39,25.89,26.48,26.54,26.97,26.78,28.39,25.19,25.66,25.48,26.57,25.26,25.47,25.56,25.67,25.84,26.36,25.34,25.69,25.98,25.55,25.39,25.67,25.9,25.88,25.04,26.41,26.08,26.42,25.34,26.01,25.91,26.11,25.28,25.48,26.26,26.94,27.47,27.34,26.33,26.33,26.34,27.07,26.07,24.92,24.77,25.55,25.14,25.56,25.6,26.0,25.73,24.73,26.12,25.38,25.41,25.58,25.72,26.83,25.76,26.51,26.85,26.02,25.83,25.5,25.98,26.63,25.59,26.28,27.82,29.09
2020-06-29 16:09:26.6938,0,25.38,29.48,25.72,25.55,25.17,24.86,25.41,25.27,26.11,26.4,25.5,26.05,26.1,26.65,25.87,26.13,26.39,25.78,26.47,26.0,25.71,26.46,26.6,26.3,27.66,26.36,26.71,27.04,27.5,28.42,28.45,28.91,28.02,27.31,26.26,25.15,25.24,24.46,25.21,24.8,26.3,25.76,25.48,25.86,25.53,25.68,25.99,25.92,26.68,26.02,26.51,25.79,25.77,26.64,26.78,26.82,27.69,26.97,26.11,26.99,27.65,27.91,29.35,29.08,26.66,27.23,25.47,25.54,24.51,25.48,24.65,24.84,24.9,25.67,24.45,24.83,25.53,26.44,25.95,26.37,25.88,26.68,26.34,26.51,26.01,26.1,26.02,26.2,26.33,26.78,26.31,26.41,27.16,27.29,27.08,27.92,27.25,25.94,26.34,25.07,25.58,24.91,25.03,25.02,25.66,25.88,25.36,25.74,25.6,25.54,26.47,26.06,26.43,26.43,25.83,26.18,26.42,26.2,26.57,26.14,26.06,26.16,26.36,26.24,27.75,26.46,27.87,28.07,25.76,26.53,24.89,24.7,25.49,25.45,24.76,24.96,26.02,25.19,25.51,25.77,25.49,25.97,25.76,26.34,26.16,26.03,26.45,26.24,26.68,26.15,26.25,26.44,26.41,26.37,26.65,25.77,26.4,26.72,26.7,26.67,27.06,26.42,25.54,25.77,25.47,25.31,25.03,25.72,25.57,25.28,25.38,25.31,25.54,25.92,26.24,26.07,26.03,25.92,25.74,25.9,26.49,26.76,26.23,26.56,26.9,26.48,26.34,26.82,27.06,27.18,25.9,27.69,25.9,26.04,24.07,24.7,25.21,25.78,25.58,25.26,25.59,25.46,25.33,25.45,25.95,27.25,28.65,27.78,26.22,25.9,26.1,26.08,26.33,26.36,26.13,26.24,26.4,26.79,26.61,26.99,26.73,26.5,26.23,27.34,26.9,25.77,25.36,26.12,25.94,24.96,25.82,25.1,26.59,25.3,26.03,25.4,26.18,28.1,29.95,29.65,26.61,26.58,25.83,25.97,26.3,26.13,25.96,26.02,26.38,26.27,26.39,26.69,27.14,26.41,27.67,27.51,26.73,25.19,25.53,25.23,24.92,25.33,25.46,25.36,25.74,25.42,25.47,25.81,26.49,28.28,30.39,29.83,26.78,26.19,26.24,25.79,25.7,26.45,26.45,26.62,26.32,26.16,26.5,26.08,26.94,26.64,27.04,26.65,26.71,26.33,26.25,25.75,26.01,25.62,25.6,25.82,25.81,25.72,25.88,25.81,26.24,27.55,29.94,29.33,26.87,26.05,26.18,26.18,26.47,26.43,26.55,26.68,26.66,26.21,26.5,26.5,26.61,27.57,27.77,27.27,27.13,26.39,25.92,26.08,25.59,26.07,25.72,25.94,25.74,25.29,25.46,25.87,25.41,26.98,28.98,28.85,26.94,26.51,26.23,26.6,26.37,26.54,26.23,26.76,26.73,26.16,26.52,26.53,26.3,26.48,26.9,27.4,26.51,25.73,25.87,26.14,25.55,25.82,25.8,25.84,26.02,25.72,25.51,25.64,26.13,26.32,28.44,28.28,26.57,26.37,26.28,26.37,26.23,26.14,26.75,26.99,26.38,26.56,26.02,26.87,27.37,26.98,26.94,27.81,25.62,27.31,25.73,25.66,26.18,26.14,25.37,25.64,25.62,25.88,25.69,26.12,26.01,27.63,28.92,28.98,26.72,26.28,26.33,26.17,26.33,25.76,26.45,26.66,26.29,26.68,27.06,26.66,27.17,26.47,26.94,27.4,26.34,26.94,25.83,26.3,25.94,26.17,26.0,25.05,25.8,25.69,25.61,26.14,26.63,28.24,29.54,30.39,27.1,26.42,26.24,25.77,26.09,25.91,26.04,26.62,26.45,26.51,26.88,26.69,27.65,27.34,27.11,27.41,26.24,26.01,25.5,24.84,25.71,26.27,25.75,25.82,25.9,26.09,26.05,25.97,26.87,28.97,30.39,30.21,26.23,26.65,26.24,27.18,26.31,26.25,26.46,26.4,26.67,27.02,26.35,26.68,27.21,27.35,27.71,27.16,26.44,26.29,25.91,25.28,26.4,25.92,25.53,25.93,25.81,25.69,26.58,26.05,27.13,29.42,30.01,29.08,26.42,25.88,26.35,26.3,26.48,25.61,25.85,26.59,26.51,27.4,26.49,26.52,27.22,27.67,26.98,27.37,27.03,26.47,25.63,25.57,25.22,26.6,25.69,25.99,25.98,26.26,26.08,26.49,26.8,28.56,29.0,27.59,26.22,26.64,26.26,26.48,26.14,26.31,26.76,26.14,26.62,26.9,26.65,26.45,26.71,26.96,26.35,26.85,28.63,26.49,25.85,25.65,25.87,25.73,25.72,26.17,26.14,26.02,25.6,25.97,26.72,27.61,27.45,27.06,25.71,26.12,26.03,26.52,26.4,26.18,26.55,26.51,26.68,26.62,26.45,26.7,26.84,27.83,27.56,27.96,26.68,26.15,25.98,25.57,25.88,26.71,26.08,26.45,26.38,26.28,25.86,25.64,26.55,26.42,26.79,26.65,26.01,26.16,26.28,26.16,25.9,26.56,26.47,26.45,26.21,26.3,26.66,26.04,26.41,26.46,27.99,27.83,26.76,26.37,25.97,25.25,26.0,26.38,26.25,26.2,26.29,26.44,25.88,26.24,26.16,25.93,26.41,26.24,26.03,26.04,26.36,26.25,26.99,26.47,26.83,26.62,26.54,26.47,26.98,27.02,27.14,27.21,28.04,28.13,26.45,26.37,25.53,25.99,25.57,26.49,25.68,26.77,25.71,25.87,25.61,25.55,26.04,26.45,26.09,26.27,26.52,25.85,26.26,26.39,25.66,26.53,26.51,25.93,26.1,26.27,27.18,26.64,26.82,27.78,28.58,27.21,26.77,26.23,26.45,25.06,26.25,25.73,26.44,25.88,25.81,25.54,25.46,25.8,26.2,25.94,26.46,26.56,26.38,25.83,25.53,25.99,26.44,26.22,26.48,26.49,26.27,26.39,26.08,27.28,26.92,27.18,27.28,27.6,27.04,27.54,26.33,25.29,25.12,26.19,25.43,26.02,25.0,26.12,25.47,25.59,25.97,25.06,25.63,25.56,25.52,26.01,26.04,25.93,25.82,27.1,26.16,26.47,25.62,26.3,26.13,26.22,26.67,27.39,27.8,28.36,26.78,26.18,27.03,26.14,25.96,24.94,25.78,26.2,25.74,25.42,26.03,25.86,25.62,25.48,26.38,25.87,26.17,25.44,26.12,25.91,25.91,25.97,26.19,27.33,26.17,25.82,25.87,26.66,27.48,27.29,27.71,29.26
2020-06-29 16:09:26.8217,0,25.9,28.65,25.73,25.76,24.02,25.76,24.55,25.77,25.03,26.69,24.77,26.33,25.14,25.95,26.69,26.11,25.06,26.16,25.78,26.4,25.72,27.01,26.0,26.75,25.72,27.02,26.53,27.4,27.51,29.24,26.15,32.12,29.61,25.96,25.57,25.17,25.22,24.47,25.53,24.97,26.44,25.18,25.89,25.87,26.45,25.29,26.76,26.19,26.79,25.9,26.63,26.07,26.03,25.53,26.32,26.98,27.52,26.17,27.16,26.64,27.43,27.21,30.19,30.24,26.38,26.74,25.08,26.87,25.54,25.3,24.81,26.18,25.19,25.79,24.99,25.72,26.15,26.06,25.96,26.59,25.53,26.43,25.86,26.98,25.65,26.34,25.35,26.32,25.33,26.03,25.67,27.24,26.28,27.46,25.97,28.6,26.23,25.73,26.7,24.89,26.05,24.28,25.02,24.44,24.97,25.49,25.85,25.25,26.05,25.42,25.99,25.71,26.07,26.32,26.05,26.43,26.4,26.33,26.69,25.75,26.19,26.31,26.5,26.57,27.4,25.0,27.38,26.35,26.61,28.29,24.35,26.09,25.8,26.34,24.91,25.76,24.89,25.43,25.16,26.1,25.72,25.96,25.65,26.55,25.62,26.02,26.46,26.33,26.12,25.68,26.62,26.42,25.88,26.9,26.08,26.82,25.27,27.38,25.7,27.76,26.84,25.05,25.7,25.09,25.3,25.76,25.43,25.46,25.55,25.17,25.48,24.74,25.09,25.49,26.44,25.97,26.54,25.71,26.05,26.02,26.47,26.32,26.45,26.81,26.24,26.49,26.89,26.38,27.04,26.2,26.84,27.7,25.53,26.94,24.42,25.34,24.64,25.49,25.85,26.01,25.35,25.56,25.34,25.99,25.75,27.24,28.55,28.37,25.63,25.88,26.0,26.79,26.12,26.45,26.02,26.8,25.68,26.78,26.08,27.12,26.89,26.49,27.13,27.51,25.95,24.87,25.82,24.21,25.78,24.97,25.93,25.49,26.0,24.97,25.91,25.85,26.17,27.32,30.61,29.47,26.69,26.09,26.5,26.28,26.8,26.14,26.16,26.71,26.72,26.41,26.5,26.7,27.57,26.11,27.65,26.61,26.92,26.56,25.86,25.37,25.21,25.85,25.35,25.83,25.18,25.63,25.58,26.52,26.11,27.98,30.21,30.18,26.4,25.79,25.96,26.55,26.11,26.44,26.14,27.04,26.21,26.97,26.64,26.86,26.23,26.48,26.88,28.02,27.39,26.0,25.77,26.37,25.46,25.5,25.71,25.23,25.91,25.62,25.76,25.52,26.03,27.28,29.93,29.61,26.57,25.59,26.26,26.19,26.07,26.44,26.63,26.26,26.42,26.45,27.11,26.38,26.74,27.44,27.75,27.11,26.09,26.37,25.77,25.76,25.33,25.92,25.25,25.57,25.31,25.7,25.37,25.55,25.6,27.24,28.53,29.01,26.76,26.31,25.58,26.49,25.89,26.72,26.45,27.17,26.41,26.38,27.02,26.52,25.89,27.45,26.58,28.53,25.8,26.25,26.31,25.39,26.06,25.18,26.38,24.8,26.32,25.62,25.89,25.55,25.74,26.33,28.52,28.46,27.27,25.55,26.35,26.28,26.5,26.25,26.01,26.79,26.8,26.68,26.86,26.5,27.49,26.42,26.76,26.01,26.15,26.96,26.04,25.64,25.28,25.74,25.14,25.63,25.84,25.86,25.4,25.81,25.83,27.8,28.48,29.14,26.28,26.26,26.33,26.62,25.76,26.13,26.15,27.05,26.41,26.78,26.57,27.02,26.07,27.44,26.78,27.71,26.32,26.28,25.96,25.28,26.05,25.29,25.62,25.52,25.57,25.69,25.89,25.46,26.7,27.88,29.97,29.43,26.72,25.97,26.23,25.97,25.59,26.01,26.44,26.84,26.65,26.86,27.11,26.06,27.36,27.34,27.42,27.42,25.54,27.03,25.2,26.61,25.59,26.13,25.64,25.92,25.69,25.97,25.86,26.16,26.4,28.68,30.31,30.37,26.05,26.27,26.15,26.88,25.82,26.53,25.96,26.6,26.11,27.24,26.23,27.57,27.22,27.48,27.06,27.31,26.95,25.96,25.28,25.44,25.72,26.18,26.11,25.58,26.33,25.59,26.26,26.36,27.21,28.88,30.44,29.0,26.59,26.08,26.81,26.11,26.56,25.52,26.36,27.03,26.49,25.66,26.85,26.92,26.92,26.95,26.96,26.87,25.76,26.81,25.63,26.02,25.09,26.05,25.82,26.1,25.42,26.03,25.77,26.58,27.1,28.45,28.72,28.35,25.93,25.85,25.97,26.66,26.46,26.09,26.12,26.68,25.81,26.88,26.66,26.7,26.72,27.39,27.56,27.87,27.9,25.8,26.0,26.13,25.57,25.2,26.45,26.18,26.01,25.81,26.12,26.4,27.4,27.52,28.01,26.67,25.89,25.64,26.41,26.43,26.49,26.09,26.75,26.08,26.78,26.63,26.7,26.44,27.71,27.08,27.89,27.8,26.88,25.2,24.65,25.88,25.17,26.27,25.17,26.18,25.79,26.5,25.53,26.73,26.04,26.4,26.39,26.54,25.51,26.55,25.66,26.86,25.48,26.86,26.82,26.2,26.46,26.54,26.53,27.02,25.96,26.91,27.11,29.1,27.31,26.01,25.61,25.59,26.27,25.68,26.89,25.68,26.03,25.98,26.32,26.7,26.89,26.68,26.5,25.31,26.22,25.63,26.34,25.84,26.12,25.71,26.58,26.27,26.15,27.12,26.54,26.59,26.97,26.59,28.56,28.33,25.84,26.75,25.36,26.49,26.2,26.02,25.69,25.64,25.21,25.98,25.62,26.14,25.37,26.77,25.76,26.59,25.53,26.28,25.92,26.37,26.13,26.27,26.27,26.66,25.71,26.93,26.29,26.63,26.67,27.42,26.84,27.6,26.75,24.21,26.25,25.61,25.91,25.58,26.71,25.89,25.8,25.67,25.56,25.56,25.84,25.84,25.88,26.11,25.47,26.29,26.32,26.58,26.66,25.87,26.46,26.25,25.98,25.99,26.22,26.35,27.24,27.54,28.66,27.18,25.82,26.64,25.15,27.02,24.79,25.68,26.06,26.46,25.43,25.69,25.21,26.75,25.47,26.05,26.13,26.04,26.01,26.23,25.92,26.66,25.83,26.03,26.45,26.59,25.05,25.68,25.31,26.38,25.59,27.18,27.1,28.91,26.2,26.44,27.01,26.15,25.94,24.96,26.4,25.9,26.15,24.87,25.74,25.74,26.12,25.11,25.99,25.75,25.41,25.82,25.85,25.79,25.76,25.84,26.87,25.89,26.3,25.68,27.02,25.81,26.74,27.49,29.27,27.97
2020-06-29 16:09:26.9502,0,30.26,25.75,26.25,26.9,24.8,24.66,25.77,25.26,25.97,26.39,25.82,25.76,26.12,25.96,26.02,26.25,26.27,26.57,26.35,25.85,26.71,26.45,27.22,26.91,27.51,26.86,28.02,27.41,28.7,28.41,27.89,29.56,27.2,27.66,25.13,26.23,24.49,24.48,24.36,25.14,24.95,25.48,25.19,26.15,25.92,26.09,26.24,26.2,25.65,25.78,26.5,26.21,25.62,26.38,26.03,27.14,26.44,27.64,26.82,27.55,27.64,27.21,26.73,30.23,27.25,26.74,25.88,25.72,25.21,24.3,24.51,25.74,25.2,25.66,25.26,25.86,25.79,25.95,26.57,25.52,25.9,26.91,25.75,26.5,26.77,26.47,26.31,26.05,27.07,26.48,26.81,27.58,27.17,26.33,28.75,27.91,27.24,25.73,25.75,26.58,24.75,24.93,24.73,25.33,25.25,25.63,24.97,25.76,25.59,25.79,25.76,26.19,26.42,25.98,26.4,26.08,26.17,26.22,26.17,26.42,26.33,26.32,25.72,26.42,27.4,25.93,27.38,27.8,25.77,25.12,25.09,25.75,24.89,24.84,26.18,24.81,25.53,25.93,25.28,25.4,25.84,26.07,26.44,26.11,26.29,26.24,25.58,25.89,26.58,26.26,26.02,26.18,26.56,26.77,25.94,26.98,26.26,26.71,26.92,27.55,25.84,26.44,25.53,25.96,25.01,25.32,24.88,25.47,25.19,25.91,25.6,25.56,25.96,25.72,26.76,26.4,26.02,25.83,25.62,25.92,26.37,25.99,26.58,26.94,26.63,27.02,26.61,27.13,26.41,26.7,27.04,27.3,27.06,25.66,24.76,25.83,25.66,25.5,25.99,25.25,25.96,25.91,26.11,25.44,26.59,27.45,29.36,27.97,26.24,25.99,26.32,26.07,26.45,26.56,26.37,26.23,26.41,26.78,27.43,26.7,26.28,26.97,27.13,27.52,25.96,25.97,25.67,25.02,25.08,25.39,25.56,25.5,25.77,25.88,26.02,25.64,26.17,27.73,30.13,28.9,26.6,25.9,26.21,26.39,26.29,26.46,26.38,26.72,26.73,26.41,26.38,26.99,26.53,26.58,26.97,26.98,26.03,27.25,26.34,25.69,26.44,25.72,25.85,25.23,25.98,25.96,25.7,26.32,27.08,28.27,30.68,29.91,27.08,26.08,26.45,26.07,26.61,26.24,26.67,27.04,26.68,27.1,27.16,26.6,26.53,26.78,27.22,26.47,26.52,25.66,25.15,24.99,25.87,25.77,25.35,26.32,26.24,25.95,25.76,26.14,26.61,27.95,29.94,30.44,26.48,26.06,26.17,26.39,25.59,26.65,26.33,26.59,26.65,26.34,27.12,26.78,26.46,27.15,27.26,28.3,26.62,25.35,26.09,26.67,25.87,25.41,26.1,25.58,26.09,25.7,26.08,26.06,25.81,26.87,29.44,28.75,26.68,26.59,26.15,26.31,26.38,26.43,26.35,26.86,27.19,26.61,26.41,26.91,26.59,26.61,27.88,26.89,26.68,25.75,26.16,25.7,25.41,25.84,25.56,25.74,25.9,25.53,25.2,25.65,25.36,26.71,28.25,28.65,26.74,25.84,25.8,26.48,26.22,26.35,26.43,26.16,26.48,26.8,26.26,26.25,27.63,26.85,27.09,27.01,25.98,25.78,26.5,25.79,25.68,24.98,25.51,25.63,26.06,25.76,25.41,25.72,26.31,27.62,28.85,28.61,27.01,25.9,26.25,25.88,26.06,26.14,26.67,26.54,26.97,27.13,27.2,26.78,27.19,26.32,27.61,26.89,26.15,26.62,25.81,26.02,25.54,25.81,25.15,25.3,25.68,26.12,25.6,25.57,26.15,28.17,29.71,29.79,26.9,25.89,26.51,26.16,25.6,26.12,25.93,26.33,26.65,26.53,26.37,26.71,27.51,26.93,27.43,27.76,26.61,26.18,25.83,26.02,26.8,26.01,26.12,26.05,25.91,25.98,26.27,25.96,27.27,28.5,30.68,30.11,26.25,26.46,26.26,26.88,26.13,26.14,26.17,25.64,26.12,26.78,27.0,26.67,28.21,27.49,27.4,26.81,26.61,26.14,25.9,25.3,25.86,25.68,25.64,25.71,25.59,25.81,25.56,26.37,27.31,29.07,30.36,29.1,25.95,26.08,26.25,26.41,26.27,26.03,26.16,26.83,26.95,26.37,26.09,27.19,27.06,26.82,27.79,27.55,27.23,26.64,26.28,26.33,26.07,26.72,25.83,25.98,26.45,25.38,25.89,25.85,27.41,28.46,28.73,27.77,26.14,26.05,26.37,26.57,26.87,26.1,26.99,26.57,26.52,26.17,27.06,26.85,26.88,26.49,28.42,27.71,27.0,27.22,26.0,25.82,25.16,25.61,25.58,25.81,25.1,25.82,25.91,25.99,27.01,27.72,27.83,27.07,26.19,26.14,26.32,26.63,26.5,26.61,26.21,26.53,25.97,26.4,26.17,27.13,26.54,26.94,27.55,26.94,26.89,25.95,25.67,26.53,26.19,26.56,25.83,26.31,25.92,26.04,26.32,26.29,26.26,26.72,26.71,26.44,26.33,26.35,26.3,26.15,25.92,25.89,27.06,26.67,26.59,26.93,26.96,26.6,27.2,27.07,27.47,28.01,26.17,24.89,25.1,25.27,25.99,26.82,25.97,25.69,25.8,25.63,25.87,26.37,26.05,26.48,26.3,26.36,25.61,25.43,26.45,26.37,26.23,26.05,26.01,26.16,26.16,27.64,26.26,26.74,27.13,26.28,27.67,27.39,26.88,26.56,25.92,25.81,25.42,25.72,26.4,26.49,25.99,25.86,25.03,26.5,26.29,25.77,25.89,26.15,26.1,26.28,26.05,26.83,26.49,26.4,26.53,26.29,26.52,26.26,27.05,26.79,26.67,27.94,27.63,26.99,26.97,25.64,26.81,24.37,25.76,25.12,25.71,26.32,25.93,26.32,26.18,25.57,25.5,25.61,26.0,26.01,26.15,26.07,25.64,26.7,26.43,26.36,26.47,26.25,26.26,25.85,26.38,26.51,28.55,26.84,28.47,28.05,26.81,26.65,24.96,27.03,25.31,25.85,25.91,26.01,26.28,25.55,26.02,25.44,26.12,25.43,25.64,25.8,26.63,26.0,25.93,26.04,26.48,25.51,26.32,26.18,26.23,25.84,26.31,24.84,26.5,27.19,27.58,28.35,25.93,25.47,25.21,26.15,26.12,25.81,25.13,26.22,25.88,26.29,25.2,25.88,25.74,26.51,25.62,25.76,26.04,26.08,25.73,25.54,25.64,25.98,26.04,26.48,26.01,25.68,25.19,25.64,26.2,26.73,27.16,28.95
2020-06-29 16:09:27.0789,0,23.89,29.88,25.98,25.32,24.98,25.04,24.72,25.44,25.34,26.25,25.8,25.91,26.11,27.18,25.6,25.99,26.39,26.31,25.92,26.27,25.71,27.45,26.3,26.45,26.53,27.53,25.78,26.07,26.55,28.69,24.96,29.54,28.01,25.61,26.03,26.01,25.6,23.93,24.53,24.8,26.45,25.62,25.48,25.73,26.33,25.68,26.25,25.79,26.55,25.64,25.57,26.6,26.18,25.81,26.33,26.38,27.07,26.82,27.18,26.08,27.85,27.68,27.6,30.78,27.53,26.51,25.27,25.72,24.85,24.98,24.35,25.14,25.04,25.94,25.11,25.35,25.9,26.44,26.08,25.65,26.83,27.04,26.7,25.52,26.02,26.6,25.89,25.92,26.05,26.78,26.96,27.42,26.99,27.28,27.08,27.91,26.49,25.28,24.6,24.89,24.92,24.76,25.18,25.02,25.92,24.96,25.23,25.37,26.3,25.9,26.47,25.83,26.32,26.08,25.94,26.19,26.29,26.45,26.96,26.01,27.03,26.3,25.88,26.73,27.24,26.65,27.39,27.79,25.55,26.73,24.35,25.76,25.34,25.9,24.62,25.5,25.27,25.57,25.39,25.29,25.61,26.3,26.32,26.67,25.4,26.25,26.12,26.12,25.88,25.81,25.65,26.56,26.28,26.37,26.37,26.37,26.24,27.56,26.5,27.33,25.64,25.05,25.54,25.43,25.47,25.02,25.44,25.2,25.56,25.29,25.6,25.43,25.43,26.14,26.13,26.07,25.92,25.28,26.06,26.45,26.93,26.09,26.94,26.56,26.64,26.48,26.05,25.93,26.58,26.69,26.86,28.09,25.72,25.66,25.25,25.35,25.51,25.36,25.06,25.25,25.35,25.35,25.33,25.34,25.64,27.56,29.05,28.28,25.73,25.79,26.3,26.28,25.91,26.25,26.13,26.35,26.4,26.79,27.15,27.13,26.42,26.81,26.59,26.4,26.34,25.96,25.19,25.17,25.51,25.38,25.44,25.23,25.78,25.3,25.71,25.63,26.39,27.81,30.33,28.78,26.12,25.99,26.02,26.18,26.4,26.35,26.07,26.02,26.5,26.03,26.25,27.53,26.84,26.42,26.63,26.42,26.91,26.05,25.38,25.54,25.61,25.46,25.96,25.36,25.41,26.08,25.47,25.71,26.3,28.47,30.03,29.55,26.59,25.71,26.06,26.27,25.71,26.75,26.45,26.4,26.21,26.63,26.38,26.87,26.52,26.49,26.37,26.99,26.88,25.31,25.31,25.45,25.6,25.23,25.6,25.59,25.7,25.51,25.77,25.51,26.24,26.99,29.67,29.61,27.15,26.52,26.27,26.09,25.99,26.73,26.65,26.58,26.66,26.22,26.5,26.77,26.47,26.41,26.28,26.93,26.44,27.23,25.61,25.47,25.33,25.81,25.37,24.76,25.53,25.71,25.36,25.67,25.7,27.35,28.71,28.94,26.22,26.23,26.51,26.22,26.27,26.83,26.24,26.44,26.85,26.74,26.77,26.91,26.86,27.32,26.9,27.39,27.72,25.23,25.55,25.69,26.07,25.31,25.68,25.73,26.13,25.93,25.21,25.64,25.56,26.61,28.26,28.28,26.66,25.74,25.81,26.37,26.42,26.44,26.85,26.57,26.93,26.22,26.39,26.37,27.78,26.84,27.25,26.67,26.32,26.47,25.58,26.25,25.53,24.73,25.38,25.29,25.2,26.4,25.5,25.73,26.29,27.26,28.66,29.07,26.91,26.56,26.61,25.89,25.66,25.75,26.35,26.03,26.08,26.68,26.44,26.28,26.9,26.75,27.11,27.89,26.67,25.6,26.27,25.27,25.68,25.54,25.4,25.29,25.58,25.69,25.61,25.56,26.63,27.6,29.37,29.87,27.46,25.78,26.06,25.97,26.09,26.11,26.56,26.22,26.99,26.63,26.63,27.33,27.24,26.35,27.43,27.42,26.42,26.7,25.04,26.03,25.85,26.4,25.27,25.7,25.8,25.56,25.85,25.97,27.16,28.88,30.75,29.67,26.14,26.19,26.05,26.61,25.92,26.15,25.85,25.87,25.77,27.02,26.48,27.2,26.93,27.35,26.89,27.33,26.61,26.47,26.21,25.74,25.86,25.79,25.65,25.34,26.13,25.26,25.87,26.46,27.03,28.32,30.19,28.81,26.51,26.45,26.25,26.5,26.67,25.82,25.54,26.6,27.07,26.12,26.23,26.66,27.64,27.09,27.14,27.88,26.85,26.29,25.31,26.03,25.78,26.33,25.57,26.12,25.65,26.37,25.98,25.97,26.9,28.47,28.72,28.07,25.74,25.96,26.36,26.48,26.25,26.41,26.22,26.47,26.39,26.06,26.52,27.12,26.28,28.15,27.04,27.37,28.45,26.15,25.85,26.43,26.0,26.01,25.72,25.68,26.25,25.69,26.24,26.08,26.72,27.22,27.84,26.96,26.2,25.74,26.03,26.02,26.81,26.08,26.33,26.3,26.09,26.39,26.98,26.02,27.57,26.32,27.39,28.31,25.92,25.59,25.32,26.22,25.45,26.57,25.56,25.8,25.2,26.86,26.42,26.85,26.24,26.94,27.1,26.35,25.71,25.85,25.76,26.46,25.91,26.23,26.7,26.8,26.33,26.68,26.95,27.32,26.88,26.3,27.46,27.45,25.79,26.0,25.62,25.75,26.57,25.67,25.58,25.55,26.64,25.98,26.1,26.14,26.16,26.26,26.41,26.45,25.82,25.42,26.35,26.15,26.02,25.93,26.48,26.62,26.54,26.48,27.11,26.59,27.13,26.75,27.13,27.76,26.04,26.17,25.72,25.64,25.41,26.94,25.83,26.08,25.59,26.62,25.26,25.79,25.25,26.0,25.87,26.6,25.86,26.84,26.26,26.39,26.25,26.88,26.39,26.05,26.11,26.54,26.29,26.02,26.83,27.43,27.81,27.81,26.33,26.24,26.44,25.25,25.92,25.89,26.0,26.03,26.2,25.67,25.21,25.56,26.19,25.26,25.78,25.88,26.04,26.06,26.22,26.46,26.32,26.11,25.83,25.86,26.27,25.84,25.62,26.35,27.58,26.66,27.07,26.74,26.8,27.09,25.55,26.06,25.3,26.68,26.21,25.86,25.29,25.84,25.47,25.71,24.83,26.06,25.39,25.31,25.28,26.25,25.29,25.8,25.44,26.7,25.62,26.04,25.78,25.39,25.64,25.7,26.85,26.82,27.09,28.63,25.92,26.19,27.02,26.54,26.64,25.63,25.78,25.58,26.02,26.0,25.89,25.06,26.13,25.1,25.88,25.87,26.17,25.82,25.35,26.7,25.78,26.11,26.04,26.32,26.02,26.44,25.7,26.15,26.38,25.95,26.62,27.95
2020-06-29 16:09:27.2064,0,26.01,27.14,25.32,26.57,24.52,24.6,26.05,25.73,25.45,26.66,25.62,26.16,25.81,26.35,26.12,26.37,26.5,26.16,25.9,25.97,26.25,27.13,26.72,26.41,26.65,26.3,27.57,26.19,27.63,27.12,29.72,31.63,26.11,26.76,26.38,26.13,24.06,25.12,24.31,25.41,25.37,26.32,26.02,25.57,26.04,26.59,26.23,26.04,26.15,26.14,26.35,26.45,25.74,26.48,25.86,27.24,26.25,26.45,26.94,25.83,27.14,26.6,29.04,29.22,25.9,25.66,26.38,25.26,24.8,25.26,25.08,24.8,25.44,24.96,24.83,25.98,26.02,25.94,26.07,26.12,26.47,25.36,26.82,25.88,26.13,26.21,25.32,26.72,26.6,26.75,25.78,26.86,26.57,27.4,26.92,27.33,27.11,25.4,26.64,25.57,25.37,25.04,25.73,24.4,25.77,25.07,25.72,25.61,25.71,26.01,26.11,25.94,26.2,26.08,26.99,26.54,25.56,25.83,26.29,25.86,26.45,25.84,26.47,26.85,27.01,26.95,27.51,27.34,26.72,25.85,25.01,25.87,24.99,25.11,24.73,25.75,25.63,25.3,25.03,25.28,25.61,25.86,26.1,25.9,26.06,25.7,26.35,26.23,26.57,26.26,26.37,26.55,26.53,26.62,26.48,26.49,26.68,26.67,26.62,27.45,25.96,26.93,25.13,25.38,24.98,24.98,25.28,26.24,25.06,25.15,26.29,25.77,24.89,25.71,26.56,25.97,25.39,25.61,25.63,26.35,25.93,26.1,26.34,26.56,26.49,26.21,26.45,26.79,25.42,26.81,27.35,27.0,26.41,25.78,25.2,25.47,24.9,25.34,25.18,25.75,25.71,25.69,25.67,25.78,26.07,27.36,29.36,28.19,26.24,25.9,26.01,26.7,26.77,26.68,25.91,26.35,27.0,26.9,26.46,27.1,27.15,26.61,26.88,27.08,25.52,26.26,25.31,24.32,24.77,25.22,25.42,24.84,25.89,25.75,26.14,25.74,26.8,27.83,30.63,29.09,25.94,26.4,26.53,26.19,25.99,26.46,26.94,26.7,26.85,26.52,26.76,26.54,26.35,26.84,26.74,27.09,26.49,24.77,25.97,25.65,25.86,25.44,25.83,25.83,25.75,25.97,25.48,26.43,26.61,28.29,30.32,30.3,27.18,26.2,26.36,26.38,26.12,26.66,26.88,26.73,26.67,26.03,26.88,26.45,26.92,27.05,27.49,27.28,26.46,26.79,26.21,26.33,25.31,25.87,25.1,25.58,25.59,25.84,25.88,25.63,26.35,27.77,29.69,30.09,26.51,26.17,26.48,26.3,26.2,26.36,26.76,26.58,26.77,26.91,26.74,26.62,25.87,26.68,27.88,27.05,26.73,26.67,25.57,25.73,25.58,26.05,25.48,25.46,25.75,26.03,24.87,25.98,25.33,26.81,29.0,28.87,26.78,26.52,25.97,26.04,26.2,26.74,26.66,26.87,26.85,26.39,26.02,27.03,26.28,26.45,27.02,27.67,26.28,26.7,25.67,25.66,25.8,25.55,26.27,25.26,25.81,25.94,25.42,25.56,25.58,26.63,28.82,28.39,26.86,26.49,26.57,26.67,26.43,26.36,26.55,26.47,26.05,27.01,26.74,25.97,26.66,27.38,27.37,26.95,25.74,26.41,25.55,25.62,25.26,25.61,25.61,26.1,25.95,25.57,25.61,25.64,26.6,27.46,28.5,29.17,27.11,26.57,26.44,26.37,26.16,26.35,26.36,26.66,26.63,26.56,25.68,26.14,26.74,26.58,27.22,27.67,25.59,26.22,26.54,25.98,24.75,25.15,25.87,26.21,25.27,26.12,25.62,25.67,26.64,27.62,29.56,29.27,26.66,26.17,26.35,25.99,26.1,26.32,26.36,26.33,26.88,26.74,27.36,27.06,27.08,27.46,27.06,28.03,26.71,25.78,25.78,26.14,26.37,25.74,25.63,26.05,25.7,25.99,25.97,26.38,27.56,28.52,30.68,29.77,26.63,25.83,26.45,26.62,25.74,25.96,26.27,26.09,26.45,26.67,26.22,27.05,27.61,27.46,27.5,26.77,25.66,25.9,26.33,25.25,25.58,26.42,25.64,25.81,25.71,25.91,26.29,25.66,27.43,29.08,30.11,29.29,26.25,26.19,26.75,26.32,26.29,26.33,26.69,26.39,26.73,26.59,26.34,27.29,27.61,27.21,26.76,27.49,27.33,25.7,25.27,25.21,26.17,26.18,25.69,25.86,25.87,26.15,25.56,26.5,27.51,28.38,28.55,27.89,25.95,26.17,25.89,26.49,26.16,26.12,26.33,26.25,26.85,26.05,26.5,27.37,26.54,26.46,27.16,27.14,27.3,25.91,26.13,26.08,25.56,25.72,25.83,26.29,25.68,25.92,25.93,26.82,26.83,28.12,27.94,26.98,25.82,25.95,26.04,26.54,26.61,26.5,27.09,26.63,26.32,26.62,26.82,26.69,26.51,27.5,28.19,27.57,27.56,26.26,25.77,25.36,25.72,26.54,26.2,26.04,25.79,25.81,26.31,26.19,26.98,26.63,26.51,26.56,25.93,26.16,26.4,26.26,26.55,26.34,26.59,26.91,27.06,26.67,25.79,27.15,27.3,27.04,27.76,27.76,26.49,25.93,24.89,25.21,25.53,26.5,26.49,26.71,25.32,26.09,25.54,26.48,25.85,26.48,26.63,26.36,26.04,25.95,26.57,25.95,25.92,26.48,26.36,26.97,26.4,27.23,26.52,26.27,26.62,27.02,27.43,28.44,26.37,25.1,26.2,25.23,25.69,26.91,26.23,26.61,26.09,26.35,25.25,25.42,25.59,25.78,26.32,26.27,26.53,25.96,26.26,26.27,26.59,25.81,26.38,26.79,27.15,26.11,26.7,26.6,27.43,27.03,28.12,27.32,26.03,26.76,26.01,25.01,25.57,26.01,26.12,26.43,25.53,26.17,25.57,26.04,24.92,25.95,25.67,26.34,25.93,26.06,25.87,26.46,25.96,26.1,26.97,26.1,25.98,25.96,26.65,26.3,27.53,26.6,28.39,28.16,25.93,26.99,25.27,26.38,25.92,25.64,26.02,25.67,25.68,25.54,25.72,25.96,25.46,25.3,24.88,25.67,25.52,25.76,25.78,26.16,25.55,25.89,26.28,26.72,26.77,25.96,25.76,25.82,27.15,26.75,27.45,29.32,26.34,25.83,26.15,26.46,25.21,25.75,25.74,26.64,24.86,25.41,25.19,25.17,25.6,25.99,25.36,25.49,26.04,25.81,26.11,26.17,26.54,26.22,26.3,27.02,25.84,25.79,25.99,26.61,25.96,25.88,26.75,28.74
2020-06-29 16:09:27.3345,0,27.95,26.29,24.78,24.28,24.31,23.47,24.82,24.86,26.68,25.75,25.02,25.43,26.35,26.2,25.83,26.09,26.89,25.88,25.88,25.82,26.66,25.99,26.25,26.4,26.79,25.96,26.63,27.14,27.37,25.95,27.41,30.96,28.13,28.76,25.01,26.11,24.79,24.21,24.64,25.73,25.51,26.01,25.73,25.97,25.5,26.31,27.13,26.42,26.65,26.12,26.08,25.76,25.87,26.88,26.73,26.48,26.4,27.72,27.1,26.55,26.3,28.72,29.46,29.76,27.05,25.89,25.57,25.83,25.46,24.58,24.75,24.94,25.7,25.77,24.82,25.45,25.88,26.42,26.18,25.75,26.34,26.07,26.08,26.36,26.49,25.57,26.12,25.75,27.3,27.03,26.09,26.68,27.44,26.82,27.74,29.07,25.59,25.16,25.29,26.11,25.19,25.5,24.69,25.27,25.63,25.45,24.95,25.59,25.58,25.64,26.69,25.93,25.73,26.87,25.69,26.52,25.92,26.67,26.15,26.64,26.17,27.12,26.3,26.18,27.51,26.75,27.02,26.74,26.07,25.84,25.72,25.69,25.44,25.4,24.58,25.33,25.24,24.91,25.73,25.75,26.03,25.63,26.19,26.44,26.05,26.02,26.45,26.11,26.56,26.14,26.23,27.16,26.25,26.07,25.74,26.33,26.83,26.99,26.8,27.22,26.35,26.92,25.47,25.19,25.42,26.0,25.27,25.29,25.54,25.75,25.71,25.76,25.32,26.02,26.44,26.17,26.02,25.49,26.05,26.44,26.26,26.19,26.45,26.66,26.23,26.58,26.01,26.63,26.05,26.46,26.19,27.59,26.58,25.4,25.68,25.3,25.17,25.19,24.9,25.1,25.93,24.64,25.43,26.1,26.78,26.95,28.95,28.08,26.13,25.49,25.69,26.59,26.11,26.25,26.46,25.87,26.62,26.77,26.85,26.53,26.98,27.23,26.51,27.44,25.7,25.7,26.26,24.79,25.76,26.44,25.29,25.33,25.41,25.74,25.92,25.62,26.18,28.11,30.34,29.66,25.93,25.89,26.22,26.38,26.19,26.86,25.84,26.23,26.01,26.75,27.01,26.94,25.74,27.29,26.73,26.89,26.3,24.76,25.32,25.33,25.58,25.43,25.57,25.83,25.96,25.52,26.2,26.32,26.98,28.38,30.31,30.02,27.26,26.38,26.06,26.47,25.71,26.15,26.23,26.39,26.65,26.03,27.25,27.24,26.47,26.45,27.31,26.75,26.63,27.11,25.73,25.55,25.71,25.46,25.09,25.45,25.47,25.71,25.67,25.61,25.77,27.38,29.77,30.07,26.78,26.06,25.72,26.28,26.29,26.83,26.44,26.89,26.87,26.78,26.6,26.47,26.43,27.24,27.38,27.71,26.89,25.63,25.55,25.26,26.35,25.52,25.59,25.22,25.3,26.02,25.36,25.57,25.8,26.33,28.99,29.04,26.95,26.52,25.96,25.66,26.28,26.54,25.93,26.65,26.29,26.95,26.25,26.89,26.68,26.58,26.52,27.5,25.92,26.85,25.81,25.64,24.87,25.93,26.26,25.13,25.8,25.93,25.41,25.54,25.86,26.71,28.36,28.29,26.94,26.02,26.38,26.75,26.04,26.64,26.54,27.3,26.26,26.32,26.49,26.85,27.61,27.08,26.88,27.75,25.9,25.72,25.83,26.05,26.28,25.09,25.48,24.81,25.73,25.15,25.4,25.93,26.02,27.27,28.3,28.54,27.46,26.1,26.43,25.99,25.57,26.35,26.35,26.45,26.51,26.78,26.91,26.38,27.28,26.72,27.54,27.16,26.27,26.04,25.78,25.37,26.04,26.27,25.03,26.43,25.9,26.1,25.81,25.95,26.73,27.7,29.64,30.05,26.92,26.25,26.07,25.78,26.0,26.31,26.45,26.83,26.77,26.5,26.86,26.92,27.48,27.44,27.38,28.01,26.35,25.77,25.61,25.54,26.35,25.47,25.73,26.27,26.0,25.03,26.05,26.68,27.16,28.43,30.4,30.13,26.43,26.38,26.53,26.42,26.32,26.25,26.05,25.76,26.89,25.85,26.2,26.52,27.31,27.45,27.16,26.76,26.19,26.57,26.02,25.84,25.7,25.25,25.99,26.03,25.7,25.9,26.08,26.05,27.32,28.6,30.47,28.82,26.34,26.54,26.17,25.73,26.28,26.32,25.85,26.38,26.49,26.46,26.84,27.15,26.89,27.63,26.75,27.14,27.5,26.22,25.57,25.51,26.29,25.37,25.42,25.48,25.97,25.93,26.3,25.96,27.79,28.95,28.82,27.5,26.13,26.16,26.36,26.68,26.55,25.91,25.99,26.03,26.72,26.64,26.89,26.96,26.82,27.21,27.31,27.47,27.48,27.13,25.79,26.22,25.83,25.3,25.7,26.03,25.56,26.24,26.02,26.81,27.02,28.1,27.55,27.84,26.11,25.64,25.93,26.72,25.89,26.18,26.43,25.95,26.55,26.85,26.68,27.35,26.8,27.33,27.66,27.55,26.41,25.51,26.26,25.35,26.56,26.11,26.18,26.68,26.13,25.57,25.85,26.3,26.76,26.31,27.0,26.55,26.22,25.44,25.86,26.67,26.65,26.55,26.57,26.55,26.93,26.28,26.76,25.85,27.44,26.4,27.02,27.75,26.48,25.36,25.56,25.69,25.81,26.06,25.95,26.7,26.15,26.19,26.21,26.46,25.73,25.93,26.2,26.55,26.13,25.94,26.35,26.77,26.13,27.02,26.24,26.6,26.52,26.06,26.51,26.54,26.62,27.47,28.32,28.61,27.99,25.88,26.01,25.92,25.67,25.98,26.21,26.18,26.08,25.46,25.24,25.66,25.58,25.66,26.53,26.03,26.07,26.5,26.02,26.37,26.46,26.04,26.49,25.65,26.61,26.23,26.69,26.44,27.42,27.36,26.54,28.12,25.8,26.34,26.37,25.17,25.24,25.83,25.83,26.56,25.52,25.9,25.68,25.29,25.72,26.05,26.11,26.09,25.92,26.05,26.09,26.44,25.6,26.57,26.07,26.21,25.42,26.5,25.88,27.23,27.36,27.46,28.38,28.78,25.66,26.32,25.25,25.78,25.57,25.8,25.53,25.35,25.95,25.67,25.97,25.69,25.82,25.54,25.73,26.28,26.23,25.51,25.64,25.77,26.31,26.02,26.13,25.86,26.17,25.04,25.74,25.64,27.49,26.93,27.67,28.75,25.48,26.05,26.93,26.64,25.03,25.9,25.41,25.52,25.85,25.81,25.86,26.1,25.07,25.71,25.73,25.98,25.28,25.3,26.6,25.24,25.88,26.48,26.01,26.86,25.83,26.08,25.14,26.42,26.31,27.4,28.07,28.72
2020-06-29 16:09:27.4630,0,24.9,26.98,26.51,23.91,24.22,24.45,23.85,24.56,25.66,26.37,25.66,25.01,25.98,25.39,25.6,25.69,25.47,25.62,26.06,25.27,25.43,25.85,26.61,25.49,27.02,27.0,27.09,26.24,27.04,26.68,28.46,30.17,24.7,25.28,24.19,25.8,24.65,23.76,24.17,24.81,24.47,25.48,25.02,25.32,25.9,25.42,25.17,26.46,25.63,25.65,25.41,26.74,25.33,25.82,26.16,26.23,26.27,26.34,25.72,26.45,27.21,27.68,27.58,29.1,25.79,25.51,25.48,24.33,24.69,24.78,24.97,24.81,24.77,24.96,24.99,24.93,25.54,25.19,25.96,25.38,25.65,25.94,25.98,25.49,25.53,25.69,26.17,26.31,25.33,26.46,26.0,26.21,26.46,26.68,26.81,27.17,26.21,25.29,24.38,26.02,24.9,24.6,23.96,25.17,24.82,25.36,24.82,25.75,25.57,25.43,26.09,25.83,25.95,25.63,25.8,26.31,25.79,26.09,25.89,26.28,26.17,26.17,25.38,26.41,25.65,26.11,26.16,25.77,25.56,26.1,25.63,23.96,24.57,24.67,24.77,24.38,25.27,24.53,25.52,24.67,25.61,25.72,25.99,25.43,25.95,25.78,25.91,25.31,26.35,26.24,26.38,25.42,26.68,25.39,25.2,25.74,25.92,26.69,25.91,25.29,25.2,25.84,24.63,25.78,25.29,24.13,24.86,25.73,25.29,24.92,24.3,25.09,25.4,26.03,25.66,26.61,25.79,25.4,24.83,26.24,26.13,25.88,25.73,26.09,25.97,26.23,26.16,26.53,25.91,26.37,26.44,27.9,25.34,25.08,24.59,24.84,25.22,25.34,25.46,24.06,25.36,24.86,26.0,25.42,25.65,26.92,29.06,27.55,25.63,25.46,26.31,25.74,26.34,26.33,26.47,26.32,25.92,26.26,26.89,26.11,26.43,26.16,26.42,27.12,25.75,25.24,24.84,25.01,25.06,24.98,25.28,25.11,25.4,25.53,25.03,25.74,26.16,27.52,30.11,29.28,26.09,25.6,25.8,25.88,26.27,26.35,25.71,26.6,26.47,26.16,25.96,26.29,26.66,26.58,26.6,26.61,25.84,25.15,25.7,24.26,24.8,25.16,25.23,24.96,25.53,25.5,25.48,25.47,26.02,27.88,30.22,29.43,26.12,26.16,26.25,25.95,26.01,26.42,26.14,26.15,25.87,26.49,26.38,26.18,26.81,26.32,26.54,26.97,25.97,26.0,25.13,25.45,25.31,25.24,24.96,25.59,25.34,24.97,25.43,25.72,25.45,26.81,29.56,29.8,26.46,25.87,25.58,26.19,25.87,26.45,25.99,26.15,26.74,25.99,25.71,26.51,26.58,26.27,27.08,27.62,26.09,26.02,25.46,24.52,25.47,25.52,25.73,25.09,24.99,25.47,25.07,25.44,25.7,26.58,28.54,28.46,26.77,26.02,26.24,26.0,26.18,26.41,26.04,26.41,25.64,26.59,26.29,26.37,26.72,27.02,26.75,27.36,26.13,25.75,24.9,25.85,24.87,25.7,25.53,25.62,25.45,25.73,24.88,25.65,25.91,26.33,27.97,28.38,26.45,25.83,25.78,26.19,26.2,26.06,26.1,26.36,26.57,26.45,25.62,26.88,26.38,27.13,27.39,27.17,26.32,26.1,26.35,24.73,25.15,25.34,25.27,25.61,25.31,25.54,25.5,25.5,25.83,27.14,28.75,28.5,26.64,25.97,25.78,25.58,25.66,25.82,26.26,25.8,26.08,26.2,26.94,25.74,26.77,26.87,27.12,27.03,25.96,26.45,24.89,25.87,25.65,25.8,25.13,25.99,25.45,25.8,25.08,26.15,26.13,27.7,29.07,29.61,26.43,25.69,26.03,25.6,25.39,26.02,25.91,26.12,26.2,26.18,26.1,26.7,26.8,26.78,26.1,27.42,26.96,25.12,25.98,24.96,25.46,25.73,25.88,24.96,25.37,25.11,25.45,25.63,26.98,28.48,30.4,29.55,26.15,26.16,26.25,25.82,26.13,25.43,25.75,25.52,26.12,26.88,26.11,26.0,27.36,26.16,27.23,26.79,25.34,25.61,24.8,25.44,25.16,25.93,25.26,25.7,25.57,25.7,25.54,25.86,26.62,28.88,29.89,29.0,25.84,26.08,25.94,26.41,26.05,25.92,25.51,26.07,25.79,25.89,25.69,26.79,26.47,26.08,26.78,27.72,26.68,26.44,25.32,25.22,26.2,25.64,25.7,25.22,25.54,25.58,26.31,26.57,27.21,28.25,29.01,27.66,25.84,25.64,26.17,26.06,26.26,26.18,26.01,26.22,26.28,25.79,26.93,26.28,26.28,26.92,27.39,26.99,26.8,24.54,24.85,25.82,25.42,25.61,25.69,25.93,25.31,25.7,26.0,26.19,26.3,27.32,27.42,26.87,25.58,25.84,25.7,26.23,26.17,25.99,25.75,26.63,25.95,25.91,26.55,26.44,25.63,26.32,26.32,27.63,25.54,25.93,26.16,25.05,25.32,25.27,26.22,25.64,25.32,25.9,25.98,25.94,26.56,25.76,26.3,26.11,26.12,26.13,25.98,25.29,26.02,25.66,25.9,25.6,26.22,25.89,26.11,26.29,26.73,26.43,27.83,26.5,25.95,26.01,24.74,24.93,25.23,25.96,25.69,25.55,25.66,25.98,25.17,26.37,26.13,25.84,25.55,26.15,26.1,25.95,26.22,25.84,26.1,26.15,26.45,26.98,26.01,26.23,25.81,26.16,26.01,26.12,26.74,27.58,26.05,25.95,25.73,24.74,25.73,25.39,25.41,25.07,25.08,25.84,25.26,25.28,25.71,25.75,25.88,25.57,25.76,25.93,25.81,25.33,26.02,26.38,26.02,25.26,26.78,26.1,26.14,26.15,26.67,27.23,27.03,27.78,25.88,25.84,25.3,24.9,25.1,25.43,25.4,26.04,25.78,25.68,25.06,25.44,25.36,25.5,25.41,26.0,25.45,25.95,25.27,26.11,26.06,26.36,25.8,25.73,25.83,25.29,25.13,26.03,26.73,27.36,26.84,26.74,25.56,25.52,25.95,25.65,24.79,24.83,26.07,25.68,26.13,25.53,25.08,25.29,25.6,25.03,25.27,25.4,25.65,25.98,25.55,25.01,25.32,26.02,25.63,25.44,25.64,24.9,25.15,25.51,26.5,26.23,26.87,26.62,25.05,25.96,24.77,26.74,24.89,24.96,25.11,25.27,25.14,26.29,25.18,25.06,25.59,25.24,24.84,25.37,25.27,25.7,24.94,26.06,25.49,26.25,25.74,26.18,25.24,25.52,24.66,26.33,25.81,26.54,27.13,26.97
2020-06-29 16:09:27.5912,0,27.34,27.42,25.2,26.67,24.59,25.4,24.54,25.77,26.11,26.39,25.94,26.33,26.38,26.77,25.73,26.8,26.25,25.51,26.6,26.55,26.83,26.3,27.05,26.76,27.82,26.86,26.15,27.6,27.5,26.99,27.87,31.47,26.79,27.98,26.7,27.05,25.04,24.64,24.86,25.45,25.4,25.61,26.18,25.72,25.92,26.07,26.11,26.57,26.42,26.15,26.9,26.73,26.98,26.77,26.77,27.12,26.76,27.29,27.35,26.99,27.23,28.38,28.9,27.93,27.52,25.54,25.86,25.91,25.19,25.63,24.95,25.89,25.18,25.39,25.63,25.86,26.02,25.58,26.31,26.12,26.12,26.2,26.09,26.86,26.75,25.84,26.02,26.74,26.04,26.33,25.98,26.4,27.69,26.9,26.8,29.3,27.98,25.93,26.71,26.0,25.73,25.56,26.06,25.31,25.25,25.88,25.86,25.74,26.06,26.01,26.11,25.82,26.2,27.11,26.4,26.3,26.05,26.32,26.57,26.27,26.47,26.44,26.82,26.56,26.54,26.46,27.86,26.62,26.6,26.92,24.89,25.4,25.33,25.6,24.47,25.09,25.26,25.18,25.86,26.23,26.26,25.41,26.76,26.56,26.05,25.59,25.78,26.9,26.57,25.91,26.97,26.92,26.14,26.63,26.22,26.98,27.37,27.05,26.9,28.64,26.65,25.83,26.23,25.6,25.01,25.16,25.16,24.79,25.8,25.4,25.94,25.42,25.42,26.13,26.55,26.28,26.13,26.45,26.16,26.23,26.37,26.31,26.11,26.44,26.38,26.35,26.75,26.96,26.09,27.01,28.18,27.68,26.85,25.1,24.74,24.69,25.35,26.19,25.05,25.63,25.82,25.57,25.88,25.77,26.36,27.65,28.75,28.27,26.02,26.29,25.89,26.38,26.97,26.35,26.46,27.16,26.88,26.53,26.61,27.12,26.42,26.33,26.76,28.07,26.7,27.04,26.31,24.84,24.65,25.65,26.07,25.23,26.24,25.75,26.02,25.29,26.18,27.71,30.33,29.36,26.5,26.08,26.71,25.77,26.5,26.86,26.71,26.36,26.85,26.64,26.64,26.69,26.83,26.87,27.66,27.14,26.91,26.74,25.53,25.69,25.47,25.85,25.46,25.35,26.07,25.63,25.68,26.32,26.39,28.09,30.3,30.38,26.96,26.18,26.43,26.46,26.59,26.44,26.55,27.04,26.89,26.39,26.11,26.99,27.08,26.93,27.03,27.68,26.87,26.84,25.46,25.74,25.73,25.22,25.59,25.7,25.47,26.25,25.66,26.12,26.04,27.55,30.3,29.7,26.58,26.14,26.36,26.56,25.89,26.73,26.43,26.68,26.43,26.56,26.87,26.37,26.6,27.14,26.44,27.6,25.9,25.35,25.44,26.22,25.98,26.06,25.84,25.81,25.85,25.6,25.26,25.96,26.36,26.88,29.15,29.02,26.94,26.23,26.04,26.69,25.88,26.63,26.54,26.75,26.51,26.27,26.15,26.14,27.26,26.9,27.38,27.55,26.67,26.07,26.47,25.53,25.81,25.95,25.79,25.49,25.8,25.82,25.79,26.13,26.22,26.32,28.79,28.72,27.01,26.46,26.64,25.99,26.6,26.72,26.33,26.46,26.92,27.23,27.36,26.74,27.23,27.25,27.89,27.64,26.31,25.95,25.42,25.94,25.53,25.37,25.37,25.98,26.15,25.45,25.19,26.02,26.38,27.25,28.47,29.15,27.09,26.27,26.23,26.35,26.04,26.14,26.45,26.75,26.95,26.56,26.68,26.65,26.89,26.89,26.61,27.88,25.98,26.6,26.26,25.85,25.67,26.67,25.87,25.63,26.0,26.21,26.2,25.95,26.71,28.15,29.89,29.77,27.09,26.42,26.51,25.96,25.98,26.3,25.83,26.83,26.22,26.73,27.49,27.45,26.82,27.61,27.91,27.41,26.94,25.66,25.65,25.88,26.11,25.88,25.51,26.16,25.47,25.77,25.64,26.57,27.34,28.69,31.01,29.93,26.88,26.27,26.33,26.6,26.31,25.85,25.74,26.82,26.67,26.55,26.6,27.19,27.49,27.06,27.05,27.49,26.78,26.8,26.21,25.43,25.86,26.69,26.0,26.16,25.37,25.9,26.07,26.35,27.12,29.33,30.45,29.26,26.23,26.07,26.44,26.3,25.98,26.21,26.47,26.7,26.84,26.23,26.99,27.04,26.64,27.23,27.96,28.21,26.48,26.64,25.78,25.71,26.87,25.93,25.69,25.86,26.32,26.36,25.66,26.17,27.09,28.65,28.52,28.16,26.31,25.57,26.35,26.87,26.65,26.61,26.21,26.68,26.96,26.53,26.65,27.52,27.3,27.4,27.55,27.88,27.18,26.14,26.64,25.64,26.14,26.4,26.08,26.29,25.9,26.02,26.34,26.28,26.81,27.9,28.02,27.54,25.7,26.41,27.0,26.12,26.5,26.59,27.19,26.84,26.79,26.62,27.37,26.84,27.57,26.92,28.07,27.79,26.87,26.69,25.98,26.21,26.02,26.14,25.68,26.31,26.02,26.16,25.85,26.52,26.34,26.83,26.79,26.44,26.11,26.25,26.17,26.35,26.22,26.44,26.24,27.37,26.57,27.31,26.38,26.74,27.49,27.38,27.63,28.19,26.74,25.81,26.12,25.25,26.42,26.94,26.5,26.2,25.56,26.44,26.55,26.47,26.15,26.78,26.92,26.55,25.82,26.24,26.56,26.25,26.55,26.47,26.59,26.14,26.54,26.73,26.54,26.43,27.13,27.68,27.48,28.68,27.27,26.56,25.16,25.11,25.72,25.72,25.82,26.35,26.35,25.86,25.61,26.5,25.7,25.89,25.87,26.26,26.08,25.95,26.03,26.95,26.36,26.52,26.63,26.67,26.5,26.53,26.13,26.94,26.82,27.08,27.41,28.0,25.9,26.03,26.25,25.42,25.92,26.34,26.14,26.31,25.67,25.66,25.57,25.92,25.96,25.94,26.34,26.55,25.59,26.39,26.78,25.98,26.55,26.22,26.98,26.23,25.58,26.66,26.68,26.81,26.75,27.35,27.66,28.03,27.04,26.43,25.93,26.83,26.31,25.52,26.05,26.01,25.7,25.97,25.2,26.23,26.1,25.43,25.5,25.8,25.52,25.64,25.41,26.42,26.46,26.43,26.16,26.6,25.62,25.68,25.63,26.72,25.58,27.37,27.56,29.19,27.87,26.66,27.22,26.53,25.08,25.96,26.09,26.04,25.3,26.41,25.61,25.59,25.87,25.22,25.74,25.99,25.92,25.81,26.36,25.91,26.16,25.83,26.73,26.31,25.56,27.04,25.36,26.48,27.11,28.05,27.69,28.27
2020-06-29 16:09:27.7197,0,26.87,28.64,25.99,24.84,24.99,23.53,24.03,25.25,25.97,26.08,25.22,26.18,25.84,26.08,25.74,26.92,26.26,26.82,26.07,26.54,26.43,27.15,26.46,27.21,27.02,26.85,26.91,27.78,27.51,28.68,29.6,28.87,29.99,27.66,26.46,26.65,24.85,24.65,25.02,25.3,25.99,25.77,25.75,26.01,26.44,26.09,26.36,26.19,25.89,25.78,26.36,26.07,26.3,26.09,26.17,26.53,27.37,25.52,27.34,26.09,27.63,27.2,29.75,30.22,26.38,27.21,25.08,26.29,25.2,25.13,24.2,25.12,25.19,25.1,24.86,25.98,25.06,26.18,26.33,26.23,25.89,27.14,26.35,26.0,26.02,26.58,25.22,26.59,26.35,27.06,26.16,26.56,27.17,27.45,27.92,28.24,27.48,26.39,25.74,24.52,26.05,25.89,25.16,25.18,25.24,25.49,25.22,25.5,26.4,25.79,26.45,26.3,26.42,25.98,26.51,26.07,26.64,26.58,26.29,26.15,26.32,26.6,26.96,26.74,26.7,27.2,26.65,27.51,26.19,24.91,24.35,25.04,25.35,26.04,24.77,24.94,26.16,25.42,25.87,26.1,25.83,25.95,26.55,26.11,25.95,26.56,25.68,26.33,26.35,25.79,26.38,26.3,26.55,26.76,26.67,26.97,26.9,27.71,26.11,27.53,26.23,25.84,25.34,25.1,25.3,25.17,25.56,25.07,25.42,25.78,25.47,25.44,25.84,26.04,26.43,26.19,26.54,26.04,26.15,26.02,26.47,25.99,25.98,26.21,27.26,25.84,26.89,26.98,27.04,27.03,27.6,27.09,26.87,26.39,24.08,25.5,24.93,25.21,25.33,25.37,25.12,25.79,25.01,25.76,26.37,27.64,28.96,27.97,26.13,25.98,25.7,26.16,26.24,26.45,25.91,26.45,26.77,26.77,26.35,27.11,26.74,27.74,27.3,27.32,26.51,26.51,25.01,24.85,25.78,25.94,25.29,25.49,25.99,25.31,26.12,25.52,26.67,27.52,30.22,29.76,26.69,26.0,25.91,25.98,26.59,26.67,26.27,26.83,26.48,26.9,26.89,26.98,27.27,26.89,26.09,26.79,26.38,26.55,24.75,24.74,25.89,25.71,25.47,25.58,26.2,25.62,25.58,25.69,26.41,28.36,29.85,30.18,26.79,26.36,26.35,25.97,26.41,26.53,26.56,26.82,26.67,27.09,27.15,26.72,26.95,27.21,26.88,26.11,27.39,26.0,25.92,25.61,25.99,25.5,25.7,25.95,25.9,25.62,25.75,25.93,26.22,27.28,30.02,29.8,27.13,25.97,26.45,26.09,26.36,26.25,26.42,26.69,26.75,26.69,26.61,27.29,26.59,26.27,27.09,27.11,25.74,28.39,25.62,25.91,25.6,26.43,25.61,25.68,26.08,25.8,25.27,25.85,25.61,27.14,28.9,28.74,26.5,26.12,26.14,26.3,26.09,26.52,26.14,27.27,27.08,26.72,27.15,27.03,27.14,27.45,27.39,28.2,25.97,26.09,26.0,25.4,26.19,25.7,25.9,25.5,25.79,26.15,25.98,25.45,26.3,26.71,28.34,28.29,26.91,26.38,26.17,26.1,27.16,26.64,26.63,26.26,26.69,26.79,26.0,26.5,27.22,27.41,26.43,27.17,25.98,27.46,25.59,26.23,26.06,25.61,24.78,26.2,25.85,26.28,25.91,25.51,25.74,27.8,28.39,28.69,26.65,26.36,26.25,26.34,26.34,26.23,26.05,26.33,26.64,27.0,26.45,26.64,27.32,27.16,27.61,26.37,26.31,26.28,25.8,26.02,25.92,25.67,25.74,25.76,26.41,25.7,25.79,25.66,26.42,27.79,29.35,29.43,27.26,25.97,26.32,26.62,25.97,26.41,26.44,26.53,27.3,26.52,26.61,27.21,27.5,27.21,27.74,27.92,26.25,27.36,25.82,25.27,25.99,26.38,25.64,26.39,25.8,25.86,26.06,26.86,27.45,29.04,30.85,29.83,26.43,26.17,26.25,26.5,26.03,25.54,25.96,26.71,27.02,26.89,27.0,27.05,27.22,27.48,27.23,27.48,26.59,25.96,26.2,25.59,25.98,25.28,25.87,25.59,26.22,25.8,25.85,26.16,27.49,29.16,30.17,29.0,26.31,26.08,26.05,26.5,26.16,26.52,26.15,26.39,27.16,26.48,26.85,26.79,27.2,26.67,26.79,27.38,26.68,26.8,25.32,25.86,25.92,26.45,25.45,25.48,26.55,25.7,25.99,26.89,27.21,28.64,28.82,28.06,26.04,25.95,26.56,26.86,26.26,26.5,26.34,26.34,26.28,26.4,26.39,26.84,26.87,26.78,28.07,27.18,28.25,26.86,26.15,25.34,26.4,25.61,25.57,26.8,26.23,25.59,26.01,26.19,27.1,27.81,28.11,27.36,25.99,26.14,26.11,26.03,26.79,26.6,26.53,26.08,27.01,26.63,27.23,26.99,27.12,27.54,27.02,28.15,26.31,26.5,25.83,25.39,25.75,26.41,25.43,25.78,25.8,25.8,26.76,26.51,26.56,26.51,26.7,26.23,25.82,26.44,25.87,26.34,26.45,26.21,26.48,27.01,26.47,26.79,25.68,26.16,27.19,27.37,27.83,27.99,26.35,25.45,25.94,25.43,26.84,25.96,25.56,26.87,26.51,26.22,26.2,26.26,26.36,26.58,26.39,26.04,26.73,26.26,26.02,26.16,26.44,25.93,26.11,27.22,26.52,26.74,26.53,27.03,27.27,26.44,27.11,28.33,26.25,26.55,25.0,26.14,26.2,26.47,25.41,26.06,25.47,25.97,25.39,25.53,25.37,25.99,25.66,26.59,25.98,26.38,26.38,26.37,26.14,26.62,26.52,26.66,25.85,27.33,26.44,26.47,28.3,27.76,27.42,27.79,26.74,25.64,25.13,25.43,25.75,25.74,26.13,26.04,25.92,25.81,25.68,25.56,26.06,25.84,25.88,26.91,25.91,25.95,26.43,26.46,26.19,25.27,26.71,26.76,25.85,25.85,26.52,27.45,27.07,27.36,28.65,26.96,27.79,27.08,25.35,25.26,25.64,25.51,25.75,26.15,25.85,26.1,26.28,25.43,25.73,25.67,25.64,25.66,26.26,26.59,26.17,25.78,26.47,26.56,26.31,26.73,25.78,25.52,25.48,26.03,27.21,26.81,28.28,28.33,27.03,26.44,25.8,26.34,26.28,26.15,25.76,25.9,25.86,26.71,25.6,25.74,25.34,25.11,25.73,25.88,26.4,25.08,25.46,26.06,26.54,26.65,26.17,26.04,26.74,25.68,25.18,26.5,27.1,26.54,29.26,28.29
2020-06-29 16:09:27.8477,0,26.63,27.26,24.93,24.87,25.22,24.91,25.13,25.34,26.35,25.73,25.6,25.57,25.93,26.88,26.51,26.36,26.49,26.68,26.29,25.95,26.23,27.12,26.69,27.15,26.28,26.93,27.14,27.46,28.22,28.38,30.97,32.4,28.67,27.22,26.05,26.25,25.11,25.07,25.62,26.19,26.39,25.85,26.14,26.38,26.7,26.71,26.36,25.77,26.53,26.13,26.21,26.7,27.09,27.01,27.01,26.31,27.31,26.08,27.06,26.69,28.51,27.92,28.3,28.22,26.61,25.54,25.51,26.35,26.11,24.72,24.58,25.68,25.7,26.04,25.48,25.33,25.65,25.95,26.31,26.36,26.83,26.8,25.73,26.0,26.25,26.33,25.85,26.71,26.0,26.42,26.55,27.82,26.51,27.14,26.77,30.25,28.23,25.52,25.81,25.69,25.17,25.32,25.27,25.11,25.36,25.33,25.47,25.73,26.42,26.13,26.59,26.18,26.44,26.32,26.53,26.89,26.29,26.68,26.68,26.25,26.44,26.68,26.75,26.48,26.62,27.25,27.63,27.75,26.42,26.37,26.04,25.12,24.34,26.14,24.85,24.92,25.12,25.55,25.75,25.41,26.06,26.2,25.99,26.69,26.29,26.16,25.35,26.36,26.58,26.39,26.61,26.67,27.17,26.61,26.6,27.22,26.48,26.12,25.94,27.79,27.1,26.08,25.08,25.16,25.85,25.4,25.96,25.57,25.92,25.4,26.19,25.66,25.99,26.37,26.57,26.73,25.94,25.84,26.29,26.47,27.16,26.77,26.58,26.32,26.87,26.85,26.85,27.06,26.98,27.58,27.29,26.71,26.34,26.27,25.65,25.43,25.74,26.02,25.3,25.75,26.18,26.15,25.57,26.57,26.81,28.19,28.98,28.81,26.16,25.92,26.23,26.21,26.67,26.7,26.25,26.82,26.52,26.78,26.71,27.08,27.27,26.42,26.82,27.39,27.14,25.29,25.59,25.72,26.88,25.21,25.8,25.85,26.24,25.65,26.15,25.97,27.52,27.65,30.37,29.21,27.42,26.32,25.76,26.11,26.33,26.48,26.41,26.48,27.09,27.0,26.75,26.8,26.78,26.5,26.87,27.39,27.15,26.12,25.46,25.62,26.39,25.83,25.21,25.22,25.53,25.98,25.6,26.15,27.39,28.32,30.53,30.42,26.82,26.23,26.77,26.22,26.73,26.78,26.79,26.85,26.79,26.98,26.61,26.84,26.75,26.73,27.28,27.58,26.77,26.23,26.33,25.53,26.11,26.12,25.71,25.34,26.7,26.17,26.21,25.95,26.28,27.98,30.44,29.66,27.1,26.29,26.41,26.23,26.32,26.18,26.47,27.24,26.78,26.57,27.24,27.0,26.99,27.09,26.68,27.0,26.67,26.96,25.53,25.4,25.3,26.56,25.6,25.94,25.76,26.37,25.3,25.9,26.12,26.93,29.48,29.26,26.63,26.56,26.28,26.36,26.79,26.67,26.47,26.89,26.75,26.97,26.76,26.51,27.23,27.28,27.62,27.8,26.75,26.15,26.56,25.78,25.92,25.42,25.68,25.5,25.93,26.27,25.64,25.88,26.27,26.75,28.4,28.96,27.43,26.43,26.42,26.32,26.93,26.48,26.77,26.59,26.51,26.68,26.25,26.98,27.88,26.8,27.65,26.75,26.9,26.2,25.37,26.04,25.9,25.74,25.85,25.65,25.86,25.9,25.73,26.16,26.62,27.58,28.88,28.85,27.14,26.6,26.47,26.5,25.99,25.89,26.89,26.37,27.08,27.03,26.92,27.27,27.13,27.27,27.67,26.97,26.57,26.51,26.21,25.96,26.69,25.65,25.76,26.33,26.03,25.72,26.74,25.79,26.67,27.65,29.86,29.83,26.87,26.75,25.93,26.2,26.23,26.05,26.28,26.55,27.12,26.86,26.49,26.8,27.2,27.01,27.18,27.99,27.01,27.11,25.43,25.97,26.22,25.86,25.51,26.17,25.92,26.22,26.09,26.61,27.67,29.38,30.71,30.7,26.74,26.33,25.91,26.36,26.75,26.88,26.29,26.53,26.46,27.26,26.84,26.92,27.73,27.73,26.96,27.4,26.5,26.71,25.69,26.43,26.77,26.03,26.01,25.82,25.94,26.14,26.61,26.39,27.83,29.1,30.24,29.41,26.84,26.03,26.3,26.73,26.81,26.35,26.6,26.73,27.53,26.71,26.97,27.67,27.88,27.04,26.89,27.45,27.27,26.36,25.71,26.42,26.56,26.04,25.31,25.98,26.33,25.95,26.64,26.3,27.33,28.98,28.57,28.3,26.36,26.1,26.69,26.52,26.69,26.04,26.78,27.14,26.51,26.89,26.62,27.63,27.1,27.79,28.3,27.78,27.61,26.56,25.12,25.26,26.24,25.84,25.96,26.04,25.92,26.37,26.16,26.42,27.15,27.84,27.97,27.59,26.04,26.17,26.07,26.56,27.15,26.62,26.35,26.86,27.03,26.98,26.95,26.4,27.52,27.77,27.63,27.17,27.12,25.83,25.05,25.48,25.84,26.8,26.19,26.68,26.38,26.28,26.76,26.54,26.58,27.17,27.13,26.58,26.45,26.69,26.1,27.01,26.04,26.46,26.48,26.45,27.31,27.17,26.9,26.85,27.73,27.32,27.52,27.14,27.0,26.25,25.7,25.83,25.36,26.34,26.22,26.57,26.64,26.21,26.45,26.15,26.92,26.17,26.65,26.07,27.08,25.97,26.27,25.96,27.12,26.82,26.37,26.74,26.53,26.59,26.93,26.97,27.22,26.98,27.01,27.43,26.7,27.4,25.96,25.18,26.59,26.42,26.07,26.45,26.08,26.23,25.62,25.55,26.17,25.9,26.22,26.39,26.32,26.53,26.04,26.51,26.37,27.23,26.37,26.29,26.74,26.77,26.82,27.03,26.74,27.33,27.07,28.86,27.22,26.08,26.51,25.67,26.17,25.82,25.96,25.56,26.31,26.29,25.7,25.67,26.09,25.61,26.47,26.0,26.39,26.07,26.34,25.99,26.68,26.23,27.22,26.09,26.51,26.36,26.17,26.9,27.33,27.42,28.31,27.2,27.05,27.56,25.99,26.11,25.71,25.77,25.51,26.1,26.23,26.63,25.18,25.42,25.83,25.92,25.38,26.29,26.73,26.48,25.53,26.41,26.06,26.15,26.68,26.99,26.6,25.63,25.88,26.29,26.55,27.81,28.51,28.04,27.59,27.16,26.47,25.79,26.89,26.05,26.82,25.51,26.27,25.67,25.86,25.7,26.12,25.85,25.36,25.86,26.53,25.69,25.46,26.03,26.28,26.75,26.15,26.85,26.41,26.22,26.11,27.08,25.9,27.16,27.68,28.54
2020-06-29 16:09:27.9764,0,26.01,28.37,26.1,25.43,23.75,24.59,24.31,24.53,26.08,26.06,26.51,25.29,25.95,26.35,26.39,26.1,25.84,26.15,26.45,26.24,25.97,26.99,26.57,26.56,27.13,26.64,26.83,26.76,27.39,26.83,25.69,28.38,28.94,25.74,26.6,26.76,24.98,25.12,24.82,25.58,26.11,25.88,25.73,26.12,26.04,26.19,25.97,26.83,27.04,26.52,25.95,26.18,26.96,25.65,25.71,26.94,26.56,26.61,26.58,26.57,27.97,27.56,29.04,27.51,26.49,26.86,25.99,25.84,24.8,24.92,25.23,25.25,25.16,25.5,24.83,24.94,25.9,26.19,25.83,25.76,26.12,26.55,25.73,26.12,25.39,26.71,26.54,26.31,26.88,26.59,26.43,26.35,26.57,27.58,26.93,27.68,26.36,26.06,25.49,25.76,25.69,24.39,25.14,24.99,26.03,25.07,25.6,25.86,26.29,25.77,25.53,26.18,26.65,26.31,26.29,26.3,26.4,26.2,25.9,26.13,27.0,26.85,26.31,26.85,26.66,26.59,27.03,29.06,25.67,26.64,25.2,24.81,24.37,24.96,25.3,24.38,25.13,25.55,25.63,25.52,25.83,25.97,25.87,26.01,26.17,26.47,25.68,25.55,26.0,26.6,26.49,26.18,26.66,27.15,25.75,26.49,26.2,25.82,26.42,26.78,26.56,26.35,25.3,25.21,25.58,25.43,25.14,25.58,25.92,25.28,25.25,25.54,26.07,26.14,26.12,26.08,26.66,25.51,26.06,26.68,26.37,25.87,26.22,26.68,26.62,26.86,26.16,26.64,27.17,26.48,26.78,28.01,26.22,26.14,25.53,24.98,25.48,25.75,25.57,24.85,24.87,25.8,25.23,26.33,25.96,27.26,29.06,27.99,26.14,26.2,26.21,26.29,26.24,26.47,26.36,26.11,26.15,26.9,27.13,26.67,27.0,27.4,27.59,26.52,26.08,25.53,25.3,25.76,26.33,25.64,25.42,25.22,26.23,25.53,25.6,25.74,26.69,27.93,30.34,29.58,26.71,26.2,26.23,26.4,26.82,26.46,26.61,26.59,26.84,26.52,26.1,27.23,27.25,27.15,26.39,27.63,26.67,25.99,25.34,26.27,25.04,26.23,25.34,25.46,26.08,26.51,25.9,26.12,26.9,28.67,30.32,29.84,26.52,26.39,26.36,25.89,26.41,26.76,26.35,26.72,26.67,26.62,26.75,26.45,26.63,27.19,27.16,26.41,27.34,25.94,25.27,25.1,25.85,25.34,25.46,26.42,26.14,25.94,25.88,25.73,26.82,27.39,29.33,29.91,26.97,25.98,25.82,26.11,26.58,26.65,26.34,26.8,26.32,26.33,26.48,26.62,26.86,26.53,27.05,27.56,26.38,26.49,25.41,25.27,25.71,26.17,25.96,25.69,25.75,26.13,25.08,25.78,25.72,26.71,28.37,28.95,26.78,26.52,26.25,26.23,26.29,27.22,26.76,26.02,26.3,26.61,26.39,26.38,26.56,27.43,27.34,27.01,26.79,26.53,25.36,25.81,25.66,25.68,25.55,25.96,26.13,25.84,25.71,25.76,26.33,26.72,28.72,28.48,27.13,25.94,26.2,26.68,26.9,26.17,26.14,26.47,27.25,26.45,26.37,26.61,27.89,26.54,26.72,27.44,25.91,26.74,25.7,25.61,26.17,26.5,25.01,25.4,25.85,26.19,25.91,26.03,26.13,27.74,28.77,28.64,26.3,27.03,26.17,26.0,25.97,26.35,26.88,26.66,26.3,26.9,27.3,26.51,26.74,27.85,26.9,27.17,26.79,26.05,25.93,25.09,25.92,25.4,25.39,26.21,25.48,25.49,25.82,25.57,26.55,27.62,30.0,30.07,27.56,26.54,25.98,26.45,26.19,26.22,25.64,26.43,26.44,27.08,26.99,27.44,27.76,26.89,27.22,27.54,26.01,26.47,25.16,25.69,26.37,26.12,25.75,25.69,26.02,25.99,26.17,25.67,27.27,28.8,30.33,30.13,26.07,26.48,25.98,25.95,25.94,26.16,26.07,25.98,26.9,26.9,26.98,26.92,27.61,28.03,27.83,26.93,26.73,25.73,25.72,25.86,26.64,26.04,26.59,26.29,26.35,25.91,26.18,26.68,27.61,28.8,30.29,29.47,26.9,25.91,26.36,26.13,26.19,26.03,26.06,26.39,26.84,26.71,26.46,27.03,27.04,27.21,27.42,27.83,26.06,27.11,25.59,25.36,26.03,26.44,25.44,25.98,25.54,25.82,25.67,25.86,26.92,29.05,28.83,28.08,25.95,25.97,25.69,26.69,26.36,26.52,26.66,26.03,26.51,26.53,26.24,27.23,27.13,27.51,27.67,27.65,27.66,25.91,25.64,26.08,26.26,25.32,25.83,25.67,26.13,25.7,26.14,25.98,27.72,27.33,27.85,27.37,25.72,26.24,26.14,25.94,26.82,26.61,26.66,26.63,26.44,26.38,26.82,26.69,26.95,27.04,27.33,28.09,27.37,26.81,26.44,25.52,25.43,25.69,26.07,25.91,26.14,26.04,26.09,26.41,26.36,27.15,26.71,26.66,25.93,26.46,25.98,26.47,26.24,26.01,26.47,26.56,25.58,26.92,26.36,26.58,26.54,26.57,27.94,28.49,25.71,26.31,25.91,25.87,25.81,25.93,26.49,26.19,26.52,26.56,25.87,26.25,26.69,26.37,26.11,26.26,26.34,26.06,25.94,26.47,26.78,26.26,26.01,26.62,26.4,26.6,26.24,26.85,27.87,26.86,27.97,27.31,26.78,27.07,25.48,24.88,25.69,25.99,25.94,25.91,25.71,26.1,25.86,25.9,26.39,26.33,25.99,26.04,25.76,26.51,25.81,26.27,26.01,26.63,26.5,26.41,26.36,26.51,26.85,26.6,26.29,27.54,27.15,27.32,27.09,25.35,25.82,25.54,26.04,25.54,25.69,26.01,26.57,25.79,25.69,26.41,25.73,25.83,26.23,26.45,26.71,25.61,26.1,26.34,26.55,26.47,26.07,26.62,26.38,26.38,26.19,25.83,27.2,26.6,26.98,28.8,25.18,26.55,26.06,25.98,24.73,26.3,25.86,25.2,25.96,26.36,25.72,25.82,25.59,25.67,25.75,25.54,25.27,26.47,25.41,26.03,25.56,26.42,25.88,26.15,25.45,26.11,25.1,25.82,26.25,27.5,27.69,27.91,26.06,26.08,26.54,27.25,25.9,26.09,25.74,25.7,26.0,25.83,25.05,25.72,25.47,25.86,25.61,25.87,26.16,26.43,26.1,25.91,26.8,26.76,26.44,26.87,26.28,25.95,26.32,26.62,26.5,26.65,28.62,29.07
2020-06-29 16:09:28.1044,0,26.87,27.01,26.24,24.39,24.98,25.21,24.37,24.75,25.81,25.03,25.95,26.04,26.11,25.95,26.28,25.98,25.86,25.37,26.89,25.7,26.28,26.16,26.6,26.29,26.53,26.01,27.45,26.64,27.75,28.69,26.14,28.25,25.56,26.63,26.25,25.16,24.12,24.82,24.86,25.62,25.69,25.47,25.33,26.0,25.92,25.41,25.72,26.06,26.41,26.28,26.23,25.79,26.57,25.95,25.74,26.52,26.91,26.82,26.64,26.26,27.02,27.67,28.04,29.09,26.66,26.5,25.07,25.33,25.53,24.47,25.57,25.13,24.76,25.38,25.38,25.34,26.14,26.43,26.68,26.0,25.88,26.55,25.61,25.88,26.26,25.96,25.62,26.05,25.91,26.33,26.15,26.74,26.63,27.65,26.25,26.85,27.49,25.06,25.75,24.88,25.4,24.92,25.02,25.6,25.38,25.48,25.47,25.62,25.7,25.54,25.76,26.29,26.31,26.08,25.81,26.42,25.92,25.47,26.3,26.14,26.05,26.45,26.03,26.89,26.71,26.28,26.66,27.5,25.76,26.52,25.44,25.75,25.18,24.99,25.18,25.22,25.01,24.93,25.27,25.63,25.38,26.07,25.98,25.67,26.05,26.24,25.9,26.0,26.46,26.6,26.25,26.06,26.28,26.9,26.08,26.52,27.05,26.37,27.1,27.99,26.44,24.05,24.82,24.92,25.61,25.31,25.29,25.33,25.92,25.04,25.13,25.2,24.98,26.03,26.44,26.28,26.44,25.6,26.05,25.9,26.03,26.32,26.45,26.32,26.76,26.09,25.32,26.38,27.04,27.02,26.66,27.28,25.91,26.58,25.42,25.34,24.78,25.63,25.32,24.98,25.83,25.33,25.33,25.88,25.85,27.44,29.05,28.27,26.32,26.09,25.49,26.06,26.97,26.13,26.13,26.57,26.64,26.03,26.21,26.98,26.58,26.02,25.87,26.96,26.7,25.78,25.5,25.8,24.93,24.97,24.92,25.36,25.65,25.3,25.48,25.3,26.68,27.91,30.42,29.17,26.01,25.99,25.91,25.98,26.39,25.93,26.27,26.48,26.61,26.65,26.77,27.39,26.53,26.73,27.14,27.51,25.47,25.52,25.38,24.75,25.2,26.11,25.47,25.1,25.29,25.74,26.21,25.9,26.59,28.36,29.85,29.73,26.87,26.27,26.54,26.26,25.91,26.64,26.24,26.6,26.55,26.39,26.76,26.46,26.37,26.19,27.38,26.99,27.57,25.99,25.93,24.98,25.19,25.49,25.34,25.22,26.35,25.72,25.55,25.72,26.7,27.09,29.75,30.07,26.76,25.86,26.07,25.99,26.27,26.44,26.95,26.15,26.08,26.68,26.23,27.03,26.6,26.41,26.1,27.1,26.61,27.39,24.98,25.15,25.99,26.05,25.6,25.69,25.75,25.8,25.16,25.66,25.6,26.87,28.8,28.57,27.03,26.22,25.95,25.83,26.47,26.81,26.55,26.96,27.07,26.61,26.15,26.39,26.99,26.18,27.23,26.72,26.32,26.08,25.54,25.39,25.93,25.44,25.79,25.61,26.01,25.51,25.49,25.94,25.45,26.33,28.43,28.37,27.19,26.01,25.99,26.75,26.4,26.34,26.22,26.57,26.7,26.22,25.39,26.62,26.68,27.12,26.92,26.5,25.8,25.78,25.13,25.2,25.66,25.49,25.26,25.75,26.05,25.86,25.7,26.01,25.82,27.34,28.66,28.79,26.73,26.54,26.24,26.16,25.56,26.04,26.35,26.85,25.96,26.9,26.81,26.52,26.34,26.74,27.27,26.88,26.84,25.76,25.21,25.71,26.06,25.79,25.27,25.98,25.57,25.79,25.8,25.65,26.61,27.41,29.62,29.43,26.81,26.06,26.14,25.96,25.88,25.91,26.44,26.42,26.76,26.51,26.25,26.69,27.64,26.63,26.45,26.76,26.24,26.17,25.5,26.02,25.58,25.75,25.63,25.92,25.58,25.12,25.95,26.56,27.07,29.23,30.4,29.65,26.6,26.54,26.53,26.02,26.02,26.14,25.95,26.07,27.01,26.66,26.36,26.93,27.21,27.48,27.88,27.32,26.6,26.29,25.13,26.34,26.12,26.31,26.0,26.05,26.12,25.48,26.37,26.46,27.49,28.97,30.27,29.0,25.67,26.16,26.43,26.21,25.87,26.01,26.26,26.81,26.38,26.82,26.6,26.65,27.35,26.8,27.13,27.54,27.03,26.81,25.47,26.18,26.05,26.06,25.94,25.61,26.32,25.04,25.98,26.06,27.2,28.55,28.82,27.67,25.74,25.66,26.46,26.27,27.06,26.4,26.11,26.57,26.39,25.81,25.72,26.84,26.86,26.79,27.56,26.84,27.18,25.61,25.19,25.49,25.99,25.6,25.21,26.05,25.78,25.8,26.23,25.76,27.01,27.32,27.24,27.16,26.18,25.44,26.21,26.32,26.08,26.29,26.32,26.41,26.9,26.75,26.3,26.71,27.85,26.77,27.21,27.79,25.92,25.21,25.32,25.07,25.89,26.27,25.82,26.57,25.79,26.27,25.86,25.74,26.45,27.03,26.8,26.33,25.81,25.53,25.76,26.35,26.44,25.89,26.13,26.67,26.21,26.29,26.8,27.17,27.19,26.44,27.82,27.45,26.36,25.81,25.44,25.42,26.13,26.24,25.44,26.2,26.16,26.45,25.87,25.8,26.26,26.25,25.88,26.24,25.61,25.83,25.81,26.15,26.44,26.37,26.7,26.62,26.41,26.61,26.4,27.02,26.5,27.06,28.03,27.38,25.63,25.57,25.35,25.8,26.51,25.87,25.54,25.65,25.85,25.73,25.62,25.9,25.71,26.21,25.54,26.14,26.08,25.62,25.69,26.37,26.48,26.04,26.26,26.04,26.5,26.8,26.59,26.78,26.5,26.74,27.61,27.4,26.33,27.04,26.07,25.07,25.6,25.42,25.85,25.88,26.45,25.28,25.08,26.04,25.95,24.8,26.11,25.76,25.92,26.17,26.21,26.69,25.84,25.99,26.59,25.98,25.85,26.12,26.07,26.82,26.41,26.66,27.46,28.68,26.8,26.65,26.73,26.25,24.95,24.68,26.21,25.7,25.71,25.55,25.34,25.7,25.59,25.3,25.14,25.42,26.25,25.27,26.04,25.53,25.7,26.03,26.03,26.17,25.92,25.98,25.8,25.7,26.85,27.0,28.04,28.63,26.77,24.97,26.42,25.54,25.43,25.46,25.13,25.42,25.02,26.42,25.74,25.86,25.74,25.1,25.24,25.62,26.16,25.57,25.47,25.92,26.42,25.84,26.18,26.61,26.01,26.74,25.53,25.97,26.56,25.95,28.23,28.61
2020-06-29 16:09:28.2331,0,25.86,28.65,26.74,24.61,24.0,24.28,25.05,25.09,26.1,25.93,25.79,25.31,25.95,26.5,26.4,25.57,25.71,26.16,26.32,25.98,26.4,27.01,25.82,25.97,27.0,27.19,26.51,25.28,27.25,28.96,26.7,28.21,28.4,26.27,25.79,24.93,25.04,25.16,23.84,24.62,26.88,26.04,25.04,25.71,26.31,26.06,25.71,26.04,26.79,26.01,26.09,26.05,26.57,26.07,25.44,27.26,27.06,26.47,26.81,27.16,27.43,26.94,28.03,23.8,26.64,26.49,25.65,25.9,25.51,23.96,25.25,24.52,24.89,26.19,24.97,25.72,26.13,26.55,25.58,25.87,25.87,26.67,25.84,25.51,25.88,26.21,25.87,25.36,25.89,27.06,26.46,26.23,26.97,27.65,26.79,27.19,27.23,25.48,24.59,25.81,26.37,24.9,24.87,24.86,25.78,24.67,24.58,25.85,26.05,25.76,25.64,25.69,26.07,25.95,25.81,25.81,26.4,25.82,25.64,26.39,26.33,26.29,25.39,25.73,27.4,26.08,25.93,26.61,25.96,27.11,24.14,25.04,25.17,25.74,24.88,25.22,25.63,25.68,25.61,25.28,25.26,26.07,25.97,25.56,26.04,25.91,25.55,26.34,26.1,26.14,26.36,26.3,26.53,26.9,25.91,25.44,26.88,26.88,25.88,26.42,26.64,25.62,24.82,24.55,25.0,25.15,24.74,25.31,25.8,25.27,24.9,25.41,25.63,26.34,26.0,26.05,26.33,25.8,26.15,25.78,26.7,25.96,26.22,26.55,26.37,26.47,26.18,26.81,26.88,26.01,26.27,27.26,26.46,26.39,25.23,24.68,24.76,25.91,25.04,24.85,25.69,26.37,25.65,25.99,26.46,27.34,28.74,27.57,25.81,26.08,25.98,26.17,26.0,26.67,26.23,25.99,25.9,27.15,26.33,26.97,26.87,27.12,26.75,26.58,27.07,25.76,24.85,24.83,25.35,25.23,25.42,25.22,25.88,26.07,24.94,25.28,27.18,27.7,30.23,28.87,26.4,25.87,25.91,26.16,26.18,25.81,25.94,26.35,26.84,26.51,26.11,26.68,27.13,26.4,26.26,27.67,25.82,26.04,25.52,24.74,25.87,25.85,25.95,25.34,25.84,26.28,25.88,25.9,26.58,28.18,30.11,29.91,26.86,26.08,26.14,26.07,26.19,26.94,26.01,26.71,25.62,26.74,26.75,26.59,26.21,26.78,27.53,27.15,27.39,25.97,24.67,24.5,26.13,24.41,24.97,25.45,25.91,25.6,25.24,26.51,26.51,27.07,29.48,29.96,27.04,25.85,25.6,26.26,26.36,26.42,26.22,26.13,27.2,26.55,26.86,26.75,26.88,26.54,26.76,27.59,25.89,25.86,25.9,24.99,26.11,26.18,26.07,25.45,25.4,25.91,25.25,25.05,25.78,27.15,28.61,28.84,26.75,26.68,25.93,26.02,26.36,26.81,26.33,26.96,26.17,26.95,26.51,26.39,26.42,27.45,26.72,27.21,27.53,25.89,25.23,25.07,26.19,25.55,25.43,25.83,25.9,25.08,25.69,25.52,26.12,25.94,28.07,28.81,27.01,26.36,26.26,26.26,26.78,26.71,26.12,26.77,26.37,26.32,26.99,26.22,26.81,27.1,27.08,26.98,25.6,27.13,25.87,26.08,25.65,26.12,25.6,25.74,25.61,26.28,25.08,26.01,25.71,27.53,28.64,28.79,27.17,26.36,26.32,26.06,25.93,26.42,26.65,26.74,26.28,26.78,26.8,26.9,26.88,27.16,27.26,27.05,26.83,26.26,25.51,25.25,25.8,26.28,25.5,25.96,26.1,25.36,25.4,25.54,26.61,27.86,29.71,29.86,27.08,26.41,25.77,26.23,25.69,25.9,25.41,26.61,26.87,26.38,26.12,27.06,27.23,27.32,27.58,27.23,26.93,26.86,25.18,25.72,25.43,26.26,25.86,26.04,25.46,26.08,25.84,26.16,26.67,28.96,30.74,29.74,26.5,27.01,26.42,26.02,26.3,26.64,26.56,26.28,26.55,27.24,26.59,26.41,27.34,27.91,28.52,27.31,25.71,25.41,25.9,26.02,26.25,25.65,25.51,25.68,25.9,25.99,25.14,25.94,27.59,28.58,29.91,28.8,26.59,26.15,26.24,26.57,26.86,25.8,26.15,26.04,26.72,26.57,26.08,26.77,27.77,27.08,27.13,27.02,26.29,27.33,25.13,25.08,26.59,26.19,25.55,25.61,26.08,26.25,25.75,25.95,26.99,29.03,28.61,27.87,25.63,26.53,26.05,26.57,25.93,26.5,26.53,26.24,26.84,27.0,26.5,26.84,27.0,27.99,27.2,27.0,27.72,25.41,25.02,25.0,25.85,25.58,25.83,26.03,25.78,26.12,25.8,25.96,26.81,27.89,27.63,27.14,25.6,26.21,26.11,26.1,26.29,26.47,25.98,26.28,26.55,25.88,26.29,26.55,26.83,27.21,26.85,28.12,26.09,27.05,26.14,25.72,25.29,26.83,26.33,25.92,26.13,26.27,25.73,26.07,26.44,27.44,26.38,26.54,26.1,26.55,25.75,26.04,26.53,26.43,26.11,26.67,26.57,27.05,26.51,26.31,26.86,27.38,27.27,27.81,26.74,25.98,25.09,26.06,25.98,25.94,25.7,25.92,25.91,26.31,25.52,26.23,26.99,26.24,26.09,26.02,26.53,25.61,26.02,26.03,26.44,25.8,25.88,26.37,27.15,26.2,25.97,27.15,27.59,26.73,27.84,27.92,26.44,26.16,25.88,25.27,25.24,26.17,25.81,26.34,26.09,26.1,24.88,25.42,26.14,26.66,25.86,25.81,26.18,26.28,26.24,26.03,25.65,26.16,25.87,25.91,26.22,26.66,26.57,26.47,27.3,27.42,27.2,26.78,27.8,25.81,25.13,25.05,25.75,25.56,25.7,26.86,26.19,25.52,25.56,25.78,26.3,25.93,25.54,26.09,25.8,26.04,26.32,25.97,26.55,26.93,26.46,25.97,26.66,26.38,25.76,27.11,26.91,26.81,27.05,27.15,25.79,26.64,24.93,26.05,25.28,26.51,25.73,25.38,25.69,26.1,25.45,25.57,25.96,26.67,25.98,25.91,25.87,26.47,25.65,26.54,25.81,26.56,25.19,25.74,24.88,26.28,25.29,25.86,26.29,27.0,26.84,28.34,26.47,26.16,26.0,25.72,26.11,25.78,25.92,25.4,26.29,26.26,25.19,25.71,26.38,25.47,25.61,25.6,26.28,26.05,24.95,26.55,27.19,26.22,25.47,26.59,26.3,26.11,25.01,25.26,26.92,26.7,27.15,28.58
2020-06-29 16:09:28.3621,0,25.92,27.8,24.97,24.83,23.65,25.01,24.57,25.07,25.52,26.37,25.82,26.02,25.85,25.8,26.03,26.5,26.67,26.41,26.22,25.69,24.88,26.42,26.01,26.42,25.74,27.17,26.36,26.62,27.05,28.38,27.91,30.14,29.18,24.61,26.67,25.4,24.83,24.49,25.01,24.66,25.97,25.49,25.31,25.61,26.3,25.83,26.22,26.6,26.65,24.76,26.21,26.35,26.01,25.97,26.74,26.4,26.73,27.0,26.97,27.02,28.44,26.99,27.56,26.83,26.1,25.99,25.89,26.66,25.05,24.61,24.67,25.86,24.65,24.82,25.0,25.71,25.31,26.29,25.49,26.1,25.67,26.77,25.88,26.47,25.91,25.69,26.04,27.27,26.36,26.31,26.66,26.55,26.65,27.25,26.83,29.27,26.46,25.75,26.49,26.22,25.87,24.62,25.88,24.75,25.76,25.24,24.95,25.39,26.27,25.68,25.97,25.85,26.52,26.68,25.68,25.85,26.74,25.86,26.28,26.43,26.31,25.6,25.69,26.92,26.86,26.12,27.12,27.82,25.36,26.7,26.01,25.2,24.28,24.82,24.07,25.2,25.03,25.54,25.41,25.26,25.29,25.39,26.11,25.87,26.07,25.89,25.47,26.99,26.25,25.78,26.39,26.53,26.43,26.21,26.39,26.8,26.43,27.03,27.32,27.3,26.42,25.27,25.33,24.77,25.44,25.48,24.86,25.08,25.41,25.18,25.46,25.56,26.04,25.94,26.53,26.3,26.21,25.52,25.71,26.25,26.35,26.0,25.97,25.98,26.35,26.37,26.45,26.1,25.59,26.38,27.02,26.49,25.93,25.45,24.94,24.83,25.38,25.19,25.6,25.35,25.49,25.2,25.9,26.3,25.66,27.12,29.36,28.35,26.14,25.97,26.12,26.15,26.46,26.01,26.04,26.9,26.3,26.39,27.17,26.53,26.6,26.63,26.79,26.75,26.49,25.44,25.64,24.71,25.34,24.72,25.41,25.76,25.86,25.43,25.68,25.32,26.46,27.73,30.6,29.48,26.67,25.91,26.19,26.2,26.48,26.37,25.93,26.95,26.71,26.67,26.22,26.72,26.81,26.29,26.94,27.35,25.86,26.02,25.24,25.51,25.36,26.1,25.24,25.82,25.65,26.05,25.28,26.09,26.61,28.26,30.41,30.08,26.23,26.06,26.36,26.44,25.83,26.62,26.47,26.7,25.89,26.72,26.14,26.71,26.25,27.05,26.72,27.14,27.02,26.36,25.91,25.0,25.17,25.51,25.57,25.49,26.44,25.63,25.53,25.74,26.4,27.48,29.83,29.81,26.56,25.88,26.06,26.77,26.64,26.16,25.99,26.49,26.74,26.0,26.72,26.66,26.3,27.02,27.08,27.29,26.63,27.2,25.79,25.89,24.68,25.26,25.38,25.44,25.22,25.37,25.48,26.14,25.43,26.76,28.55,28.73,26.78,26.3,26.44,26.0,26.2,26.31,26.36,26.94,26.54,26.25,26.3,27.01,26.6,27.44,27.41,27.36,26.65,25.42,25.21,25.86,25.52,25.72,25.41,25.28,25.88,25.54,25.48,25.96,25.53,26.16,28.24,28.48,26.99,25.85,26.06,26.58,26.48,25.97,26.2,26.59,26.9,26.35,26.23,26.26,27.34,26.58,26.74,27.67,25.3,25.93,25.0,25.18,25.55,25.34,24.68,25.38,25.86,25.64,25.52,25.5,26.03,27.23,28.85,28.59,26.56,26.07,26.26,26.14,25.68,26.22,27.09,26.52,26.43,26.88,26.95,27.01,26.78,26.58,27.13,28.02,26.64,25.79,25.79,25.15,26.17,25.56,25.61,25.89,25.87,26.02,26.08,25.77,26.51,27.71,29.96,29.62,27.07,26.08,25.66,26.26,25.67,25.64,26.22,25.93,26.53,26.65,26.48,27.47,27.9,26.52,27.57,27.6,26.27,26.15,25.68,26.0,25.87,25.73,25.89,25.91,25.6,26.17,26.28,25.74,26.89,28.67,30.68,29.91,26.35,25.97,26.36,25.82,25.44,25.92,25.87,26.48,26.24,26.88,26.5,26.91,26.52,26.89,27.08,26.79,26.4,25.97,25.72,25.61,25.7,24.78,25.38,26.07,25.67,25.39,26.25,26.07,27.19,28.52,30.16,29.1,26.49,25.72,26.03,26.23,25.95,26.14,26.03,26.51,26.13,26.49,26.2,27.07,27.61,26.83,27.44,27.23,26.33,26.09,26.13,25.84,25.38,25.37,25.22,25.47,25.67,26.23,26.32,26.25,27.02,28.25,28.55,27.85,25.85,25.55,26.18,26.65,25.86,26.39,26.46,26.77,26.76,26.39,26.41,26.69,26.3,27.22,27.23,26.81,26.61,26.35,24.68,26.14,26.53,25.49,25.81,25.7,26.56,25.49,25.89,26.52,26.89,27.63,27.81,26.98,26.27,25.36,25.6,26.04,26.68,26.31,25.97,26.43,26.53,26.16,26.95,26.73,27.1,26.8,27.36,27.3,26.9,25.56,25.17,25.37,24.89,25.98,25.97,25.77,25.93,26.6,25.66,26.16,26.16,26.18,26.41,26.32,26.04,26.23,26.51,26.12,26.35,26.53,26.26,26.3,25.98,26.02,26.4,26.72,26.44,26.58,27.84,27.79,27.1,25.47,24.73,25.28,25.81,26.4,26.48,25.96,26.14,25.64,25.85,26.16,26.13,26.06,26.07,25.54,26.41,25.75,26.32,26.17,26.21,26.17,26.68,26.52,26.76,26.5,26.38,26.32,27.26,26.77,27.82,28.53,25.65,25.54,25.38,25.78,25.28,26.15,25.85,25.63,25.35,25.46,26.0,25.88,26.07,25.53,26.0,26.13,25.44,25.93,26.5,26.47,26.38,26.38,26.41,25.89,26.39,26.78,26.76,26.61,26.85,26.54,27.05,28.38,26.94,25.86,26.22,25.63,26.37,25.76,26.26,26.9,25.91,25.69,25.55,25.7,25.82,25.62,26.09,26.47,26.46,26.08,26.19,26.13,26.17,26.25,26.7,26.78,26.64,25.86,26.05,26.68,27.55,26.86,27.84,27.63,26.58,25.29,25.17,25.84,25.49,25.83,25.14,26.14,25.31,25.81,25.23,25.42,25.74,25.65,25.53,25.77,25.42,25.62,25.69,25.89,25.33,26.02,25.37,26.29,25.06,25.81,25.0,25.67,26.51,27.16,27.83,28.03,27.84,26.22,25.58,25.17,26.26,24.8,26.06,25.6,26.28,25.31,25.58,25.35,26.1,25.51,25.85,25.01,26.14,25.22,25.96,26.2,25.88,26.0,26.29,27.07,26.28,25.85,25.67,26.35,26.54,25.98,27.66,29.3
2020-06-29 16:09:28.4884,0,27.36,25.36,26.5,26.01,24.21,24.31,25.59,25.28,25.81,25.35,26.24,25.63,25.42,26.11,26.14,26.14,26.12,25.92,26.47,26.01,26.14,26.32,26.15,26.15,26.86,26.54,27.82,26.67,27.51,27.01,31.28,29.59,25.18,26.98,26.72,26.01,23.77,23.57,24.72,25.63,24.97,25.91,25.21,26.56,25.41,25.81,26.26,26.84,26.18,25.77,26.78,26.6,25.23,25.39,25.61,27.42,26.31,26.82,26.12,26.81,27.25,27.68,28.51,29.1,26.08,25.8,25.27,24.96,26.04,24.32,25.27,24.85,24.77,25.68,25.9,25.62,25.9,25.6,26.44,26.14,26.24,26.34,26.34,26.02,26.02,25.86,26.02,26.35,27.2,25.6,27.6,26.25,27.16,26.35,28.74,27.94,26.76,27.04,24.42,25.08,25.26,25.24,24.89,24.88,24.73,24.96,25.24,25.24,25.25,25.54,25.9,25.94,25.64,26.2,26.19,27.01,26.3,26.08,26.32,25.88,25.79,26.88,26.37,27.22,26.56,26.65,25.48,27.79,26.4,26.94,25.98,25.24,25.03,24.55,25.33,24.7,25.39,24.95,25.39,25.06,25.27,25.53,25.87,25.8,26.16,25.38,26.9,25.91,26.23,26.16,26.25,26.08,26.68,27.05,26.08,26.39,26.57,25.55,26.91,27.35,25.86,26.62,25.55,25.26,24.43,25.61,24.63,25.46,24.96,25.41,25.38,25.66,25.44,25.92,26.35,25.75,26.03,25.92,26.07,26.45,26.38,25.87,26.83,26.56,25.88,26.48,26.06,26.82,26.59,27.67,27.44,28.1,25.91,25.86,24.75,25.69,25.22,25.37,25.32,24.62,25.71,25.93,25.77,25.46,25.85,26.75,29.05,28.39,26.22,25.5,26.71,26.19,26.44,25.94,26.58,26.36,26.4,26.43,27.15,26.43,27.49,26.83,26.94,26.04,25.42,25.23,25.04,24.53,25.24,25.38,25.83,25.36,25.67,25.53,25.72,25.84,26.6,28.4,30.63,29.27,26.81,26.09,26.03,25.98,26.2,26.45,26.4,27.16,25.92,26.77,26.13,26.7,26.4,26.88,26.81,27.87,26.91,25.37,24.9,25.24,25.89,25.34,26.33,25.73,25.41,25.54,26.31,25.71,26.88,28.01,30.3,30.2,26.59,26.1,26.34,26.09,26.1,26.76,27.19,26.19,26.89,26.29,26.76,25.82,26.94,25.16,26.7,27.36,26.19,26.16,25.02,25.6,25.08,25.49,25.73,25.95,25.49,26.15,25.99,26.23,25.77,27.18,29.68,30.25,26.59,25.77,25.62,26.66,25.51,26.44,26.66,26.68,26.78,27.26,26.63,27.03,26.05,27.29,26.95,27.95,26.96,24.85,25.92,25.48,25.73,25.43,25.6,25.48,25.64,25.3,25.46,25.68,26.08,26.61,28.89,28.31,26.76,26.15,26.04,26.42,26.37,25.86,26.44,26.34,26.3,26.63,26.65,25.9,26.44,25.92,27.23,26.57,25.3,25.91,26.34,25.99,25.82,26.08,25.46,26.19,26.24,25.62,25.22,25.74,25.76,26.23,28.45,28.28,26.49,25.92,25.82,26.94,25.95,27.11,26.75,27.31,26.39,26.67,26.64,26.49,26.42,26.98,26.62,27.49,25.45,26.14,26.34,25.81,25.66,25.76,25.98,25.88,25.84,25.78,26.1,25.74,26.11,27.17,28.75,28.63,27.64,26.01,26.6,25.9,26.04,25.66,26.46,26.35,26.3,26.69,26.81,26.67,26.62,26.48,27.6,26.41,25.83,25.94,24.93,26.3,25.43,26.17,25.29,25.98,25.59,25.9,25.82,26.05,26.26,27.78,29.46,29.78,26.83,26.61,25.61,25.78,25.52,26.3,25.54,27.04,26.56,26.74,26.64,27.83,25.86,27.06,26.8,27.42,25.53,25.16,25.97,25.15,25.72,25.64,25.51,25.71,25.47,25.25,26.16,25.77,27.06,28.79,30.93,29.76,26.7,26.1,26.62,25.85,26.22,25.86,26.16,26.2,26.0,25.99,26.74,26.95,28.06,26.64,27.88,27.0,26.63,26.64,25.16,25.89,25.88,25.79,25.9,26.4,25.5,25.9,25.98,26.56,27.61,29.06,30.1,29.36,25.97,25.89,26.45,26.49,25.89,26.22,26.17,26.38,26.06,26.24,26.88,27.31,27.08,27.53,27.65,27.54,26.67,25.43,25.47,26.04,25.78,25.68,25.07,25.76,25.87,25.39,26.3,26.29,27.3,27.8,28.91,27.89,26.41,25.78,26.65,25.79,26.86,26.32,26.55,26.37,26.04,26.07,26.65,26.46,26.72,26.66,27.73,27.38,27.2,26.15,25.7,26.43,25.6,26.28,25.98,26.42,25.69,26.25,25.72,26.61,27.03,28.2,27.55,27.84,25.62,26.03,25.64,26.42,26.51,26.9,26.23,26.52,26.57,26.75,26.59,27.12,26.26,27.08,26.53,28.49,25.73,24.67,26.16,25.09,26.32,26.02,25.69,25.94,25.91,25.82,26.42,25.98,26.56,26.43,27.1,26.46,26.32,26.16,26.18,25.96,26.01,26.45,26.93,25.64,26.09,26.06,27.23,26.33,26.73,26.31,28.36,27.47,25.42,25.26,25.13,25.75,25.72,26.1,26.13,27.12,25.94,25.98,25.78,26.81,26.07,26.15,26.42,26.35,25.94,26.35,25.84,26.25,26.57,26.15,26.38,27.09,26.68,26.99,26.85,27.17,26.99,27.53,27.69,29.07,26.25,25.79,25.9,25.48,26.04,25.43,25.69,25.81,26.23,25.75,25.74,26.04,25.59,25.9,26.21,26.28,26.08,25.75,26.71,25.71,26.36,26.06,26.77,25.81,27.43,25.6,26.74,26.03,26.33,26.24,27.81,27.63,25.5,25.63,26.28,25.96,25.15,25.89,26.16,26.6,25.95,26.06,25.1,26.29,25.17,25.95,25.91,25.99,25.83,26.17,25.43,26.8,26.57,26.35,26.1,26.37,25.87,26.67,26.55,26.66,25.94,27.01,26.88,28.26,27.3,26.01,26.93,25.3,25.47,25.21,26.37,25.57,26.13,25.85,25.87,25.46,25.72,25.32,25.88,25.57,26.37,25.66,26.29,25.68,25.95,26.06,26.17,27.18,26.51,25.4,25.8,24.69,27.56,26.84,28.51,28.38,24.83,26.19,25.03,26.74,25.28,25.29,25.8,25.74,25.76,25.86,25.5,26.0,25.76,26.12,25.26,26.13,25.31,25.94,26.13,26.05,25.66,26.64,26.62,26.61,25.73,25.52,25.89,26.32,26.04,26.72,26.92,28.29
2020-06-29 16:09:28.6166,0,27.22,26.04,25.34,24.73,24.28,23.98,23.54,24.97,25.06,25.06,25.38,25.05,25.71,25.43,25.2,25.86,25.6,25.39,25.52,25.86,25.73,26.32,26.63,25.85,26.41,26.23,26.59,26.71,25.94,26.86,26.58,28.75,25.42,27.18,25.68,26.09,24.36,24.34,24.4,25.99,24.67,25.19,24.92,25.33,25.13,25.82,25.47,26.06,25.78,26.16,26.11,26.07,25.77,25.82,25.47,26.55,26.48,26.04,25.44,25.77,26.48,27.31,27.91,27.22,26.24,26.38,24.34,25.98,24.73,24.35,24.22,24.71,24.92,24.72,24.33,24.96,24.92,25.33,24.86,25.52,25.4,25.96,26.1,25.39,26.02,25.08,26.44,25.93,25.49,26.5,25.54,25.94,26.68,25.62,27.79,29.17,25.35,25.81,24.47,25.51,25.28,24.63,24.45,24.6,24.72,24.17,24.46,24.99,25.23,25.3,25.64,25.7,25.61,25.85,25.93,25.71,25.32,26.08,25.65,26.29,26.07,25.89,25.43,25.95,25.72,26.71,25.57,27.08,25.85,25.6,24.77,25.27,24.29,24.11,24.21,25.37,24.25,24.93,25.27,25.04,25.26,25.62,25.3,25.66,25.39,25.68,25.67,25.88,25.88,26.02,25.89,26.68,26.69,25.7,25.37,26.09,25.63,26.42,26.38,26.75,25.3,24.52,25.58,24.1,24.13,25.34,25.04,24.8,24.94,24.79,25.36,24.49,24.97,25.36,25.89,26.05,25.26,25.48,25.39,25.89,25.91,26.19,26.1,26.32,25.99,26.49,25.34,25.21,25.81,26.73,25.57,26.14,24.62,25.35,23.95,24.57,24.8,24.81,25.46,25.12,25.35,25.1,25.32,25.43,25.83,26.21,28.53,27.95,26.0,25.46,25.47,25.84,26.21,25.8,26.01,26.22,26.28,26.04,26.36,26.29,26.3,27.0,25.75,26.65,25.46,25.65,24.9,24.24,25.24,24.71,24.92,24.73,25.64,24.84,25.47,25.17,26.15,27.59,30.11,28.96,25.99,25.07,25.89,25.85,25.96,25.8,25.93,26.13,26.02,26.15,26.52,26.57,26.11,26.76,25.97,26.48,26.07,26.27,25.09,25.41,25.08,25.2,25.34,25.22,25.4,25.29,25.14,25.37,26.09,27.3,29.63,29.61,26.18,25.39,25.45,25.95,25.98,26.12,26.01,26.7,25.97,26.15,26.51,26.61,25.82,26.21,26.92,27.21,25.86,26.38,25.18,25.16,24.66,24.71,24.86,25.46,25.79,25.38,25.43,25.08,25.35,26.87,29.64,29.58,26.36,25.74,25.96,25.87,26.25,26.41,26.0,25.92,26.41,26.09,26.24,26.51,25.91,26.29,26.48,26.8,25.96,25.74,25.48,25.03,25.07,25.42,25.24,25.34,24.97,24.73,25.24,25.54,25.86,26.29,28.59,28.81,26.73,25.73,26.11,26.38,25.86,26.21,26.01,26.52,26.17,26.03,25.66,26.14,26.32,26.49,26.29,26.93,24.8,25.1,25.42,24.2,24.76,25.06,25.43,25.02,25.02,25.18,24.88,25.62,25.72,26.85,27.51,27.98,26.26,25.89,25.96,26.16,25.62,26.41,26.2,25.7,25.92,26.55,26.62,25.98,26.97,26.44,26.8,26.71,24.8,25.32,25.31,25.52,24.62,24.86,24.77,25.39,24.97,24.91,25.48,25.0,25.51,26.75,28.72,28.76,26.06,25.32,25.75,25.95,25.44,25.62,26.23,26.11,25.95,25.87,25.94,25.64,26.64,26.48,27.31,27.26,25.34,26.65,25.24,25.44,25.55,25.79,25.75,25.05,25.34,25.46,24.98,25.14,26.03,27.76,29.15,29.4,26.33,25.94,25.93,25.75,25.57,25.69,25.81,25.99,26.09,26.16,25.87,26.32,26.28,26.65,26.49,26.63,26.47,26.57,25.22,25.45,24.65,25.11,24.67,25.57,25.67,25.54,25.73,25.94,26.75,28.57,30.46,29.63,25.83,26.06,25.45,25.62,25.8,25.32,25.73,26.17,25.76,26.31,26.23,26.55,27.37,26.93,25.93,27.7,26.48,25.48,25.16,25.31,26.27,25.41,25.4,25.93,25.25,25.57,25.64,25.73,26.71,28.38,30.06,28.69,26.01,25.58,26.12,26.08,25.85,25.79,25.72,26.05,25.92,26.0,26.35,26.53,27.08,26.97,26.51,26.4,26.36,25.46,24.86,24.96,25.24,25.54,25.32,25.24,25.63,24.81,25.65,26.26,26.98,27.96,28.6,27.27,26.0,26.03,25.75,25.85,25.92,25.98,26.1,26.12,26.38,26.05,25.86,26.59,25.71,26.97,26.92,27.76,25.78,26.02,25.23,24.89,25.04,25.07,25.58,25.93,25.32,25.9,26.22,25.42,26.69,27.39,27.32,26.94,25.38,25.51,26.1,25.9,26.07,25.96,26.31,26.17,26.55,25.78,25.64,25.89,26.42,27.1,26.91,26.62,25.22,25.08,24.52,24.78,24.89,25.87,24.64,26.06,26.02,25.8,25.51,26.06,25.49,26.08,26.27,26.11,26.0,25.82,25.95,25.92,25.89,26.1,26.24,26.43,25.59,26.8,25.83,26.76,26.29,26.16,26.8,27.51,25.65,25.31,24.97,25.46,25.28,25.54,25.58,25.42,25.92,25.73,25.75,25.45,25.71,25.81,25.76,25.5,25.49,25.4,25.59,25.71,25.78,26.13,25.88,26.26,26.16,27.25,26.13,26.31,25.75,26.93,28.26,27.06,25.7,25.64,25.04,25.33,25.76,25.13,25.56,26.22,25.21,25.1,24.77,24.58,25.13,25.2,25.75,26.02,25.29,25.28,25.68,26.25,25.89,25.57,26.01,26.04,26.25,25.31,26.46,26.35,26.54,26.44,27.88,27.88,25.13,25.3,25.01,24.58,24.67,25.76,26.16,26.33,25.68,25.41,25.45,25.06,25.26,25.71,25.54,25.53,25.91,25.26,25.86,25.63,25.72,25.86,26.47,25.99,25.87,25.58,25.64,26.22,25.79,26.88,26.53,26.82,25.42,26.96,25.22,25.34,25.17,24.22,24.99,25.42,25.44,25.29,25.21,24.92,25.34,25.68,25.14,25.42,25.4,25.27,25.54,25.16,25.96,25.52,25.22,26.19,25.5,25.1,25.51,24.71,26.0,25.94,26.97,27.65,26.07,24.84,26.09,26.01,24.6,24.99,25.32,24.81,26.03,25.73,25.35,24.24,25.09,24.46,25.37,25.11,25.54,25.69,25.34,25.66,25.64,25.84,26.05,25.32,24.83,26.0,25.9,25.67,26.25,25.43,27.03,28.14
2020-06-29 16:09:28.7452,0,24.89,28.64,26.24,26.43,24.4,24.28,25.42,25.59,25.65,25.78,25.95,26.18,26.25,26.49,26.55,26.25,26.13,26.56,26.75,26.4,26.14,26.86,26.45,27.06,26.7,27.01,27.64,27.59,27.99,28.11,29.02,30.17,26.77,26.64,26.46,26.01,25.4,24.29,25.36,25.96,25.99,25.03,25.89,26.42,26.71,25.82,25.84,25.93,26.79,26.28,25.82,26.87,25.89,25.53,26.61,26.53,26.28,26.66,26.27,27.18,27.22,27.2,29.32,27.36,25.79,26.49,25.87,25.51,24.52,24.13,24.66,25.43,26.29,25.51,26.04,25.07,25.78,26.55,26.56,26.47,26.48,26.55,27.07,26.61,26.52,25.83,26.57,25.91,26.49,26.32,27.12,27.23,26.63,27.26,27.92,27.89,27.97,26.16,27.08,26.76,25.23,25.89,25.01,25.46,24.97,25.62,25.72,26.37,25.93,25.78,25.99,26.64,25.5,26.43,26.16,26.66,26.16,26.33,26.16,26.68,26.74,26.59,26.65,26.08,26.19,26.83,27.85,27.5,26.4,26.31,25.99,25.56,25.03,25.43,25.19,25.49,25.4,25.3,26.23,26.33,25.72,25.95,26.32,26.44,25.73,26.45,26.46,26.56,26.35,26.36,26.98,26.67,26.15,26.22,26.52,27.27,25.76,26.7,28.1,26.42,26.43,26.04,25.7,25.95,25.0,25.61,25.56,25.33,25.67,25.53,25.82,25.66,25.63,26.25,26.0,26.82,25.8,25.39,26.26,26.02,26.47,26.66,25.98,26.45,26.49,26.23,26.6,26.97,26.4,26.69,26.84,26.68,26.1,25.46,25.09,25.17,26.09,25.63,25.46,25.88,26.31,25.56,25.78,26.1,25.96,27.64,28.95,28.76,26.23,26.28,26.31,26.58,26.98,26.34,27.25,26.45,26.41,26.52,27.29,27.53,27.34,26.64,27.3,27.5,25.76,26.51,25.66,24.69,25.21,25.79,25.93,26.12,25.29,26.32,25.8,26.06,26.37,28.11,30.41,29.66,26.3,25.99,26.5,26.29,26.28,26.04,26.7,27.16,26.72,27.38,27.02,26.98,26.37,26.73,26.96,28.06,26.38,26.73,26.17,25.99,25.21,25.71,26.34,25.46,25.86,25.95,25.9,26.0,26.79,28.36,30.4,30.37,27.35,26.26,25.96,26.26,26.01,26.63,26.56,27.14,26.9,27.21,27.28,26.72,26.23,27.07,27.55,26.98,26.68,26.0,25.61,25.45,26.13,25.23,25.95,25.83,25.9,25.83,25.65,26.53,26.13,27.75,30.02,29.98,26.29,25.87,25.88,26.57,26.46,27.03,26.53,26.9,26.64,26.57,26.61,27.55,27.16,27.29,27.58,27.78,27.14,26.54,26.24,25.6,25.73,25.66,25.73,25.92,26.3,25.91,25.47,25.85,26.66,26.77,29.25,29.28,26.58,26.67,26.52,26.77,26.85,26.52,26.65,26.53,26.96,26.83,26.9,27.79,27.55,27.03,27.07,27.37,26.84,26.42,25.84,25.84,26.06,25.7,25.9,25.62,25.89,26.35,25.49,25.94,25.93,26.61,28.6,28.64,26.91,26.01,26.45,26.38,26.21,26.35,27.24,26.89,26.14,26.45,26.74,27.13,26.81,27.26,27.24,27.33,26.32,26.28,26.34,25.78,26.06,25.86,26.22,25.97,26.16,26.07,26.1,26.01,26.02,27.24,29.2,28.96,27.19,26.45,26.06,26.62,26.14,26.23,26.15,26.84,26.85,26.78,26.94,26.51,28.0,26.74,26.78,28.04,26.48,26.11,26.25,25.87,25.53,25.54,26.22,25.87,25.99,26.01,25.99,26.15,26.61,27.88,29.7,29.78,26.72,26.71,26.04,26.43,26.17,25.82,26.33,27.14,26.98,26.63,27.23,26.82,27.36,26.92,27.74,28.08,26.95,26.34,25.04,25.57,25.99,26.25,26.11,26.15,26.12,25.86,26.26,26.76,26.79,28.49,31.02,30.37,26.42,26.45,26.63,26.69,26.32,26.33,26.16,26.06,26.34,26.66,26.36,26.27,27.08,27.04,28.54,27.48,27.47,26.3,25.74,26.19,25.98,26.06,25.87,26.17,25.47,25.59,26.36,26.47,26.83,28.88,30.08,29.0,26.13,25.98,26.43,26.59,25.87,26.42,25.63,26.71,26.94,26.94,26.98,26.66,27.06,27.67,27.46,27.55,27.22,25.22,24.83,26.48,26.19,26.32,25.82,26.34,25.31,26.14,25.88,26.37,27.3,28.45,28.82,28.06,26.32,26.04,26.27,26.96,26.46,26.6,26.55,26.89,26.4,26.76,26.92,26.97,26.87,26.78,28.58,28.04,28.07,25.97,25.83,26.75,25.71,25.74,26.32,26.05,25.89,26.36,26.33,26.29,26.7,27.71,28.11,27.26,26.18,25.74,26.21,26.83,26.69,26.29,26.2,26.41,26.31,26.99,26.83,26.98,27.12,27.23,27.54,27.97,27.07,26.5,25.66,26.04,25.89,26.13,27.0,26.82,26.38,26.03,26.64,26.29,26.56,27.03,26.9,26.12,26.43,26.14,26.39,26.03,26.23,26.54,27.28,27.13,26.71,26.92,26.95,27.02,27.34,26.91,27.46,28.18,26.93,26.0,26.45,26.08,25.68,25.24,25.83,26.6,26.03,26.45,26.09,26.48,26.14,26.68,26.5,27.18,26.42,25.63,26.44,26.26,25.25,26.26,26.23,26.51,26.4,26.22,27.38,26.3,27.12,27.22,27.84,29.07,27.08,26.55,26.45,26.31,25.26,26.17,26.68,26.48,25.85,26.23,26.1,25.77,26.05,26.54,26.66,26.14,25.98,26.16,26.04,26.48,26.02,26.27,27.14,26.66,26.38,26.79,27.19,27.08,27.65,27.07,28.78,28.6,26.53,26.04,26.24,26.13,25.27,25.42,25.84,26.6,26.05,26.19,25.93,25.68,25.49,25.95,25.99,26.34,25.69,26.06,26.55,26.34,26.19,26.11,26.2,26.24,26.39,26.12,25.91,26.82,27.07,27.36,27.85,28.47,26.31,26.41,26.34,26.05,26.99,25.18,25.59,26.46,26.27,26.37,25.61,26.75,25.85,25.92,25.76,25.66,26.01,26.23,25.54,26.03,25.96,26.29,26.04,26.31,25.78,25.67,26.3,26.37,26.31,26.81,28.97,29.46,27.3,27.39,26.6,26.73,26.11,25.63,26.24,25.89,25.72,25.86,25.33,25.73,25.47,25.62,25.61,26.0,24.91,26.19,26.1,26.57,25.63,26.51,26.86,26.61,26.15,25.67,27.18,26.84,26.55,26.91,27.94,28.61
2020-06-29 16:09:28.8731,0,27.82,25.33,25.45,25.31,23.81,24.29,24.36,24.58,25.79,25.64,25.94,24.89,25.82,26.51,25.86,26.26,26.38,25.78,26.18,25.43,26.12,26.02,26.28,26.29,26.03,25.85,26.7,25.88,26.05,26.71,27.28,26.24,28.42,26.28,25.81,25.36,24.31,23.91,24.87,24.79,25.1,25.75,25.48,25.85,25.53,25.93,25.72,25.91,25.91,26.14,25.7,26.18,26.04,26.35,25.74,26.96,26.91,26.96,25.93,27.16,27.85,26.46,28.04,27.34,25.47,25.3,24.65,24.95,24.84,24.81,24.48,24.53,24.47,25.39,24.84,24.57,25.52,25.83,26.06,25.64,25.99,25.73,26.09,26.25,26.13,25.46,26.28,26.33,26.9,26.18,25.81,25.56,26.44,26.71,26.79,27.56,25.99,25.92,26.33,25.43,24.76,25.23,24.28,25.3,24.58,25.34,24.85,25.23,25.83,25.64,25.65,25.81,25.85,25.61,25.94,26.05,26.05,25.94,26.04,26.13,26.48,26.29,25.56,26.06,26.03,25.9,26.43,27.19,25.75,26.33,25.24,25.23,24.86,25.45,25.31,24.68,24.62,24.93,25.5,25.17,25.7,25.74,26.08,25.57,25.72,26.25,25.55,25.89,26.1,26.03,26.6,26.43,26.27,26.1,26.65,26.37,26.72,26.38,26.89,27.77,25.84,25.62,24.48,24.9,24.71,25.45,24.75,24.78,25.44,25.02,25.25,25.3,25.42,25.91,26.45,25.95,25.7,25.8,26.06,26.11,26.26,26.42,26.46,26.55,26.76,26.08,25.76,26.51,26.26,27.0,26.85,26.04,25.51,25.85,24.73,25.35,25.35,25.36,25.05,25.12,25.1,25.34,25.1,25.55,25.94,26.94,29.04,27.98,25.81,25.69,25.99,25.86,25.79,26.03,25.89,25.88,26.27,25.91,26.73,26.28,26.26,26.65,26.22,25.84,26.15,26.31,24.86,23.86,25.51,24.95,25.82,25.09,25.77,25.17,25.49,25.72,26.58,27.9,30.04,29.26,26.12,26.57,25.62,26.47,26.4,26.23,26.28,25.78,26.73,26.63,26.78,27.1,26.69,26.71,26.8,27.13,25.28,26.22,24.73,24.6,25.05,25.05,25.33,25.84,25.05,25.64,25.46,25.8,26.58,27.9,29.84,29.64,26.96,26.18,26.04,25.88,25.79,26.65,25.91,26.5,26.2,26.16,27.13,26.34,26.65,26.49,26.69,26.12,26.35,26.15,25.31,25.43,24.79,25.61,25.35,25.57,25.36,25.81,25.77,25.6,26.52,27.26,29.31,29.78,26.39,25.94,26.08,25.69,25.99,26.43,25.81,26.46,26.09,26.67,26.37,26.36,26.61,26.4,25.77,26.57,26.77,25.87,25.44,25.77,25.98,25.54,25.71,25.58,25.52,25.18,25.55,25.77,25.68,27.34,28.79,28.39,27.11,26.14,26.12,26.12,26.26,26.24,26.53,26.54,26.73,26.62,25.77,26.01,26.56,26.47,26.24,25.55,26.68,26.23,25.55,24.92,25.15,25.55,25.56,25.71,26.01,26.23,25.4,25.33,25.46,26.87,28.53,28.72,26.57,26.0,25.72,26.45,25.74,26.43,25.82,26.24,25.83,26.55,26.26,26.48,27.23,26.83,27.25,26.98,26.13,25.62,25.87,25.05,25.39,25.11,25.49,24.94,26.14,24.93,25.69,25.43,26.19,27.35,28.83,28.62,26.63,25.72,26.41,26.45,25.84,26.24,26.65,26.24,26.06,26.68,26.3,26.15,26.61,26.47,26.77,26.72,25.81,26.6,25.82,25.85,25.94,25.78,24.92,25.51,25.58,26.3,25.8,25.74,26.62,27.96,29.18,29.15,26.64,26.23,25.69,26.04,25.7,26.09,26.45,26.31,26.66,26.84,26.63,26.68,26.96,27.04,26.78,26.91,26.05,26.35,25.49,25.43,25.44,25.88,25.14,25.93,25.57,25.56,26.04,25.86,26.96,28.41,30.65,29.93,26.5,26.0,25.85,25.84,25.91,25.85,26.04,25.76,26.1,26.56,26.6,25.89,27.77,26.77,27.04,26.99,25.37,25.76,26.06,26.17,26.0,25.91,25.88,25.8,26.13,25.57,25.76,25.84,26.93,29.23,29.46,28.8,26.79,25.87,25.68,26.58,26.37,25.7,26.26,26.58,26.05,26.22,26.22,26.64,27.07,26.79,27.63,27.7,26.1,26.29,25.45,25.09,25.62,26.06,25.56,25.49,25.86,24.83,25.86,25.75,26.79,28.08,29.09,27.78,26.02,25.67,26.05,26.38,26.44,26.21,26.1,26.58,26.49,26.06,26.64,26.58,25.97,26.5,26.86,26.67,27.37,26.13,25.52,25.95,25.31,25.59,25.09,25.79,25.68,25.68,26.34,26.06,26.62,28.09,27.44,27.14,25.51,25.82,26.52,26.61,25.99,26.27,25.99,26.28,26.44,26.61,26.71,26.42,26.54,27.21,26.17,26.73,25.71,25.96,25.47,25.56,25.73,25.86,26.2,24.75,25.54,25.58,25.96,26.3,26.33,26.21,26.68,26.03,25.9,25.84,25.85,26.05,26.32,25.9,26.23,26.09,26.32,26.68,26.79,25.89,26.4,26.29,26.73,27.64,26.75,25.98,25.11,25.74,25.99,26.93,25.71,25.4,25.69,25.49,25.08,26.12,25.73,26.24,26.51,26.13,25.61,25.51,25.93,25.71,25.8,26.9,25.89,26.13,26.54,26.46,26.26,26.86,26.82,26.57,26.95,27.93,25.4,25.97,25.89,25.11,25.55,25.72,24.67,25.23,25.7,25.1,24.88,25.67,26.03,25.44,25.75,25.82,26.18,25.85,26.25,25.81,26.12,26.17,26.75,25.79,25.96,26.4,25.97,27.1,26.98,27.09,26.62,27.0,26.55,25.82,25.14,24.87,25.29,25.09,25.0,26.44,25.28,25.91,25.33,25.54,26.19,25.7,25.55,26.21,25.93,25.71,25.64,25.86,25.84,26.09,26.34,25.71,26.13,26.52,26.69,26.33,26.42,26.11,27.87,28.23,26.54,26.21,25.33,25.28,24.59,24.69,26.04,25.7,25.83,26.39,25.59,25.71,25.96,25.18,25.74,25.8,26.24,25.64,25.78,25.67,25.55,26.31,25.61,26.18,25.17,25.23,26.12,25.36,26.83,26.07,27.08,27.5,25.65,27.13,25.82,24.93,25.26,26.12,24.97,24.92,25.59,25.84,25.34,25.17,25.35,25.34,25.12,24.97,26.17,25.55,25.86,25.64,26.03,26.22,25.76,26.59,26.01,25.96,25.87,26.3,25.84,26.32,27.43,27.93
2020-06-29 16:09:29.0012,0,28.36,26.15,25.22,26.2,23.83,24.46,25.07,25.59,25.97,25.77,25.81,26.61,25.56,26.49,26.55,25.56,26.13,26.29,26.48,26.95,26.14,27.14,26.0,26.9,26.86,27.18,26.72,26.82,27.04,26.97,29.62,33.38,29.2,25.63,25.56,27.07,25.58,24.3,25.02,25.3,25.98,25.92,26.17,25.6,25.64,25.82,26.1,26.58,26.66,25.77,26.89,26.2,26.7,26.23,26.61,26.23,27.52,26.82,27.33,27.36,28.25,26.73,27.58,26.83,26.09,26.73,25.68,25.9,25.03,24.12,24.81,25.72,24.91,25.64,26.03,25.84,25.9,26.3,26.08,26.94,25.89,26.42,25.86,26.11,25.89,26.08,25.89,26.31,26.48,26.17,26.48,27.06,26.99,27.45,25.13,28.59,27.22,25.51,26.5,25.65,26.2,24.93,25.15,25.32,25.5,24.96,25.46,26.12,26.16,25.42,26.21,26.18,26.3,26.2,26.16,26.31,26.63,25.47,26.42,26.28,27.01,26.02,26.49,25.75,26.53,27.02,27.84,27.81,27.03,27.11,25.81,24.85,25.04,25.73,25.19,25.34,25.02,25.92,25.15,25.98,24.94,25.84,26.32,26.1,25.84,26.23,25.9,25.99,25.88,25.78,26.01,26.42,25.62,25.94,26.23,26.2,26.25,26.19,26.11,27.97,26.43,25.84,25.16,25.44,25.89,25.02,25.42,25.46,25.42,24.55,25.47,25.55,25.62,25.81,26.54,26.07,26.22,25.92,26.25,26.89,26.58,26.32,26.68,26.81,26.75,25.96,25.88,26.68,27.51,26.7,26.64,27.5,25.15,26.01,26.75,25.66,25.08,26.04,24.93,25.49,25.83,25.9,25.0,25.31,25.95,27.64,29.05,28.26,26.42,25.77,25.9,26.47,25.91,26.44,26.25,26.56,26.4,26.52,26.75,26.97,26.58,26.95,26.77,26.38,27.06,25.97,25.65,24.85,26.2,24.97,25.67,25.62,26.1,25.87,26.0,25.84,26.67,27.62,30.41,29.27,26.87,25.79,26.59,26.38,26.9,26.45,25.93,26.59,26.83,26.41,27.02,27.39,26.07,25.65,26.95,27.7,25.66,26.2,25.38,25.21,25.21,26.1,25.35,25.58,25.41,25.51,25.37,25.89,26.4,27.88,29.94,29.99,26.59,26.07,26.54,26.15,25.71,27.32,26.45,26.7,25.75,26.73,26.89,26.58,26.66,27.5,26.71,27.32,27.03,26.34,25.76,24.83,25.99,25.63,25.58,25.23,25.35,25.83,26.37,25.82,26.59,27.28,30.29,29.97,26.66,26.24,26.44,26.95,26.06,26.64,26.63,26.79,26.3,26.22,26.73,26.12,26.87,26.42,26.42,27.45,25.56,26.19,25.77,26.05,24.93,25.91,25.97,26.03,25.31,25.79,25.26,26.15,25.89,26.68,29.16,28.92,26.76,26.21,26.14,26.01,25.7,26.81,26.14,27.27,26.63,26.6,26.77,26.89,26.16,26.6,26.58,28.2,26.31,26.09,25.84,25.24,25.53,25.57,26.01,26.31,26.0,26.25,25.98,25.54,25.83,26.61,28.69,28.64,26.82,26.1,26.53,26.19,26.2,26.25,26.31,27.1,26.69,26.56,26.49,26.88,27.08,26.57,27.55,27.17,25.8,26.11,25.44,26.22,25.67,25.86,25.38,25.74,25.95,25.75,25.6,25.9,26.11,27.14,28.83,28.78,27.45,26.17,26.24,26.15,25.76,25.83,26.46,26.32,26.52,27.34,26.19,27.4,27.32,27.15,27.77,27.54,26.48,26.45,26.25,26.16,25.53,25.42,25.85,26.44,25.56,25.69,25.59,26.05,26.51,27.88,29.52,30.13,26.98,25.97,26.22,26.15,25.49,26.11,26.12,26.42,26.53,26.29,26.86,27.08,26.94,27.63,27.41,27.92,26.07,26.68,25.36,26.16,26.26,26.38,25.64,26.5,25.48,26.17,25.55,26.25,27.25,28.86,30.48,30.28,26.33,26.16,26.15,26.59,26.12,25.43,25.75,26.17,26.67,26.31,26.36,26.92,27.22,27.47,27.23,27.31,26.06,26.13,26.04,25.59,26.38,26.19,26.7,25.82,26.75,25.48,26.15,25.96,27.01,28.78,29.81,29.09,26.4,25.98,26.8,26.69,26.26,26.12,26.45,26.82,26.93,26.59,26.72,26.53,27.9,27.39,28.11,27.05,26.31,26.1,25.48,25.39,26.06,26.58,26.07,25.97,25.87,25.91,25.98,26.26,27.1,28.35,28.81,28.15,25.84,26.42,25.77,26.76,26.56,26.29,26.22,26.78,26.39,26.87,26.39,26.83,26.87,27.83,27.9,27.87,27.17,26.33,25.66,25.82,25.98,25.2,26.07,26.43,25.77,25.92,26.01,26.4,27.1,27.81,27.91,27.75,26.56,25.94,26.2,26.32,26.69,26.08,26.42,26.52,26.54,26.75,26.29,27.26,26.82,26.93,27.02,27.63,25.74,26.31,26.0,26.19,25.6,26.68,25.83,26.56,25.79,25.91,26.31,26.39,26.56,27.33,26.9,26.22,25.81,26.13,26.18,26.55,26.55,26.1,26.82,26.31,26.34,27.04,26.25,27.02,27.35,26.43,27.83,27.81,27.31,25.08,25.26,25.1,26.11,25.82,26.22,26.86,26.98,25.86,26.42,26.14,25.93,26.47,26.39,26.46,26.21,25.74,26.33,25.84,26.22,26.04,26.34,26.63,27.02,26.87,26.39,26.74,26.8,26.75,27.29,27.96,27.29,26.55,26.28,25.27,25.26,26.01,25.83,25.77,25.85,26.22,25.14,25.89,25.6,25.65,25.76,26.47,26.31,26.38,26.38,26.14,26.13,26.74,26.89,26.28,26.64,26.38,26.29,26.77,26.83,27.41,27.23,27.99,27.16,26.45,26.42,25.44,25.74,26.05,26.13,26.18,25.66,26.06,26.04,25.19,26.17,25.49,26.44,26.0,26.47,26.18,26.2,25.76,26.54,26.83,26.71,25.86,26.11,26.26,25.6,26.67,27.23,27.02,27.45,27.62,25.57,26.85,25.76,27.78,24.96,25.17,25.91,26.3,25.29,25.95,25.61,26.35,25.22,25.91,25.39,25.78,25.41,25.62,25.17,26.28,26.21,26.68,25.9,26.59,26.22,25.82,24.98,25.85,26.32,26.62,27.11,28.9,26.19,26.21,26.8,25.36,26.45,25.81,26.24,25.75,26.14,25.16,26.14,25.6,26.24,25.37,25.86,25.5,26.15,25.58,25.84,25.93,26.28,25.71,26.02,26.91,26.0,26.45,26.01,27.19,26.91,26.16,28.47,28.97
2020-06-29 16:09:29.1294,0,25.49,27.14,25.82,25.66,23.53,24.78,25.51,24.7,26.05,26.36,25.6,26.02,25.79,26.35,26.1,26.64,25.55,26.42,26.15,25.83,26.51,26.56,27.0,25.94,26.62,26.3,26.81,26.19,26.17,26.83,27.99,27.74,26.93,25.37,25.48,25.89,24.62,25.28,24.82,24.4,25.22,26.0,26.16,26.37,26.7,26.04,26.23,26.93,26.41,25.73,25.55,26.16,26.42,25.48,26.3,26.17,27.18,26.59,26.58,27.09,27.35,26.58,26.87,28.06,26.47,25.66,26.56,25.26,24.95,24.93,24.75,25.1,25.14,25.23,25.34,25.33,25.39,26.43,26.05,26.0,25.86,26.44,25.95,26.12,25.74,25.2,26.25,25.9,26.29,26.89,25.76,27.36,26.55,26.83,25.5,26.28,26.36,25.6,26.26,25.17,25.37,24.69,24.25,25.26,25.5,25.32,25.22,25.84,25.71,25.51,26.11,26.27,25.97,26.18,25.82,26.16,26.4,26.54,26.16,26.5,26.87,25.82,26.0,25.84,27.52,26.56,27.27,28.46,26.49,26.05,26.26,24.99,24.66,25.41,25.28,24.93,25.36,25.3,25.24,25.75,25.14,25.86,25.96,25.79,26.36,26.03,26.55,26.12,26.2,26.49,26.59,26.05,25.84,26.75,26.9,26.18,25.68,26.16,27.6,26.34,26.37,24.74,24.95,25.53,25.13,25.41,25.28,24.89,25.3,25.99,25.02,25.41,25.54,25.69,26.66,26.7,26.13,26.12,26.38,26.0,26.26,25.74,26.46,26.17,26.23,26.45,25.87,26.62,26.37,26.45,26.4,27.18,25.62,26.88,25.18,24.49,24.87,25.89,25.55,25.62,25.32,25.57,25.75,25.78,26.25,27.66,29.04,27.99,26.02,26.41,25.89,25.87,26.21,26.47,26.22,25.88,26.74,26.53,26.57,26.53,27.89,26.77,25.97,26.71,27.2,25.69,24.0,24.46,24.77,25.2,25.3,25.33,25.77,25.73,25.92,25.72,26.59,28.0,30.53,29.46,26.52,26.28,26.03,26.17,26.61,26.13,25.85,26.68,26.73,26.86,26.89,26.93,26.5,26.51,26.74,27.43,26.29,25.82,25.63,25.81,25.16,25.84,25.68,25.59,25.16,26.51,25.25,25.71,26.68,28.2,30.39,30.12,26.78,26.29,25.86,25.9,26.1,26.56,26.54,27.05,26.53,26.86,26.34,26.85,26.61,26.9,26.29,26.77,27.52,25.06,25.12,25.38,25.31,25.06,25.47,25.56,26.25,25.49,25.88,26.01,26.44,27.09,29.41,30.43,27.16,26.33,26.01,26.18,26.58,26.23,26.55,26.24,26.88,26.42,26.99,26.6,26.3,27.09,26.39,27.54,25.82,25.99,25.7,25.27,25.42,25.66,25.7,24.99,25.73,25.5,25.56,25.48,25.6,26.9,29.16,28.77,26.85,25.97,25.85,26.33,26.08,26.35,26.33,26.66,26.83,26.16,26.49,26.77,26.67,27.15,26.67,27.18,26.45,25.83,25.67,25.93,26.19,24.76,25.56,25.82,26.45,25.82,25.32,25.63,26.24,26.98,28.64,29.09,27.31,26.19,25.74,26.65,26.43,26.63,26.75,26.98,27.58,26.31,25.88,27.22,26.66,26.37,26.73,27.26,26.24,26.41,25.98,25.17,25.89,26.12,25.95,25.64,25.82,25.88,25.89,25.93,26.1,27.46,29.11,28.99,26.55,26.57,25.69,26.37,25.94,26.35,26.45,26.45,26.28,26.56,26.66,26.9,27.54,26.86,26.87,27.34,26.28,26.03,26.24,25.96,26.31,25.89,25.51,26.19,26.12,25.68,25.92,26.34,26.55,27.88,29.56,29.78,26.75,26.15,25.71,25.87,26.19,25.61,25.64,26.41,26.22,26.61,26.62,26.79,27.21,27.43,27.55,28.17,26.16,26.64,25.6,25.85,25.68,26.38,25.13,25.93,25.89,25.67,26.25,26.48,26.68,28.52,30.4,29.68,26.79,26.02,26.34,26.43,25.82,26.16,26.25,26.62,26.32,26.79,26.32,26.79,27.02,26.88,27.48,26.77,26.73,25.7,25.41,25.53,26.38,25.24,25.64,26.03,26.24,25.68,26.29,26.15,27.33,29.15,30.11,28.99,26.44,25.79,26.55,26.49,26.19,26.21,26.07,26.69,26.95,26.45,26.72,27.53,27.47,27.04,26.6,27.97,26.95,26.58,24.76,25.99,25.87,26.18,25.91,26.1,25.74,25.49,26.29,26.18,26.7,28.29,29.19,27.89,25.73,26.07,26.26,26.39,26.14,26.62,26.53,26.58,26.14,26.29,26.48,26.69,26.66,27.52,27.31,26.61,28.21,25.89,25.16,25.59,26.12,26.1,25.96,26.02,26.02,25.79,25.92,26.07,27.13,27.7,27.94,27.25,26.31,26.03,26.43,26.41,26.61,26.69,26.44,26.72,26.44,26.36,26.56,26.39,27.39,27.17,26.81,28.06,26.78,26.26,25.75,24.54,25.4,26.26,26.31,26.17,26.0,26.16,26.62,26.3,26.34,26.94,26.69,26.56,26.01,26.57,26.27,26.37,26.0,26.45,27.03,26.67,26.3,26.79,27.04,26.72,26.51,27.19,27.74,28.13,27.26,26.1,25.4,25.35,26.11,25.48,26.1,25.51,26.16,26.07,25.65,26.01,26.69,26.45,26.63,26.55,26.45,25.83,26.25,25.93,26.03,26.24,26.01,26.48,26.9,26.19,26.66,26.25,27.25,27.0,27.43,28.23,26.35,26.68,25.82,24.53,25.51,25.38,26.06,26.05,25.55,26.98,26.19,26.14,25.8,26.11,26.08,25.71,26.07,26.29,26.01,26.15,26.11,26.52,26.98,26.04,26.07,26.51,26.68,26.45,26.59,27.37,28.1,27.53,26.25,25.32,25.83,25.17,25.57,25.98,26.27,26.69,25.93,25.89,25.33,26.14,26.08,25.92,25.44,26.09,25.93,25.59,25.64,26.55,26.79,25.96,26.33,26.08,26.65,26.21,26.5,26.76,26.87,27.1,26.59,27.92,26.41,27.21,25.84,25.6,25.39,25.64,25.68,26.13,26.08,25.68,26.23,26.09,25.43,25.92,25.73,25.79,25.25,26.12,26.13,26.66,25.02,26.95,25.71,25.87,25.87,26.26,25.73,26.68,26.94,26.94,27.9,28.49,26.91,25.81,25.55,26.44,25.56,24.88,25.26,25.83,25.72,25.95,26.28,25.56,25.86,25.58,25.37,25.72,25.67,25.79,25.6,26.01,26.02,25.8,26.17,26.85,25.99,25.61,25.66,26.25,26.14,25.86,28.36,30.02
2020-06-29 16:09:29.2575,0,25.25,26.01,26.63,26.07,24.47,24.32,24.77,25.96,26.15,26.09,25.83,26.47,26.26,25.67,26.29,26.38,25.74,25.89,26.49,25.7,26.16,26.58,27.39,26.91,26.89,26.2,26.41,26.87,27.15,26.83,31.15,30.02,25.8,27.86,25.65,25.03,24.89,25.41,25.38,25.83,25.1,25.34,25.46,25.61,25.64,26.22,26.22,25.93,26.27,26.29,26.08,26.34,25.75,26.1,26.18,26.7,26.45,26.21,26.31,26.51,27.08,27.79,28.74,28.38,27.11,25.62,25.54,25.95,26.42,24.65,24.22,25.44,25.75,25.64,25.39,25.84,25.78,25.43,25.71,25.85,25.88,25.45,25.98,26.35,26.14,25.69,26.31,26.32,26.07,25.88,27.16,26.25,27.22,26.74,28.07,27.74,26.08,25.82,25.41,24.95,25.74,24.47,24.72,25.19,25.1,25.36,24.95,25.49,25.79,25.42,26.2,26.05,26.39,25.96,26.02,25.71,25.66,26.33,26.55,26.55,26.18,26.18,26.19,25.79,26.39,27.25,27.47,28.81,27.53,25.97,26.4,24.72,25.37,24.84,24.07,24.39,25.27,24.65,26.1,25.25,25.37,25.7,26.31,25.97,26.15,25.44,26.0,26.31,26.34,25.53,26.25,25.91,26.42,25.26,26.25,27.28,26.93,26.9,26.78,27.61,25.88,26.69,24.67,25.82,24.55,24.59,24.87,25.07,25.16,25.4,25.68,25.3,25.49,26.23,26.29,26.48,26.08,25.8,25.79,26.33,25.89,26.08,26.07,26.2,26.48,26.88,26.75,26.26,26.58,26.57,27.65,27.16,26.36,25.87,24.79,25.36,25.38,25.48,25.46,25.61,26.07,25.19,25.43,25.07,26.04,27.1,29.03,27.83,25.3,25.13,26.38,26.33,26.53,26.1,26.57,26.19,26.16,26.63,26.89,26.69,26.91,26.34,26.64,27.73,25.24,26.56,25.03,24.88,25.78,25.94,25.41,25.24,25.5,25.63,25.66,25.83,25.52,28.38,30.28,29.35,26.16,26.36,26.36,25.96,26.04,26.02,25.91,26.58,26.81,26.16,26.62,26.44,26.38,26.76,27.51,27.02,26.61,25.89,25.73,25.07,25.35,25.84,25.47,25.69,25.62,25.37,25.56,25.44,26.76,28.13,30.28,30.32,26.85,26.31,26.03,26.51,25.98,26.59,25.9,26.46,26.54,26.12,26.9,26.45,26.97,26.04,26.75,27.18,26.54,25.53,25.16,25.32,25.17,25.5,25.07,25.7,25.21,26.24,25.72,25.49,25.99,27.53,29.79,29.58,26.52,25.93,26.02,26.06,25.25,26.22,26.49,26.13,26.39,26.68,27.1,26.38,26.31,27.16,26.62,27.14,26.66,25.2,26.27,25.15,25.6,25.52,25.36,26.01,25.63,25.66,25.44,25.41,26.15,26.26,28.41,28.79,26.55,26.17,25.92,26.16,26.35,26.18,26.22,26.92,26.4,26.35,26.53,26.89,27.01,26.74,27.59,26.9,26.0,26.46,26.16,26.91,25.26,25.31,25.05,25.84,25.97,25.71,25.55,26.01,25.31,26.58,28.2,28.79,27.04,25.98,26.03,26.81,25.97,26.22,26.69,26.55,26.0,25.98,26.72,26.11,27.08,26.44,26.45,28.02,25.85,25.8,25.15,25.64,25.93,24.83,25.97,25.48,25.93,26.03,26.08,26.07,25.98,27.29,28.72,28.92,27.24,25.94,26.21,25.17,25.92,25.99,26.34,26.5,26.84,26.41,26.44,26.63,27.05,26.74,27.64,27.9,25.83,26.15,26.26,25.29,25.52,25.54,25.6,25.51,25.64,26.19,25.95,25.34,26.47,28.04,29.39,29.57,26.67,26.12,25.99,25.65,25.55,26.08,25.89,26.81,25.96,26.62,26.47,26.32,26.67,27.08,27.28,27.13,25.76,26.37,25.38,25.42,25.59,26.11,25.75,26.37,25.46,25.19,25.73,26.11,27.32,28.45,30.46,29.78,26.39,25.84,26.22,26.07,25.7,25.6,26.24,26.14,27.0,26.64,26.36,26.65,27.94,26.61,27.76,27.84,25.38,26.34,25.6,25.61,25.3,25.15,25.73,25.45,25.65,25.35,26.32,26.34,26.78,29.03,30.13,29.06,26.08,25.86,26.1,26.18,25.43,26.39,26.42,26.9,26.57,26.23,26.45,27.05,27.34,26.24,26.98,27.08,26.18,25.43,25.18,25.4,26.07,25.78,25.7,25.34,25.64,25.78,25.22,26.33,26.88,27.74,28.88,27.53,25.91,25.51,26.14,26.52,26.43,25.85,26.75,26.31,26.73,26.26,26.66,27.1,26.89,26.94,27.95,27.38,25.75,26.9,25.36,25.53,25.43,25.34,25.31,25.68,25.98,26.01,26.19,26.17,26.76,27.59,27.49,27.04,25.65,26.2,26.56,26.0,26.24,26.68,26.39,26.17,26.52,26.99,26.55,26.45,26.98,26.34,27.4,28.19,27.32,25.98,25.19,25.73,25.76,26.41,25.83,26.42,25.67,25.77,25.85,26.37,26.23,26.37,26.78,26.29,26.61,25.69,26.58,26.31,26.11,26.18,26.24,26.41,26.71,26.14,26.26,26.74,27.52,27.08,26.98,27.67,25.24,25.88,25.29,24.63,25.54,25.54,25.95,25.82,26.25,26.09,25.72,25.79,26.32,26.13,26.36,26.02,25.66,26.43,25.77,26.02,25.32,26.57,26.09,26.14,25.88,26.87,27.1,26.32,26.51,27.09,27.33,28.19,26.95,25.02,25.59,25.65,25.29,25.87,26.27,25.78,26.11,25.83,25.25,25.63,26.49,25.73,25.97,25.66,26.4,26.02,26.25,25.88,26.47,26.48,26.89,26.02,26.12,25.83,27.06,26.79,26.87,26.76,27.49,27.04,25.74,26.91,25.54,25.47,25.44,25.76,26.56,25.76,25.12,25.8,25.78,26.04,25.81,25.48,26.41,25.98,25.99,26.27,26.4,25.98,25.45,26.11,26.57,25.99,25.97,26.27,25.92,26.38,27.25,28.27,27.51,26.39,25.93,26.27,25.62,25.9,25.68,25.2,25.31,26.32,25.58,24.99,25.62,25.95,24.96,25.02,25.26,26.38,26.13,25.12,25.79,26.27,25.83,25.62,26.05,26.17,25.8,24.77,26.01,26.74,26.9,26.1,27.91,29.31,27.15,27.02,25.65,25.41,24.75,25.33,25.93,25.92,25.29,25.45,25.45,26.28,25.32,25.74,25.47,25.49,25.26,25.57,25.32,25.92,25.23,26.38,26.02,26.34,25.11,26.46,25.54,26.19,26.59,26.59,27.26,28.48
2020-06-29 16:09:29.3862,0,26.03,25.45,26.11,25.43,24.53,24.22,25.71,25.21,25.77,26.05,25.77,25.87,26.36,25.53,26.26,26.37,25.17,26.15,26.86,26.24,26.11,26.7,26.57,26.25,26.81,27.14,26.83,25.99,27.15,27.96,30.3,28.38,26.92,27.45,26.82,25.5,25.16,24.23,25.15,26.07,25.81,25.59,25.3,26.12,26.3,26.06,25.57,26.44,26.15,25.76,25.55,26.32,26.15,26.76,26.59,26.94,26.4,27.1,27.29,26.57,27.55,28.04,29.9,29.25,25.62,26.62,26.19,26.03,25.65,24.42,24.93,24.49,25.02,25.09,25.89,25.07,25.53,26.18,25.83,25.75,26.47,26.19,26.09,25.75,26.5,25.83,26.81,26.44,26.88,27.18,26.59,27.53,27.1,27.01,28.59,29.08,27.11,26.72,25.87,26.32,24.54,24.23,25.58,25.14,24.83,25.74,24.7,25.61,26.06,25.89,26.34,25.6,26.54,26.2,25.81,26.42,26.4,26.08,26.16,27.19,26.03,26.14,26.46,26.69,27.0,26.41,27.26,27.92,26.31,25.84,25.74,24.81,25.0,25.56,25.02,24.93,24.87,25.17,25.27,24.8,25.94,25.74,26.54,25.79,26.28,26.68,25.9,26.23,26.34,25.8,25.76,26.79,26.53,26.75,26.49,26.48,26.2,27.17,26.62,26.55,25.95,24.97,25.47,25.56,25.12,25.43,25.0,25.45,25.3,25.04,25.36,26.0,24.99,26.25,26.01,26.61,25.92,25.83,25.73,26.57,26.04,25.87,26.92,26.8,26.49,26.21,26.3,27.24,26.37,26.48,26.39,28.82,26.03,25.59,24.87,24.64,25.19,25.05,25.31,25.49,25.83,25.91,25.67,25.89,26.27,26.95,29.46,28.08,26.44,25.8,26.42,25.97,26.77,26.46,26.13,26.57,26.64,26.77,26.33,27.1,26.23,26.61,26.71,26.51,26.08,26.45,25.46,25.13,25.19,25.77,25.16,25.86,25.76,25.31,26.03,26.18,26.59,27.93,30.43,29.96,26.32,26.2,25.83,26.3,26.2,26.57,26.39,26.25,26.25,26.64,26.23,27.51,27.1,26.69,26.56,27.45,27.03,25.29,25.18,25.18,25.59,25.83,25.34,25.71,25.97,25.42,25.59,26.02,26.23,28.48,30.41,29.75,26.61,26.38,25.98,25.99,26.02,26.65,27.2,25.96,26.44,26.62,26.49,26.31,27.2,26.45,26.99,27.28,27.52,25.6,25.89,25.26,25.71,25.87,25.71,25.82,25.7,25.52,25.67,25.94,26.44,27.48,29.78,29.54,26.41,25.98,25.91,26.2,26.0,26.46,26.75,27.23,26.54,26.33,26.22,27.27,26.29,26.53,26.72,28.07,26.73,26.49,25.73,25.73,25.58,25.26,26.2,26.27,25.97,25.39,26.18,25.57,26.19,26.71,29.18,28.95,26.96,26.34,26.34,26.51,26.68,26.74,26.76,26.23,26.74,26.5,26.76,26.64,26.42,26.87,27.34,27.34,25.57,26.03,25.51,25.96,25.53,25.82,25.43,25.73,25.48,25.84,25.71,26.25,25.95,26.63,28.28,29.2,27.03,26.58,25.92,26.68,26.42,26.46,26.44,26.79,26.27,26.68,26.86,26.36,26.93,26.4,27.36,28.59,26.78,25.73,25.85,25.61,25.65,25.86,25.86,25.86,26.38,26.19,26.11,25.64,26.41,26.71,28.59,28.9,26.93,26.11,25.89,26.18,26.06,26.05,26.26,26.66,26.08,26.9,26.68,26.89,26.88,26.86,27.55,28.16,25.58,26.57,25.48,25.98,26.05,26.54,25.15,25.87,26.01,25.5,25.72,25.87,26.17,28.08,29.73,29.89,27.29,26.27,26.16,26.55,25.71,26.42,26.05,26.33,26.77,26.74,26.86,27.19,26.79,27.32,28.19,28.36,26.19,26.81,27.01,25.69,25.16,26.38,26.35,25.92,26.12,25.98,26.37,26.58,27.27,28.8,31.04,29.95,26.81,26.11,26.55,25.95,26.14,25.96,26.69,26.19,26.9,26.9,26.35,26.66,28.04,27.46,28.0,27.27,26.01,26.76,26.02,25.56,25.71,25.65,25.4,26.05,25.59,25.81,25.98,26.68,26.76,28.89,30.11,28.83,26.25,25.91,26.65,26.71,26.19,25.83,26.27,26.39,26.95,26.47,26.46,26.77,27.18,27.36,26.42,27.83,26.61,26.4,25.75,25.05,26.86,25.91,25.56,25.36,25.88,26.04,26.63,25.97,27.41,28.57,29.4,28.17,25.85,25.87,26.67,26.39,26.67,26.01,26.77,26.36,26.51,26.29,26.9,26.14,27.42,27.06,28.19,27.83,27.12,26.27,25.96,26.4,25.98,25.99,25.2,26.42,25.67,24.92,25.81,26.41,26.73,27.63,27.75,27.27,26.01,26.15,26.04,26.74,26.41,26.3,26.76,26.41,26.67,26.14,26.42,27.1,26.66,27.2,27.5,27.57,26.43,25.88,25.78,25.68,26.01,25.83,26.33,25.91,26.38,26.38,26.2,26.3,26.05,26.21,26.91,26.35,25.72,26.06,26.29,26.36,26.24,26.23,26.48,26.67,26.57,26.41,27.2,26.57,27.0,27.65,27.94,27.2,26.1,25.76,25.39,25.55,25.37,25.79,25.96,26.19,25.92,26.21,26.1,26.37,26.05,26.9,25.9,27.09,26.24,25.95,26.35,26.48,25.81,26.37,25.77,26.98,25.9,26.98,26.94,26.27,26.15,26.55,27.42,28.44,26.17,26.09,26.75,25.23,25.06,25.99,26.09,25.62,25.45,25.85,25.98,25.66,25.6,25.44,26.44,26.04,26.53,25.62,25.81,26.38,26.25,26.28,26.51,26.41,26.23,25.96,27.15,27.36,26.62,27.03,27.54,27.72,26.24,26.57,26.19,24.66,25.4,25.39,25.97,26.44,25.66,26.05,25.2,25.56,26.07,25.61,26.0,26.34,25.36,25.73,26.21,27.5,26.43,26.47,26.45,26.1,25.56,25.55,26.65,26.78,25.87,27.65,27.78,27.73,26.19,25.88,26.07,25.79,25.59,25.8,26.18,25.66,25.55,25.53,25.73,25.29,25.59,25.67,26.24,25.54,26.01,25.27,25.66,26.16,25.69,26.15,26.01,26.43,25.9,25.5,25.93,25.3,26.79,26.75,28.63,27.34,26.05,26.09,26.54,27.06,25.03,25.93,26.21,25.7,25.85,25.84,25.73,25.59,25.86,25.48,25.48,25.74,25.66,25.94,26.1,26.3,26.15,26.23,25.6,26.88,26.72,26.41,25.98,26.62,25.95,27.23,27.02,29.41
2020-06-29 16:09:29.5144,0,26.85,25.74,25.71,25.3,24.2,24.09,25.06,24.05,25.02,24.26,25.65,24.73,26.24,25.81,26.27,25.15,25.72,25.63,26.6,26.26,26.27,25.86,25.83,25.81,26.52,26.0,25.59,25.86,27.26,26.69,26.7,26.22,25.96,26.62,25.11,26.0,23.74,24.46,24.52,25.29,24.79,25.31,25.18,25.58,24.84,25.81,25.18,26.57,25.12,25.5,25.29,26.32,25.89,26.22,25.43,26.82,25.97,26.48,25.01,26.62,25.97,27.9,25.82,30.19,26.94,25.28,24.86,24.34,24.5,24.29,24.64,23.75,24.9,25.24,25.63,25.07,25.41,25.57,26.07,25.63,26.0,25.47,26.58,25.63,26.01,25.7,25.75,25.91,26.62,26.32,26.3,26.39,27.51,26.88,25.95,26.12,25.72,25.71,24.58,25.44,25.4,24.42,24.86,25.74,24.7,24.68,25.09,25.73,24.99,25.41,25.52,25.24,25.95,25.96,25.69,26.3,25.8,26.32,25.5,26.54,25.2,26.87,25.86,25.74,26.36,27.0,26.17,27.2,26.59,25.31,25.25,23.97,25.02,24.37,24.75,24.12,24.88,24.92,25.98,25.04,25.04,25.51,26.09,25.77,25.94,25.47,26.0,25.77,26.68,25.67,26.73,25.18,26.67,25.95,26.5,25.44,26.23,26.2,26.49,25.52,25.0,25.03,24.64,25.6,23.94,25.3,24.32,25.32,24.68,25.52,25.12,25.42,24.98,25.59,25.57,26.28,25.58,25.91,25.39,25.79,26.02,26.2,25.62,26.19,25.72,26.08,25.6,26.52,26.08,26.51,26.26,26.25,26.09,24.9,25.41,25.01,25.21,24.93,25.31,25.11,25.58,24.75,25.54,25.1,26.15,26.83,29.14,27.46,26.52,25.57,26.19,26.06,26.01,26.02,26.12,26.1,27.0,25.9,27.14,25.69,26.87,25.85,26.22,26.39,24.45,26.31,24.52,24.19,24.92,25.37,24.78,25.98,25.87,26.08,25.15,25.51,26.06,27.71,29.93,29.46,26.0,25.58,26.2,25.67,25.97,26.76,25.83,26.58,26.13,26.15,25.71,26.69,26.22,26.56,26.26,27.5,26.55,25.16,24.73,25.21,25.47,24.91,25.33,25.71,25.29,24.96,25.68,25.38,26.87,28.07,29.84,29.9,26.39,25.5,26.05,25.57,26.0,25.83,25.91,25.61,26.77,26.02,26.88,26.45,26.65,25.88,26.36,26.63,25.62,25.98,23.88,25.9,25.18,25.35,24.85,25.46,25.46,25.17,25.13,26.22,25.55,26.8,29.56,30.15,26.47,25.67,25.69,26.37,25.19,26.63,26.0,26.78,25.62,26.21,25.72,26.5,26.45,26.55,26.09,27.43,26.6,25.0,24.97,25.14,25.72,25.66,25.12,25.68,25.96,25.16,25.76,25.55,25.69,26.21,28.97,28.83,26.85,26.03,26.04,25.63,26.36,26.42,26.85,26.32,26.95,26.6,26.64,26.0,26.57,26.32,27.05,26.04,25.26,25.9,24.76,25.38,25.14,25.3,25.31,25.6,25.57,25.09,25.59,25.53,25.26,26.88,27.98,28.18,26.37,26.55,25.89,26.08,25.54,25.95,25.8,26.35,26.14,26.55,25.88,26.74,26.39,26.83,25.78,27.15,25.79,25.94,25.88,25.19,25.65,25.1,25.61,24.81,25.94,25.03,25.89,24.72,25.53,26.87,28.56,28.69,26.72,26.26,25.95,25.78,25.36,25.54,25.83,26.22,26.4,26.21,26.93,26.77,26.89,25.74,26.77,25.7,26.14,25.76,24.75,25.71,25.4,25.4,24.9,25.63,24.92,25.37,25.09,26.04,26.14,28.15,29.61,29.42,26.53,25.87,25.95,26.7,25.2,25.81,25.61,26.62,26.53,26.39,25.99,27.19,25.97,27.19,27.42,27.08,25.88,25.82,25.65,25.86,26.11,25.22,26.1,25.21,25.47,25.44,25.44,26.05,27.06,28.31,30.39,29.37,26.04,25.89,26.24,25.73,25.91,25.74,25.95,25.42,26.1,26.54,27.11,26.01,27.35,26.61,26.22,26.29,25.71,26.46,24.81,25.88,25.98,25.14,25.03,26.4,25.04,25.68,25.65,25.74,26.92,28.68,29.81,29.45,26.22,25.78,26.05,26.01,25.67,26.31,25.52,26.7,26.37,26.93,25.44,27.04,25.62,27.08,26.63,28.04,27.02,25.75,24.65,25.39,25.49,25.78,25.31,24.86,25.75,25.37,25.55,25.42,26.8,28.16,28.81,27.96,25.73,25.85,26.45,26.56,26.65,26.19,26.75,25.79,26.15,26.04,26.38,26.02,27.0,26.48,26.86,27.17,25.89,25.24,24.7,25.64,25.57,25.32,24.95,26.41,25.09,25.91,25.58,26.49,26.4,27.7,27.72,27.44,25.1,26.02,25.62,26.11,26.28,26.59,25.87,26.62,26.31,26.26,25.89,26.83,26.09,27.07,26.15,27.43,26.1,24.64,25.14,25.06,26.17,25.56,25.68,25.0,26.25,25.8,25.85,26.17,26.76,26.19,26.59,25.2,25.8,25.73,26.69,25.82,25.58,25.88,26.7,26.19,26.33,25.64,26.23,26.02,27.02,26.59,27.09,27.62,25.19,25.62,24.23,24.25,25.54,25.66,24.89,26.06,25.55,25.49,25.29,26.02,26.14,26.25,25.77,25.82,25.39,25.83,24.64,26.14,25.14,26.03,25.53,26.73,25.39,26.34,26.11,26.43,26.49,27.2,26.38,27.93,25.4,24.96,24.79,24.39,25.72,24.94,25.96,25.92,25.84,25.21,25.37,25.29,26.15,25.31,26.09,26.03,25.52,25.61,25.57,25.91,26.24,26.27,26.38,25.65,26.1,25.97,25.97,25.69,26.82,26.55,27.21,27.59,26.1,26.02,24.75,25.23,24.79,26.03,25.13,26.87,25.0,26.17,25.31,25.55,25.37,25.36,25.65,25.41,25.57,26.39,25.51,26.21,25.59,25.98,25.56,26.62,25.71,25.55,24.99,26.81,27.4,27.17,26.24,27.81,26.29,25.08,25.53,25.26,25.28,25.34,25.58,25.22,25.14,25.13,25.46,25.04,25.71,25.29,25.13,25.29,25.64,25.63,25.53,25.27,26.07,25.23,25.61,25.31,26.2,25.52,26.45,24.48,26.84,25.87,27.08,26.34,25.63,27.37,26.0,25.93,24.72,24.25,24.96,24.93,24.86,26.13,24.92,25.58,25.08,25.09,24.72,26.12,24.91,25.56,25.2,26.43,25.5,26.1,25.61,26.6,25.25,26.42,25.51,26.65,25.08,25.74,26.34,28.26
2020-06-29 16:09:29.6431,0,27.53,27.55,26.9,25.43,24.93,24.78,25.72,25.04,25.32,26.51,26.38,25.87,26.51,25.94,26.68,26.1,25.99,25.89,26.19,26.66,26.83,26.56,26.74,26.09,27.15,27.31,27.4,26.96,26.93,27.11,28.63,29.7,28.55,26.79,25.7,26.15,24.8,25.5,24.98,25.6,25.81,25.46,25.45,25.86,26.57,26.21,26.23,26.45,26.15,26.54,25.68,27.53,26.01,26.91,26.59,27.26,26.25,27.44,26.04,27.86,27.35,28.06,27.74,26.99,26.52,28.05,25.61,25.06,25.5,24.92,24.79,24.19,25.32,25.37,25.64,24.42,26.03,26.43,26.57,26.12,26.61,26.67,26.59,26.49,26.52,26.08,26.29,25.89,26.18,26.74,26.45,26.35,26.59,27.58,29.97,25.91,27.36,25.64,25.3,25.78,25.36,24.9,25.29,25.6,25.63,25.49,25.21,26.13,26.17,26.5,25.52,25.61,26.65,26.33,26.05,26.55,26.4,26.21,25.89,26.81,26.45,26.73,26.15,27.68,26.32,26.43,27.27,28.8,26.75,25.84,25.94,24.99,25.78,25.11,25.46,25.34,26.03,25.92,25.28,25.52,26.5,25.97,26.11,26.01,25.97,26.03,26.25,25.89,26.59,26.03,26.74,26.55,26.94,27.02,27.51,26.18,26.38,27.0,27.04,26.33,26.36,25.58,25.12,25.4,25.58,25.15,24.86,26.12,25.43,25.17,25.25,25.79,25.53,26.27,26.45,27.27,26.03,26.16,25.95,26.37,26.82,26.45,26.34,26.33,26.62,27.27,25.87,27.4,26.53,27.16,26.78,27.83,26.24,25.22,25.72,24.81,24.92,26.03,25.46,25.62,25.72,25.22,25.79,25.44,26.29,27.36,29.27,27.59,26.45,26.2,25.93,26.29,26.36,26.25,26.6,25.64,26.65,26.65,26.21,26.11,27.17,26.93,27.26,27.45,25.71,26.28,25.14,25.78,25.34,25.93,25.67,25.62,25.88,26.0,26.13,26.3,26.69,28.62,30.63,29.69,26.32,26.51,25.93,26.71,26.72,26.79,26.5,26.38,26.84,26.41,27.15,27.39,26.65,26.86,26.57,28.01,26.69,25.82,25.51,24.87,25.34,25.83,25.97,25.46,25.99,25.53,26.02,25.29,26.72,28.29,30.97,30.02,27.19,26.1,25.8,26.57,26.43,26.66,26.9,26.72,26.79,26.74,27.28,26.45,26.5,26.6,26.84,26.76,26.82,26.3,26.21,26.35,26.25,25.23,25.83,25.6,25.7,25.96,25.57,25.95,26.53,27.69,29.78,29.74,27.16,26.18,25.91,26.12,26.58,26.77,26.86,26.71,26.99,26.7,27.11,26.9,26.86,26.99,26.56,27.41,27.62,25.81,25.11,25.27,26.25,26.04,25.98,25.34,25.44,26.03,25.09,25.27,25.83,26.52,29.1,28.95,26.89,26.25,26.73,26.42,26.88,25.96,26.57,26.65,26.54,26.73,26.41,26.64,27.68,27.15,27.84,27.34,26.62,26.05,26.28,26.13,25.4,25.83,25.43,25.63,25.91,26.48,25.22,26.17,26.24,26.27,28.37,29.03,26.95,26.05,26.2,26.41,26.52,27.24,26.75,26.28,26.81,26.92,26.37,26.88,27.48,27.12,26.72,27.47,26.28,25.9,26.62,25.17,25.93,25.73,26.11,25.87,25.97,25.57,25.83,26.03,26.05,27.46,28.69,28.81,26.95,26.48,26.37,26.0,25.88,26.35,26.59,26.66,27.09,27.01,26.57,26.89,27.17,26.44,27.57,27.01,25.93,26.25,26.08,26.29,25.66,25.42,25.87,26.46,26.22,25.93,25.62,26.08,26.45,27.45,29.56,29.99,26.57,26.47,26.07,26.65,25.81,26.24,26.36,26.55,26.88,26.65,26.74,27.08,27.62,27.62,27.22,28.05,27.09,26.81,26.41,26.14,26.39,26.38,26.12,25.81,25.93,25.99,25.98,26.38,27.0,28.71,31.23,30.22,27.19,26.39,26.18,26.43,26.15,26.26,26.6,26.4,26.35,26.9,27.25,27.31,27.91,26.74,27.36,27.44,26.73,26.09,26.63,26.03,26.51,26.19,25.76,26.07,26.13,25.61,26.28,26.09,27.42,29.09,30.2,29.21,26.62,26.39,26.55,26.63,26.48,26.15,26.06,26.73,26.27,26.49,26.59,27.05,26.61,27.52,27.58,28.02,28.25,27.28,26.25,25.67,26.05,26.18,26.2,25.61,26.34,25.82,26.75,25.97,27.23,28.76,28.94,28.08,26.25,25.87,26.0,26.29,26.38,26.62,26.46,26.8,27.1,26.76,26.92,26.01,27.0,26.91,27.52,26.61,27.66,27.34,25.32,26.57,26.25,26.55,25.7,26.68,26.7,26.49,26.14,26.21,27.22,27.74,28.13,27.48,26.3,26.07,26.14,26.75,26.61,26.62,26.11,26.54,27.25,26.76,26.69,26.71,27.1,27.52,26.98,28.28,27.02,25.7,25.63,24.86,25.74,26.25,26.87,26.43,26.04,26.5,26.33,26.08,26.48,26.63,26.83,25.94,25.94,26.06,26.62,26.36,26.57,26.34,26.84,26.67,26.71,26.66,26.38,26.14,27.63,27.19,26.7,27.2,25.91,25.96,25.74,25.4,24.94,26.94,25.83,26.6,26.16,25.99,25.87,26.27,25.74,26.49,26.31,25.96,26.34,25.97,26.25,26.18,26.45,26.28,25.66,27.11,26.53,27.0,26.66,26.44,26.93,26.73,27.43,28.46,27.01,26.48,25.86,25.23,25.87,26.14,25.96,26.19,25.98,25.97,26.11,25.42,25.61,25.89,26.12,26.49,26.1,25.96,26.5,26.49,26.61,26.28,26.65,26.16,26.9,26.24,26.87,26.9,26.96,27.03,28.14,27.32,26.24,26.99,25.82,25.57,26.36,26.18,25.69,26.45,25.4,26.06,25.69,26.18,25.84,26.08,25.66,26.58,26.26,26.31,25.87,27.05,26.55,26.25,27.22,26.76,25.7,26.12,26.04,26.8,26.7,27.32,27.19,27.32,26.21,26.11,26.09,25.79,25.78,25.64,26.04,25.51,26.68,25.12,25.48,25.16,25.6,26.04,26.26,26.04,26.02,26.47,26.17,25.53,26.34,26.02,26.3,26.15,26.2,25.8,25.61,26.33,26.63,27.68,28.65,28.48,28.29,27.31,26.14,26.88,25.56,26.12,25.58,26.35,26.28,26.7,25.87,26.01,25.6,26.01,25.11,26.27,25.66,25.71,25.98,26.19,25.89,26.78,25.74,26.75,26.58,26.12,26.15,26.3,26.51,27.06,27.02,28.46
2020-06-29 16:09:29.7708,0,26.86,26.2,24.93,25.33,24.77,24.3,24.88,25.11,26.26,25.8,26.08,26.2,26.09,26.1,25.99,26.13,25.71,26.31,27.01,26.14,26.12,26.17,26.59,26.77,26.68,26.87,26.7,26.85,27.49,27.01,30.71,28.95,26.41,28.64,26.49,26.84,25.42,24.27,25.55,25.94,26.3,25.6,25.63,25.43,25.93,25.8,25.86,26.82,26.04,25.75,26.25,26.72,26.59,26.35,26.34,26.96,26.92,26.8,26.3,26.98,26.0,28.14,29.37,30.78,26.36,25.55,26.05,26.31,25.52,24.15,24.17,25.0,26.13,25.26,25.62,25.87,25.88,25.59,26.18,25.89,26.34,26.09,25.47,26.26,26.74,25.6,26.41,25.93,26.61,25.9,26.46,26.08,26.61,25.57,26.23,28.29,28.0,26.59,26.34,26.18,25.42,25.39,25.18,25.59,25.53,25.86,24.6,25.85,25.95,25.88,25.65,26.39,26.32,26.41,26.06,26.29,26.3,25.94,26.05,26.39,26.06,26.29,26.83,26.55,27.07,26.63,26.68,28.35,26.8,25.54,24.7,25.24,25.01,25.46,25.17,24.96,25.5,24.94,25.85,25.88,25.7,25.19,26.52,25.9,26.15,25.92,25.99,26.46,26.55,25.69,26.23,26.44,26.53,26.37,26.21,26.69,27.04,26.39,25.88,26.68,25.85,25.62,25.9,25.59,25.02,24.85,24.76,25.44,25.69,25.39,25.95,25.64,25.43,25.58,26.56,27.01,26.34,25.8,25.63,26.11,26.49,26.19,26.23,26.91,26.0,26.99,26.34,27.25,26.27,27.17,27.06,28.08,26.65,25.3,24.73,25.2,25.63,25.09,24.91,25.39,26.05,25.69,25.42,25.56,25.93,27.15,29.43,28.48,26.31,25.59,26.49,25.97,27.06,26.57,26.67,26.35,26.63,26.04,26.86,27.27,27.02,26.35,26.75,26.6,26.53,26.31,25.36,25.47,25.37,25.23,25.82,25.34,25.54,26.18,25.92,26.47,26.69,27.6,30.33,29.06,26.6,26.07,25.93,26.36,26.2,26.75,25.85,27.25,26.97,27.0,26.52,26.96,26.7,26.71,26.29,27.86,26.9,26.23,26.15,25.39,25.6,25.6,25.33,25.6,26.29,25.42,25.98,25.81,26.86,28.19,30.47,30.01,26.76,25.71,25.75,26.18,26.09,26.15,26.54,26.62,26.87,26.4,26.36,26.34,27.07,25.9,27.19,27.87,27.41,25.81,25.32,25.43,25.88,25.74,25.36,26.17,26.14,26.03,25.98,26.21,26.33,27.45,30.12,30.32,26.86,26.22,26.37,26.36,26.09,26.91,26.55,26.99,26.77,26.78,26.37,27.14,26.61,26.69,27.93,27.93,26.94,26.22,25.59,25.62,26.1,25.42,25.71,25.47,25.62,25.5,25.95,26.17,25.58,26.23,28.87,28.67,27.01,26.14,26.03,25.84,26.16,25.85,26.63,26.76,26.94,26.51,26.88,27.05,26.98,26.06,26.89,27.57,27.04,26.06,25.87,25.67,25.69,25.94,25.92,26.29,26.34,26.12,25.71,26.12,26.32,26.4,28.35,28.35,27.29,26.81,26.46,26.92,26.32,26.81,26.23,26.98,26.93,26.88,26.76,26.86,26.96,27.52,26.94,27.64,26.47,25.96,25.72,25.66,25.91,26.14,25.6,26.22,25.82,25.36,26.18,25.63,26.18,26.6,28.73,28.89,26.71,26.46,26.13,26.17,26.12,26.34,25.92,26.45,27.05,27.14,26.3,26.79,27.02,26.47,28.07,26.9,26.68,26.76,26.13,25.85,25.17,25.9,25.4,26.08,25.37,25.57,25.71,25.74,26.35,28.41,29.63,29.76,26.55,26.23,26.43,26.41,26.18,25.7,26.05,26.4,26.44,26.84,26.63,27.06,27.52,27.04,26.95,27.9,26.41,26.19,25.64,25.59,25.97,26.14,25.97,26.29,26.2,25.88,26.34,26.27,26.76,28.51,30.29,29.39,26.31,26.19,26.23,26.04,25.9,25.75,26.24,26.19,26.77,26.56,26.85,27.2,27.48,27.21,28.03,27.34,26.62,26.11,25.46,26.02,26.27,25.78,25.53,26.5,25.71,25.99,25.77,25.94,27.41,29.5,30.63,29.25,26.24,26.15,26.45,26.57,25.88,26.2,26.27,26.69,26.62,26.92,26.61,26.64,27.36,27.94,26.65,27.86,26.65,25.6,25.45,26.04,26.17,25.94,25.93,25.63,26.42,25.93,25.75,25.65,27.38,28.47,28.89,27.69,25.72,26.16,26.44,26.58,26.43,26.01,26.2,26.91,26.84,26.3,26.1,26.72,26.7,26.66,27.37,27.38,27.92,27.01,25.7,26.26,26.56,26.13,25.85,26.4,26.02,26.23,26.14,26.69,26.82,27.98,27.93,26.94,26.1,26.31,26.03,26.5,26.61,26.27,26.55,26.83,25.86,26.85,26.85,27.65,26.99,27.51,26.88,28.47,27.43,25.6,26.47,25.41,26.3,26.01,25.54,25.8,25.42,25.47,26.29,25.97,26.23,26.21,26.88,26.04,26.0,25.44,25.95,26.05,25.89,26.45,26.69,26.1,26.81,25.92,26.51,26.47,27.63,26.15,27.09,27.84,26.57,26.55,25.63,25.41,26.14,26.08,26.25,26.06,26.53,25.96,25.77,26.23,26.16,25.71,25.79,26.64,25.83,26.44,26.25,26.45,25.92,26.79,26.02,26.6,26.67,26.59,26.7,27.29,26.52,27.67,26.96,28.12,27.88,25.39,26.8,25.47,25.87,25.27,26.38,26.36,26.09,25.87,25.6,26.03,25.92,25.45,26.08,26.05,25.95,25.63,26.13,26.27,26.81,26.41,26.87,26.31,26.49,26.13,27.02,26.49,27.63,27.44,28.76,27.42,26.35,26.63,25.72,25.41,25.3,26.34,26.02,26.58,26.47,26.3,25.71,25.91,25.85,26.04,25.9,26.09,26.38,25.93,25.88,26.79,26.09,26.45,26.73,26.23,26.54,26.66,26.39,27.27,27.42,27.34,27.08,28.67,27.04,26.44,26.32,25.88,25.28,25.7,25.42,25.25,26.11,25.84,25.59,25.46,26.47,25.31,25.98,25.81,25.99,25.89,26.27,25.8,26.58,26.18,25.88,26.33,25.47,25.09,25.95,25.89,27.19,26.83,28.49,27.81,26.24,26.42,26.04,27.51,25.45,24.76,25.95,26.35,26.46,26.55,25.76,25.45,24.97,25.34,25.64,25.61,25.56,25.93,25.62,26.68,25.79,26.09,26.75,25.87,26.47,26.12,25.38,26.48,26.22,26.71,28.78,29.26
2020-06-29 16:09:29.8990,0,26.85,26.98,25.45,25.51,24.58,23.51,24.18,25.24,25.95,25.77,25.64,26.74,26.09,25.93,26.26,26.64,26.38,26.28,26.46,26.52,26.26,25.85,25.98,27.2,25.86,26.83,27.44,27.19,26.54,27.25,28.44,32.73,27.17,26.28,26.9,26.84,25.2,24.63,25.35,26.26,25.07,25.6,26.02,25.71,25.36,25.8,26.61,26.3,25.75,26.27,26.61,26.18,26.14,26.49,27.32,26.36,26.89,27.29,27.5,26.98,27.2,27.66,29.74,28.5,26.35,26.96,25.85,27.23,24.67,24.95,24.95,25.71,25.31,25.63,25.1,25.58,25.77,26.05,25.58,26.34,26.11,26.41,25.72,26.1,26.0,25.94,26.15,26.58,26.04,26.6,25.81,27.55,26.26,26.87,26.23,28.93,26.96,26.58,26.49,25.44,25.38,24.58,25.59,25.01,24.69,25.34,25.71,25.85,25.56,25.76,25.74,26.16,25.94,26.3,26.26,26.29,25.18,26.19,26.28,26.4,25.89,26.0,26.64,26.06,26.86,26.82,27.12,27.49,26.17,25.5,25.06,25.2,24.86,25.12,24.32,25.06,26.14,25.16,25.73,25.5,25.15,25.05,26.41,26.86,25.82,26.33,25.89,26.54,26.1,25.77,25.39,26.53,26.53,25.8,26.21,26.8,26.88,26.52,27.09,27.96,26.22,26.21,25.51,25.59,24.98,25.0,25.69,24.65,25.53,25.15,25.8,25.87,25.61,26.01,26.53,26.27,25.57,25.8,26.35,25.78,26.12,26.53,26.79,26.19,26.48,26.47,26.73,25.77,26.23,27.17,27.4,27.47,26.27,25.63,24.9,25.16,25.49,25.33,25.83,25.48,25.34,25.43,25.98,25.53,25.83,27.12,29.04,28.35,25.61,26.17,26.29,26.97,26.0,25.79,26.34,27.02,26.87,26.38,26.73,26.67,27.17,26.63,26.22,26.93,25.56,26.31,25.64,25.15,25.34,25.64,25.91,25.22,25.74,25.62,26.1,25.72,26.35,28.09,30.78,28.87,26.18,25.87,26.49,25.86,26.48,26.23,26.47,26.8,26.23,26.51,27.14,27.24,26.36,26.25,27.46,26.59,25.82,26.02,24.89,25.51,26.01,25.16,25.2,25.94,25.17,25.5,25.98,26.5,26.48,28.34,30.38,29.8,26.29,25.68,26.14,26.05,25.99,26.62,26.33,26.69,25.97,27.07,27.0,26.57,26.5,26.76,27.19,27.66,26.14,25.46,25.75,25.12,25.44,25.08,26.05,25.09,25.89,25.6,26.36,25.91,26.02,26.98,30.0,29.96,26.65,26.04,25.96,26.36,26.05,26.72,26.82,26.78,25.95,26.55,26.72,27.01,26.15,27.13,27.57,27.42,25.89,25.67,26.06,26.65,25.18,25.26,25.23,25.79,25.62,25.26,25.25,25.94,25.49,26.29,29.15,29.18,26.48,26.11,25.84,26.38,26.16,26.41,26.74,27.15,26.72,26.13,26.14,26.76,26.56,26.87,27.37,28.35,26.3,25.04,26.6,25.22,25.13,25.29,26.12,25.83,25.66,25.81,26.26,25.63,26.0,26.22,28.32,28.45,26.81,26.36,26.24,26.26,26.0,26.42,26.61,26.77,26.13,26.55,26.48,26.61,26.79,26.83,26.9,27.47,25.61,25.59,25.57,26.21,25.52,25.6,25.36,26.19,25.29,25.43,26.08,26.09,26.09,27.04,28.82,29.03,26.9,25.88,26.41,25.95,25.35,26.02,26.34,26.42,26.28,26.19,26.8,27.38,27.02,26.86,26.93,27.69,26.3,26.6,26.24,25.4,25.39,25.14,25.96,25.27,25.34,25.99,26.18,25.84,26.22,27.77,29.87,29.77,26.61,26.32,26.85,26.23,25.77,26.09,26.52,26.72,26.3,26.61,27.34,26.93,26.79,27.18,27.89,27.4,25.7,25.81,25.02,25.1,25.7,25.73,25.5,26.26,25.24,25.85,25.84,26.84,27.05,28.39,30.29,29.81,26.04,26.06,26.14,26.48,26.1,26.02,25.73,27.01,26.66,26.53,26.21,26.91,27.62,27.17,26.71,27.63,25.51,26.28,26.49,26.47,25.3,25.91,26.45,26.04,25.78,25.36,25.94,26.35,27.47,28.58,30.69,29.44,26.02,25.5,26.79,26.29,25.55,26.2,26.34,26.48,26.36,26.22,27.09,26.77,27.04,26.93,27.93,27.53,26.65,26.44,26.09,26.31,25.9,25.37,25.43,26.08,25.52,25.79,25.75,26.35,26.99,28.15,29.08,28.23,25.82,25.83,26.54,26.45,26.03,26.28,26.53,26.33,26.49,26.39,26.11,27.63,26.41,27.22,27.03,26.99,27.7,25.77,25.82,25.32,25.42,25.45,26.31,25.91,25.99,26.01,26.21,26.17,26.59,27.89,28.19,27.05,25.58,26.21,26.49,26.31,26.57,26.48,26.73,26.61,26.18,26.49,27.21,26.28,26.52,26.91,27.53,28.3,26.1,26.3,24.8,25.7,25.29,24.99,26.2,26.29,25.78,26.02,25.96,26.38,26.65,26.49,26.58,26.62,25.9,26.02,25.96,26.64,26.0,26.2,26.34,26.88,26.81,26.27,25.94,26.86,27.48,26.42,27.45,27.61,25.18,25.61,25.59,25.24,25.96,26.22,26.74,26.19,25.9,26.43,26.41,26.01,25.6,26.45,26.38,26.33,25.79,26.23,26.53,25.82,26.31,26.57,26.1,26.13,26.51,26.46,27.08,27.3,26.63,27.2,27.1,28.49,26.03,24.95,25.89,24.91,25.55,26.15,25.95,26.18,25.45,26.09,25.24,25.88,25.12,25.41,26.08,26.68,26.07,25.49,26.02,26.35,26.12,26.14,26.37,26.77,25.69,25.69,26.72,26.92,26.65,27.4,27.79,28.18,26.3,26.22,26.23,25.05,24.62,25.72,26.55,26.3,25.25,26.04,25.42,25.66,25.36,25.24,26.65,26.21,26.01,26.27,26.42,25.74,26.17,26.21,27.08,26.61,26.1,26.1,26.35,26.96,26.72,26.99,27.44,28.67,26.54,26.18,25.53,27.19,25.79,25.83,25.73,26.29,25.83,25.81,25.59,25.81,25.84,25.4,25.49,25.89,25.51,25.61,25.78,26.14,25.94,26.15,25.88,26.72,25.91,25.36,24.46,24.99,26.12,26.42,28.02,29.17,25.61,27.37,26.39,25.53,25.23,25.1,25.91,25.88,25.57,25.7,26.53,25.58,24.93,25.22,25.85,25.86,26.01,25.06,26.09,25.77,26.01,26.23,26.43,26.31,25.69,25.66,26.67,26.48,26.9,26.7,28.73,27.27
2020-06-29 16:09:30.0277,0,24.87,25.73,26.48,26.65,23.81,24.45,24.19,25.41,26.11,25.77,25.94,26.31,25.41,26.48,25.86,25.69,25.32,26.94,26.74,26.25,25.99,26.43,26.29,26.74,26.36,26.67,27.44,27.2,27.26,27.25,29.0,29.51,28.79,24.91,26.45,26.21,24.65,24.1,24.51,24.63,25.98,25.46,25.17,25.99,25.77,25.54,26.22,26.05,26.65,25.76,26.08,26.32,26.29,25.8,26.01,26.21,26.58,25.34,26.08,26.8,28.44,26.71,30.17,27.34,25.77,26.24,25.66,25.89,25.01,24.95,24.49,25.57,24.89,24.96,25.76,25.58,25.53,25.56,25.58,25.74,25.64,26.06,26.09,26.35,26.01,26.2,25.74,26.31,25.9,26.46,25.98,26.55,27.15,25.92,26.51,26.82,25.96,25.49,25.92,26.0,25.06,24.42,24.7,25.01,24.56,24.41,24.95,25.36,25.45,25.41,25.97,25.7,26.52,26.07,25.8,26.29,26.39,26.19,25.63,25.73,26.59,25.43,26.64,26.56,25.83,25.9,27.12,27.77,25.54,25.9,25.25,25.38,25.02,25.42,24.61,25.75,25.26,25.16,26.1,25.38,25.37,25.5,25.64,26.1,25.61,26.11,26.11,26.1,26.45,26.01,25.88,26.04,26.27,26.75,25.48,26.35,26.07,26.19,26.89,27.3,26.83,25.63,26.56,25.42,24.99,24.26,25.42,24.92,25.29,24.78,25.58,25.88,25.51,25.58,25.88,26.38,25.79,25.49,25.92,26.01,26.24,25.41,26.32,26.07,26.36,26.87,26.16,26.81,26.07,26.18,26.64,27.27,25.7,26.74,25.07,24.84,25.35,25.48,26.22,25.87,25.46,25.67,25.54,25.2,26.05,27.33,28.64,28.45,26.32,25.67,25.89,26.36,26.11,26.55,26.23,26.56,26.39,26.76,26.06,26.96,26.11,26.94,25.86,27.31,26.13,26.13,25.0,25.47,25.48,24.54,25.28,25.86,25.16,25.29,25.57,25.83,26.86,27.7,30.21,29.55,26.19,26.08,26.1,26.17,26.69,26.13,26.26,26.58,26.83,26.15,26.23,26.41,26.96,26.1,26.25,26.77,26.72,26.03,25.52,25.98,25.19,25.7,25.58,25.08,25.51,25.5,25.78,25.89,26.58,28.35,30.75,29.9,26.01,25.87,26.34,26.54,26.09,26.52,26.23,26.7,25.97,27.2,27.14,26.58,26.22,27.2,27.2,26.62,26.67,25.47,25.29,25.89,25.44,25.35,25.45,25.46,25.56,25.17,25.85,25.71,26.02,27.27,29.83,29.42,26.65,25.76,26.62,26.27,25.96,26.03,26.52,27.21,26.4,26.44,26.97,26.62,26.72,26.55,26.75,27.26,26.95,26.02,25.44,25.9,25.45,25.0,25.95,25.56,25.63,25.79,25.56,25.84,25.4,26.48,29.24,29.18,26.66,25.75,25.94,26.1,26.07,26.22,26.33,26.63,26.62,26.59,26.76,26.25,26.85,26.31,27.05,27.7,26.83,25.73,26.6,25.83,25.66,25.17,25.42,25.95,25.35,25.4,25.18,25.63,25.82,26.69,28.06,28.45,26.54,25.73,26.16,25.8,26.39,26.14,26.72,26.67,26.68,26.44,25.62,26.35,26.66,26.97,26.58,26.82,26.13,25.76,25.57,25.92,25.13,25.6,25.73,25.96,25.3,25.23,25.39,26.1,25.53,27.33,28.83,29.13,26.63,26.44,26.05,25.77,25.75,26.12,26.45,26.83,26.73,26.99,26.43,26.5,27.03,27.01,27.75,26.53,26.13,25.92,26.39,25.56,25.0,25.4,25.49,25.63,25.98,25.89,26.08,25.84,26.41,27.4,29.52,29.68,26.52,26.05,26.12,26.23,25.87,25.41,25.91,26.31,26.97,25.93,26.35,26.94,28.04,27.19,27.24,26.91,26.23,25.81,25.96,26.3,25.3,25.99,25.74,26.03,25.14,25.75,25.74,26.04,26.68,28.58,30.66,30.45,26.6,25.97,26.62,25.91,26.01,26.13,25.94,26.16,26.55,26.53,26.6,26.78,27.49,27.03,27.38,27.3,26.58,26.11,25.57,25.27,26.1,25.39,25.74,25.8,25.89,25.57,26.15,25.94,27.67,28.77,30.34,28.89,26.49,25.88,26.13,26.29,25.86,26.01,26.24,26.59,26.48,26.7,26.71,27.04,27.05,27.37,27.28,26.85,26.66,26.62,25.62,26.62,25.35,25.37,24.94,26.33,25.97,26.02,25.76,25.94,26.8,28.44,28.9,28.43,25.83,25.64,25.96,26.65,25.73,25.88,26.86,26.66,26.61,26.51,26.11,26.83,26.56,27.23,27.72,27.34,27.7,25.42,25.17,25.64,25.7,26.0,25.81,25.92,25.77,25.68,26.11,26.07,26.69,27.5,27.9,27.05,25.88,26.41,26.3,26.21,26.58,26.38,26.63,26.29,26.18,26.74,27.22,26.56,27.11,26.46,27.7,27.09,27.24,25.19,25.64,26.03,25.3,25.98,25.68,25.77,25.66,26.14,25.4,26.5,26.13,26.7,26.28,26.32,25.8,26.33,26.27,26.54,26.33,26.74,26.81,26.77,25.83,26.15,26.23,26.87,26.25,27.05,27.63,27.8,26.15,25.62,24.39,25.24,26.25,25.66,26.22,25.93,25.54,25.85,25.74,25.57,26.24,26.03,26.28,25.82,25.8,26.03,26.01,26.03,25.89,25.8,25.99,26.26,26.39,25.95,26.24,26.28,26.95,26.73,28.01,27.74,24.77,25.15,25.53,25.78,25.87,26.46,25.82,26.47,25.97,25.58,25.25,26.36,25.58,25.3,26.2,26.24,26.07,25.71,26.02,25.9,26.0,26.38,26.13,26.78,26.23,26.78,26.12,26.61,25.49,27.57,28.19,28.18,26.09,26.02,25.86,25.76,25.1,25.25,25.98,26.3,25.52,25.53,25.55,25.42,25.59,25.48,25.87,26.1,26.35,25.71,26.31,26.56,26.89,25.37,26.57,25.84,25.83,25.97,26.2,26.01,27.55,26.82,27.04,29.1,26.29,25.96,25.73,25.84,25.28,25.5,25.42,25.68,24.57,25.81,25.19,25.82,25.33,25.53,25.62,25.65,26.0,25.98,25.53,26.27,25.81,26.41,25.2,26.15,24.88,25.66,25.79,26.02,25.39,26.61,28.02,29.17,27.85,25.93,26.99,26.32,25.92,24.76,25.91,26.51,26.14,25.56,25.59,25.04,25.72,25.22,25.85,25.74,26.51,25.81,26.22,26.55,26.01,25.69,26.44,26.45,25.84,24.89,25.34,25.61,27.09,26.13,27.67,28.26
2020-06-29 16:09:30.1548,0,26.19,25.6,26.08,25.63,24.63,24.9,25.08,24.96,26.58,25.2,25.79,25.77,26.78,26.1,25.99,26.26,25.97,25.38,26.04,26.27,26.55,25.6,26.29,27.24,27.35,26.39,26.56,26.7,28.06,28.27,25.95,28.06,25.4,28.15,25.44,25.42,24.17,24.84,24.22,24.97,25.11,26.19,25.62,25.85,26.32,25.92,26.37,25.5,26.03,25.48,26.64,26.44,25.63,26.48,26.19,25.91,27.09,26.98,26.15,26.1,27.3,28.69,28.76,27.74,26.49,26.13,24.71,26.55,24.86,24.34,25.11,25.3,25.86,25.39,25.48,25.47,26.35,25.94,25.68,26.47,25.97,25.83,26.07,26.24,26.48,25.58,25.73,26.2,26.33,26.79,26.64,26.1,27.18,26.0,27.75,27.4,26.6,26.0,26.0,25.1,25.6,25.72,25.18,25.59,25.25,24.93,25.6,25.71,25.22,26.1,25.63,25.79,26.29,26.51,26.39,25.91,26.04,25.43,26.3,26.25,26.76,26.29,26.53,26.24,26.75,27.03,25.56,28.19,26.45,25.99,25.28,25.09,25.64,25.16,25.17,24.68,24.98,24.92,25.12,25.86,25.89,25.72,26.05,26.21,25.79,25.89,25.75,25.65,26.65,25.78,26.58,26.18,26.66,26.23,25.63,26.69,27.06,26.92,26.95,26.29,25.08,25.48,25.22,24.93,24.72,25.6,25.3,24.9,25.3,25.13,25.47,25.62,25.5,26.31,25.66,26.34,26.21,26.09,25.92,25.97,26.57,25.83,26.21,26.29,26.37,26.72,26.19,26.22,25.96,26.86,26.91,27.32,26.13,25.15,25.26,25.21,25.78,25.36,25.17,25.37,25.56,25.44,25.18,25.42,26.42,26.81,28.7,28.15,26.47,25.55,26.15,26.04,26.29,26.11,26.09,26.33,26.73,26.53,26.19,26.42,26.88,26.67,26.79,27.19,26.38,26.89,24.89,25.48,25.09,25.5,24.91,25.58,25.64,25.03,25.25,25.36,25.94,27.86,30.3,29.22,26.18,25.93,26.08,26.23,26.16,26.09,26.36,26.44,26.36,26.49,26.64,26.4,26.55,26.72,27.7,27.89,26.76,25.04,26.01,25.24,25.04,25.59,25.56,25.83,26.15,25.61,25.11,25.88,26.73,28.24,30.43,30.25,27.1,25.38,25.61,26.72,26.35,26.11,26.3,26.7,25.94,26.02,26.86,26.73,26.93,26.2,26.88,26.85,26.38,26.85,24.86,25.13,25.87,26.13,25.82,25.91,25.34,25.35,26.15,25.56,26.29,27.41,29.99,29.92,27.01,26.18,26.04,26.03,26.14,26.78,26.51,26.53,26.18,26.88,26.61,26.35,26.61,27.13,25.8,27.62,26.8,26.41,25.29,26.09,25.7,25.41,25.69,26.15,25.59,25.68,25.81,25.73,25.54,26.75,28.47,28.53,26.52,26.0,25.89,25.99,26.41,26.59,26.29,26.3,27.14,26.37,26.86,27.16,26.42,26.48,26.91,27.42,27.41,26.76,26.03,25.08,25.8,26.05,25.66,25.69,25.77,25.36,25.56,25.88,25.71,26.82,28.49,28.49,26.79,26.41,26.51,26.6,25.9,26.09,26.4,26.63,26.24,26.74,26.62,26.59,27.5,26.54,27.43,26.83,26.5,25.31,25.42,25.36,26.03,25.36,25.58,25.74,26.22,25.84,25.55,25.79,26.52,27.22,28.6,28.84,27.12,26.05,25.81,25.66,25.89,25.91,25.68,26.72,26.92,26.54,26.66,26.39,27.3,27.04,27.28,27.42,26.02,27.12,26.13,24.96,26.19,25.13,25.74,25.36,25.23,25.22,25.27,25.99,25.93,27.63,29.68,29.54,26.87,26.09,26.01,26.0,25.47,26.05,26.01,26.16,26.42,26.36,26.49,26.28,26.96,26.33,26.64,27.09,26.26,25.53,25.81,24.84,26.36,25.36,25.96,25.8,25.53,25.53,25.8,26.34,26.82,28.47,30.7,29.71,26.36,26.14,26.28,25.71,26.16,26.21,26.01,25.94,26.07,25.84,26.84,26.67,27.2,27.64,27.23,26.51,25.94,25.79,25.92,25.88,25.72,26.02,25.39,26.01,26.1,26.07,25.93,26.0,26.99,29.19,30.05,29.21,25.82,25.92,26.02,25.76,25.94,26.36,26.23,26.76,26.7,26.78,26.34,26.89,26.65,26.5,26.84,27.72,27.05,26.33,25.63,26.36,26.17,25.79,25.79,25.48,26.28,25.47,26.47,26.25,27.05,28.05,29.04,27.84,26.45,25.24,26.21,26.24,26.71,26.07,26.72,26.66,26.47,26.04,26.23,26.3,27.44,26.21,27.57,27.05,27.23,26.51,25.22,25.49,25.45,26.25,25.7,25.77,26.0,26.09,26.74,25.92,26.58,28.24,27.41,26.91,25.67,25.97,26.19,26.17,26.47,26.54,26.19,26.69,26.19,26.59,26.44,26.41,26.99,26.92,27.59,26.76,27.09,25.82,25.99,25.75,26.02,26.15,25.93,26.18,25.99,26.14,25.7,26.05,26.3,26.49,26.44,26.31,26.17,26.32,26.13,26.53,26.29,25.87,25.63,26.78,26.3,26.16,26.51,26.9,27.18,26.63,26.94,28.42,26.8,25.84,25.98,25.42,25.85,25.65,25.97,25.78,25.43,25.94,26.19,25.98,25.81,26.42,25.96,26.09,26.61,25.99,26.0,26.31,25.88,26.1,26.57,26.58,26.53,26.45,26.97,26.43,26.52,27.37,27.53,27.97,26.5,26.23,25.74,25.5,26.35,25.58,25.81,26.63,26.2,25.6,25.34,26.01,26.0,26.2,26.05,25.9,26.7,25.71,25.99,26.02,26.67,26.38,26.36,26.16,26.75,26.53,26.58,26.81,27.0,27.63,27.06,29.07,25.33,26.67,25.18,24.72,24.98,25.88,26.43,25.15,25.01,25.77,25.19,25.15,25.59,25.79,25.98,25.95,26.35,25.79,26.42,25.83,26.3,26.07,25.69,26.34,26.53,26.37,26.4,25.86,26.61,27.19,27.13,27.65,27.13,26.51,25.78,25.33,25.13,26.05,26.21,26.34,25.41,25.97,25.18,25.7,25.69,25.29,24.86,26.28,25.97,25.75,26.13,25.78,26.44,25.77,25.87,26.89,26.35,25.4,26.14,26.08,27.22,26.12,27.87,27.92,25.2,26.73,26.27,25.17,25.81,25.8,25.79,25.41,24.88,26.96,26.15,25.84,25.21,25.45,25.36,25.33,25.41,25.41,25.59,25.5,26.41,26.21,25.62,26.3,25.87,26.27,25.05,26.15,25.51,27.89,28.08,28.09
2020-06-29 16:09:30.2830,0,23.21,26.41,24.8,24.45,24.26,23.94,25.79,24.24,25.98,25.78,25.07,25.02,25.97,25.53,26.14,25.28,26.91,25.48,25.78,25.41,25.43,26.43,26.31,26.59,26.88,26.7,27.13,26.09,26.65,27.1,28.29,27.35,26.19,25.8,24.73,26.08,24.14,24.68,24.7,24.82,25.09,25.18,25.45,25.17,25.5,25.54,25.95,25.65,26.51,25.5,25.54,25.79,26.01,26.5,25.72,25.78,26.13,26.68,26.65,26.85,26.44,26.57,30.02,28.35,26.51,25.85,25.33,25.55,25.05,24.31,24.05,24.52,25.04,24.82,24.84,25.18,25.4,25.18,25.21,25.96,26.58,26.28,26.08,25.72,25.88,25.3,26.16,25.62,26.2,26.32,26.17,25.73,26.85,26.92,26.1,26.3,26.82,25.36,25.01,24.36,25.41,23.64,24.56,24.44,24.41,25.61,24.94,25.1,25.07,25.64,25.72,25.69,25.81,25.71,25.66,25.93,25.89,26.19,24.82,26.54,25.76,26.16,25.87,26.26,26.72,25.96,27.21,27.93,24.98,26.36,24.94,24.35,25.51,23.91,25.05,24.65,25.51,24.9,25.25,24.65,25.58,25.25,25.85,25.74,25.81,25.76,25.65,24.94,26.09,26.33,25.63,26.02,26.27,26.07,25.2,25.29,25.94,26.72,27.16,26.04,25.05,25.89,25.01,25.12,24.54,25.17,24.58,25.45,25.03,25.02,25.55,25.17,25.26,25.46,25.96,25.83,25.97,25.57,25.35,26.1,25.99,25.51,25.95,26.18,26.09,26.48,25.59,27.27,27.2,26.71,25.72,26.94,25.96,25.49,24.1,24.36,24.78,25.48,24.26,24.83,25.45,25.3,25.3,25.06,25.92,27.09,28.72,27.42,25.99,25.83,25.76,25.7,26.41,26.52,25.77,25.84,26.63,26.63,26.34,25.54,26.9,27.12,25.91,26.04,25.79,26.18,24.69,24.54,25.34,24.69,25.14,25.09,25.96,25.73,25.75,25.6,26.02,27.78,29.98,29.33,25.66,25.75,25.96,26.14,25.3,26.73,26.01,26.11,25.75,26.39,26.09,26.14,25.92,27.2,26.11,27.01,26.23,25.54,24.76,25.53,25.61,25.29,24.96,24.94,25.83,25.47,25.23,25.54,26.74,27.84,29.81,29.49,26.46,26.12,26.4,26.21,26.26,26.29,26.0,25.9,26.07,26.59,26.75,26.44,26.81,26.62,26.9,26.65,26.0,26.02,24.83,25.3,25.3,25.22,24.94,25.93,25.53,25.8,25.19,25.27,26.07,26.95,29.88,29.93,26.8,25.91,25.83,25.76,25.83,26.5,25.96,26.01,25.7,26.08,26.83,26.36,26.16,27.15,25.94,27.13,26.47,26.39,25.31,24.99,25.45,25.51,24.99,25.07,25.61,25.55,25.23,25.2,25.66,26.53,28.58,28.6,26.45,26.25,26.19,25.39,25.75,25.69,25.79,26.17,26.49,26.34,26.02,26.11,26.16,26.59,26.44,25.71,25.64,26.11,25.07,25.25,25.12,25.43,24.8,25.36,25.53,25.38,25.64,25.6,25.4,25.91,28.28,27.78,26.59,26.06,26.02,26.14,26.06,26.3,25.35,26.43,26.43,26.31,25.85,26.74,26.24,27.26,26.28,26.52,25.31,25.96,25.14,25.48,25.52,25.72,25.12,25.13,25.49,25.3,25.16,25.27,26.16,27.28,28.52,28.37,27.05,26.21,26.1,25.82,26.0,25.2,25.49,25.87,26.16,26.86,25.92,26.24,26.76,26.3,27.13,26.89,26.16,25.96,25.2,25.72,25.25,26.28,25.47,25.26,25.31,25.66,25.44,25.52,26.18,27.46,29.83,29.38,26.57,25.64,25.99,26.11,25.25,26.26,25.98,25.66,25.84,26.6,26.09,26.68,27.07,26.49,26.78,26.61,25.75,24.8,25.05,25.11,25.58,25.72,25.25,25.3,25.76,25.5,25.51,25.7,26.84,28.44,30.53,29.6,26.28,25.93,25.82,25.87,25.68,25.29,25.61,26.45,26.42,26.16,25.71,25.99,27.64,26.75,27.25,25.97,26.08,25.64,24.81,24.38,25.43,26.56,25.12,25.91,25.32,25.34,26.01,25.92,27.15,28.83,29.76,28.95,25.79,25.75,25.8,25.88,25.42,26.18,25.89,26.25,26.68,26.22,26.57,26.52,26.33,26.81,26.81,27.23,26.53,25.95,24.84,25.39,25.78,25.1,26.18,25.33,25.73,25.55,25.52,25.38,26.77,27.92,28.21,27.04,25.7,25.41,25.54,25.92,26.01,26.35,26.19,25.76,26.37,26.25,26.65,26.28,26.43,26.48,26.9,26.5,26.28,26.71,24.21,25.98,24.58,26.14,24.79,25.91,25.28,26.0,25.65,26.05,26.56,27.67,27.38,27.02,25.64,25.7,25.57,25.78,26.03,26.15,26.05,26.49,26.04,26.0,25.73,26.7,26.38,27.09,27.04,28.0,28.05,25.97,24.67,24.74,26.04,27.1,25.94,25.63,25.29,25.3,26.5,25.58,26.31,26.57,26.46,25.46,26.08,25.68,26.25,25.78,25.98,26.17,26.11,26.4,26.2,26.51,26.38,26.3,27.05,25.65,26.78,27.1,24.83,25.48,24.42,25.44,25.82,25.67,25.81,25.8,25.16,25.95,25.71,26.33,26.42,25.8,25.1,26.11,26.07,25.7,25.66,25.9,25.42,26.34,26.08,26.13,26.37,25.69,25.95,26.44,26.18,27.23,26.77,26.85,26.52,26.2,25.21,25.81,25.11,25.4,26.11,26.19,26.22,25.19,25.36,24.9,26.36,25.5,25.4,25.88,25.72,25.9,26.35,25.3,26.23,26.36,26.25,25.25,26.37,25.96,25.23,26.16,26.69,26.75,26.88,28.04,25.72,25.69,25.15,24.92,24.95,25.9,25.4,25.6,26.03,25.66,24.67,25.29,25.8,25.46,26.07,25.74,26.54,25.69,25.47,25.62,25.56,25.97,25.79,25.97,25.28,25.7,25.14,26.36,25.75,26.86,26.69,27.02,27.39,25.81,25.4,25.89,24.81,25.85,25.13,25.38,26.13,25.11,25.6,25.28,25.33,25.14,24.63,25.26,25.75,25.72,25.9,25.37,25.56,26.14,26.03,26.01,25.63,24.91,25.33,24.84,27.06,25.33,27.18,27.03,25.73,26.52,24.82,25.99,24.91,25.31,25.28,25.27,24.85,25.71,24.76,25.04,25.18,25.22,24.82,25.1,25.75,25.8,25.3,25.91,26.0,26.1,25.59,26.61,24.94,25.83,24.68,25.48,26.03,26.57,27.24,27.46
2020-06-29 16:09:30.4113,0,26.86,26.56,25.71,24.83,24.2,23.89,24.18,25.24,26.1,25.31,25.35,25.59,25.4,26.07,26.67,26.5,26.38,25.75,25.49,25.97,26.12,26.14,26.44,26.58,26.52,25.99,27.07,26.81,27.02,26.96,30.14,28.85,26.76,27.64,25.55,26.0,24.28,23.92,25.01,25.61,24.92,26.05,25.16,26.27,25.37,26.2,25.3,26.57,26.14,25.76,25.54,26.05,26.15,26.07,26.3,26.66,26.11,27.13,26.26,26.44,27.21,26.23,26.25,26.19,26.36,26.72,25.26,24.92,25.35,23.95,25.1,25.26,25.86,25.36,25.63